-0.402  0.305  0.252
-0.431  0.279  0.223
-0.416  0.280  0.197
-0.433  0.269  0.176
-0.412  0.253  0.167
-0.432  0.270  0.191
-0.426  0.255  0.148
-0.460  0.267  0.129
-0.487  0.223  0.043
-0.527  0.181  0.011
-0.492  0.325  0.181
-0.590  0.164  0.064
-0.599  0.195  0.082
-0.536  0.195  0.055
-0.517  0.189  0.088
-0.494  0.293  0.190
-0.541  0.169  0.103
-0.543  0.164  0.094
-0.562  0.129  0.050
-0.539  0.166  0.133
-0.515  0.153  0.106
-0.488  0.201  0.192
-0.475  0.231  0.229
-0.482  0.218  0.225
-0.486  0.228  0.240
-0.406  0.404  0.360
-0.409  0.312  0.298
-0.408  0.330  0.333
-0.390  0.297  0.273
-0.387  0.275  0.212
-0.391  0.251  0.200
-0.350  0.274  0.254
-0.323  0.349  0.360
-0.349  0.256  0.309
-0.337  0.243  0.333
-0.337  0.266  0.359
-0.394  0.247  0.288
-0.390  0.239  0.254
-0.356  0.294  0.292
-0.305  0.331  0.323
-0.376  0.276  0.282
-0.333  0.318  0.294
-0.369  0.287  0.310
-0.422  0.273  0.339
-0.402  0.267  0.342
-0.447  0.249  0.340
-0.412  0.282  0.320
-0.410  0.264  0.295
-0.392  0.271  0.284
-0.342  0.327  0.285
-0.429  0.254  0.254
-0.443  0.222  0.250
-0.457  0.214  0.247
-0.446  0.236  0.284
-0.454  0.224  0.254
-0.425  0.251  0.297
-0.408  0.241  0.288
-0.508  0.165  0.259
-0.516  0.159  0.273
-0.490  0.196  0.310
-0.463  0.240  0.334
-0.416  0.296  0.388
-0.370  0.258  0.378
-0.359  0.265  0.313
-0.348  0.264  0.257
-0.331  0.299  0.344
-0.358  0.243  0.307
-0.310  0.264  0.291
-0.206  0.463  0.416
-0.264  0.270  0.253
-0.260  0.273  0.248
-0.269  0.247  0.246
-0.328  0.217  0.289
-0.319  0.188  0.286
-0.322  0.192  0.300
-0.318  0.194  0.314
-0.311  0.170  0.254
-0.252  0.237  0.397
-0.197  0.274  0.399
-0.184  0.296  0.326
-0.194  0.273  0.328
-0.260  0.157  0.250
-0.275  0.150  0.304
-0.253  0.152  0.290
-0.267  0.125  0.255
-0.272  0.119  0.225
-0.248  0.121  0.195
-0.246  0.121  0.181
-0.221  0.037  0.061
-0.215 -0.013  0.025
-0.237 -0.021  0.029
-0.242 -0.028  0.029
-0.218  0.032  0.097
-0.212  0.041  0.111
-0.204  0.066  0.139
-0.204  0.073  0.135
-0.134  0.117  0.152
-0.117  0.200  0.219
-0.142  0.109  0.139
-0.150  0.100  0.155
-0.145  0.132  0.206
-0.181  0.175  0.296
-0.147  0.171  0.291
-0.170  0.143  0.281
-0.115  0.260  0.340
-0.106  0.178  0.307
-0.059  0.205  0.324
-0.084  0.196  0.261
-0.106  0.215  0.249
-0.080  0.209  0.223
-0.054  0.229  0.233
 0.101  0.485  0.426
-0.096  0.195  0.256
-0.138  0.163  0.267
-0.208  0.112  0.256
-0.229  0.112  0.272
-0.053  0.341  0.403
-0.196  0.123  0.229
-0.154  0.150  0.231
-0.127  0.165  0.223
-0.110  0.196  0.238
-0.081  0.206  0.235
-0.068  0.211  0.234
-0.033  0.244  0.246
-0.081  0.215  0.237
-0.081  0.246  0.257
-0.110  0.186  0.213
-0.127  0.168  0.217
-0.203  0.102  0.189
-0.284  0.086  0.236
-0.268  0.045  0.215
-0.313  0.034  0.213
-0.237  0.208  0.311
-0.254  0.071  0.181
-0.192  0.127  0.200
-0.153  0.127  0.225
-0.100  0.151  0.250
-0.097  0.155  0.249
-0.085  0.173  0.240
-0.000  0.342  0.296
-0.157  0.126  0.116
-0.146  0.134  0.049
-0.179  0.078  0.012
-0.194  0.056  0.046
-0.237  0.027  0.054
-0.291 -0.003  0.058
-0.318 -0.030  0.049
-0.298 -0.004  0.047
-0.267  0.023  0.032
-0.258  0.035 -0.000
-0.229  0.066  0.001
-0.207  0.054 -0.045
-0.202  0.057 -0.052
-0.193  0.056 -0.047
-0.211  0.033 -0.062
-0.192  0.048 -0.067
-0.208  0.077 -0.010
-0.143  0.154  0.023
-0.171  0.072 -0.016
-0.207  0.050  0.003
-0.195  0.156  0.104
-0.286 -0.003  0.006
-0.389 -0.036  0.044
-0.152  0.257  0.180
-0.311 -0.014 -0.027
-0.289  0.025 -0.015
-0.260  0.029 -0.026
-0.229  0.061 -0.006
-0.228  0.058 -0.013
-0.217  0.074  0.015
-0.279  0.006 -0.015
-0.323 -0.003  0.010
-0.318 -0.037 -0.025
-0.329 -0.043 -0.001
-0.350 -0.050  0.006
-0.358 -0.059 -0.015
-0.340 -0.044 -0.029
-0.310 -0.016 -0.023
-0.325 -0.041 -0.052
-0.340 -0.025 -0.036
-0.326 -0.045 -0.062
-0.349 -0.032 -0.013
-0.329 -0.030 -0.012
-0.315 -0.031  0.028
-0.332 -0.061  0.029
-0.353 -0.086  0.064
-0.392 -0.133  0.005
-0.423 -0.155 -0.029
-0.411 -0.115  0.003
-0.378 -0.129 -0.037
-0.350 -0.098 -0.026
-0.348 -0.097 -0.038
-0.308 -0.060 -0.032
-0.231  0.114  0.101
-0.295 -0.066 -0.030
-0.298 -0.089 -0.030
-0.341 -0.112 -0.023
-0.391 -0.107  0.024
-0.345 -0.099 -0.008
-0.334 -0.078 -0.011
-0.294 -0.044 -0.009
-0.286 -0.021  0.022
-0.270  0.025  0.061
-0.299 -0.041  0.028
-0.282 -0.020  0.047
-0.280 -0.013  0.030
-0.279  0.028  0.071
-0.247  0.005  0.010
-0.250  0.001  0.004
-0.275 -0.051 -0.002
-0.293 -0.061  0.003
-0.315 -0.048  0.024
-0.348 -0.106 -0.004
-0.360 -0.100  0.023
-0.342 -0.097  0.002
-0.334 -0.088 -0.009
-0.293 -0.076 -0.036
-0.303 -0.064 -0.037
-0.274 -0.002 -0.003
-0.288 -0.060 -0.046
-0.257 -0.069 -0.034
-0.315 -0.091 -0.032
-0.302 -0.073 -0.000
-0.348 -0.104 -0.017
-0.401 -0.099  0.016
-0.375 -0.120 -0.041
-0.369 -0.101 -0.039
-0.364 -0.090 -0.054
-0.342 -0.066 -0.071
-0.194  0.112  0.034
-0.322 -0.051 -0.068
-0.342 -0.061 -0.063
-0.361 -0.095 -0.079
-0.323 -0.050 -0.060
-0.350 -0.059 -0.081
-0.370 -0.020 -0.031
-0.359 -0.056 -0.074
-0.374 -0.055 -0.042
-0.393 -0.072 -0.057
-0.380 -0.063 -0.054
-0.191  0.188  0.112
-0.386 -0.053 -0.018
-0.388 -0.032 -0.014
-0.406 -0.039 -0.045
-0.406 -0.020 -0.022
-0.403 -0.036 -0.070
-0.373 -0.002 -0.063
-0.219  0.270  0.134
-0.404 -0.018 -0.066
-0.420 -0.052 -0.081
-0.446 -0.094 -0.088
-0.468 -0.089 -0.052
-0.468 -0.118 -0.081
-0.482 -0.127 -0.103
-0.373 -0.032 -0.098
-0.444 -0.087 -0.138
-0.432 -0.053 -0.127
-0.449 -0.056 -0.140
-0.428 -0.032 -0.130
-0.465 -0.079 -0.153
-0.500 -0.066 -0.102
-0.463 -0.059 -0.132
-0.455 -0.045 -0.126
-0.455 -0.046 -0.123
-0.458 -0.038 -0.113
-0.444  0.012 -0.065
-0.509 -0.114 -0.143
-0.507 -0.115 -0.127
-0.544 -0.144 -0.137
-0.573 -0.137 -0.107
-0.580 -0.153 -0.132
-0.543 -0.120 -0.120
-0.527 -0.072 -0.095
-0.527 -0.096 -0.122
-0.520 -0.070 -0.100
-0.534 -0.069 -0.097
-0.520 -0.051 -0.092
-0.558 -0.094 -0.107
-0.531 -0.081 -0.080
-0.573 -0.097 -0.099
-0.553 -0.048 -0.060
-0.580 -0.069 -0.086
-0.559 -0.021 -0.043
-0.581 -0.071 -0.086
-0.595 -0.043 -0.045
-0.593 -0.085 -0.080
-0.640 -0.077 -0.045
-0.603 -0.079 -0.068
-0.585 -0.056 -0.060
-0.564 -0.037 -0.055
-0.542 -0.002 -0.038
-0.495  0.148  0.085
-0.561 -0.007 -0.029
-0.568 -0.026 -0.027
-0.600 -0.046 -0.029
-0.580 -0.009  0.039
-0.616 -0.031  0.017
-0.653 -0.019 -0.016
-0.648 -0.041 -0.077
-0.656 -0.046 -0.105
-0.643 -0.051 -0.103
-0.625 -0.017 -0.063
-0.648 -0.062 -0.102
-0.656 -0.065 -0.081
-0.674 -0.106 -0.111
-0.677 -0.106 -0.100
-0.678 -0.107 -0.107
-0.656 -0.077 -0.097
-0.571  0.108  0.042
-0.642 -0.069 -0.089
-0.614 -0.043 -0.077
-0.609 -0.052 -0.069
-0.585 -0.045 -0.058
-0.598 -0.049 -0.070
-0.604 -0.013 -0.024
-0.594 -0.061 -0.079
-0.596 -0.053 -0.063
-0.585 -0.076 -0.084
-0.579 -0.080 -0.083
-0.580 -0.101 -0.083
-0.575 -0.095 -0.077
-0.465  0.106  0.078
-0.546 -0.089 -0.066
-0.516 -0.075 -0.070
-0.512 -0.074 -0.077
-0.491 -0.033 -0.046
-0.512 -0.068 -0.091
-0.511 -0.049 -0.060
-0.495 -0.082 -0.081
-0.500 -0.076 -0.075
-0.514 -0.072 -0.079
-0.494 -0.050 -0.059
-0.429 -0.004 -0.036
-0.496 -0.068 -0.057
-0.493 -0.057 -0.054
-0.529 -0.125 -0.107
-0.502 -0.078 -0.047
-0.524 -0.106 -0.039
-0.501 -0.091  0.033
-0.497 -0.123 -0.050
-0.502 -0.108 -0.099
-0.503 -0.051 -0.093
-0.500 -0.052 -0.046
-0.443  0.009  0.018
-0.441  0.029  0.046
-0.424  0.062  0.084
-0.437  0.004  0.008
-0.450  0.025  0.036
-0.417  0.024  0.024
-0.423  0.006  0.005
-0.436 -0.018  0.004
-0.412  0.019  0.035
-0.333  0.183  0.173
-0.392  0.038  0.085
-0.374  0.046  0.082
-0.403  0.016  0.055
-0.450  0.019  0.066
-0.448 -0.031 -0.006
-0.432 -0.016  0.002
-0.411  0.001  0.047
-0.412 -0.027  0.025
-0.367 -0.008  0.028
-0.391 -0.042 -0.025
-0.446 -0.101 -0.087
-0.453 -0.117 -0.100
-0.467 -0.111 -0.098
-0.482 -0.135 -0.129
-0.471 -0.101 -0.083
-0.268  0.181  0.119
-0.434 -0.061 -0.038
-0.422 -0.035 -0.028
-0.436 -0.054 -0.043
-0.384  0.038  0.034
-0.419 -0.068 -0.040
-0.426 -0.084 -0.075
-0.425 -0.075 -0.055
-0.392 -0.034 -0.024
-0.429 -0.076 -0.057
-0.425 -0.052 -0.020
-0.425 -0.071 -0.058
-0.409 -0.052 -0.043
-0.402 -0.017 -0.008
-0.426 -0.064 -0.039
-0.402 -0.047 -0.024
-0.413 -0.083 -0.060
-0.402 -0.060 -0.035
-0.336  0.006 -0.015
-0.417 -0.052 -0.034
-0.414 -0.036 -0.021
-0.424 -0.064 -0.049
-0.398 -0.059 -0.052
-0.420 -0.076 -0.067
-0.444 -0.049 -0.026
-0.447 -0.077 -0.060
-0.438 -0.053 -0.041
-0.314  0.131  0.085
-0.452 -0.028 -0.005
-0.444 -0.004  0.010
-0.467 -0.037 -0.018
-0.449 -0.032 -0.014
-0.480 -0.072 -0.042
-0.493 -0.049 -0.020
-0.330  0.162  0.109
-0.474 -0.014  0.005
-0.449  0.013  0.026
-0.451  0.005  0.028
-0.453  0.035  0.074
-0.442 -0.002  0.004
-0.446 -0.012 -0.025
-0.436 -0.000 -0.012
-0.471 -0.014 -0.027
-0.452  0.012  0.003
-0.283  0.250  0.163
-0.437  0.017  0.006
-0.426  0.080  0.060
-0.446  0.013  0.009
-0.327  0.224  0.157
-0.448 -0.003  0.001
-0.429  0.025  0.024
-0.437  0.020  0.030
-0.394  0.046  0.040
-0.411  0.011  0.024
-0.426  0.023  0.042
-0.387 -0.013 -0.010
-0.363 -0.009 -0.006
-0.381  0.038  0.027
-0.432 -0.024 -0.002
-0.385  0.011  0.040
-0.441 -0.019  0.028
-0.403  0.006  0.038
-0.407 -0.026  0.017
-0.383 -0.005  0.020
-0.403 -0.032 -0.014
-0.410 -0.028 -0.006
-0.305  0.041  0.000
-0.403 -0.056 -0.035
-0.405 -0.046 -0.023
-0.442 -0.067 -0.024
-0.452 -0.044  0.020
-0.424 -0.093 -0.043
-0.414 -0.084 -0.045
-0.401 -0.102 -0.076
-0.370 -0.074 -0.067
-0.318  0.043  0.025
-0.342 -0.022 -0.005
-0.341 -0.002  0.011
-0.372 -0.031  0.002
-0.343 -0.026  0.005
-0.362 -0.049 -0.016
-0.378 -0.012  0.043
-0.366 -0.031 -0.001
-0.357 -0.026  0.001
-0.250  0.073  0.046
-0.346 -0.009  0.024
-0.317  0.035  0.063
-0.321  0.028  0.070
-0.293  0.033  0.066
-0.320  0.004  0.054
-0.340  0.035  0.089
-0.343 -0.007  0.036
-0.351 -0.008  0.044
-0.368 -0.036  0.019
-0.348 -0.039  0.013
-0.253  0.043  0.047
-0.354 -0.039  0.000
-0.359 -0.035  0.008
-0.387 -0.059  0.011
-0.348 -0.017  0.037
-0.344 -0.015  0.054
-0.333  0.022  0.100
-0.315 -0.004  0.092
-0.294 -0.007  0.130
-0.311 -0.014  0.118
-0.326 -0.021  0.090
-0.317 -0.004  0.088
-0.359 -0.063  0.033
-0.373 -0.042  0.055
-0.375 -0.056  0.018
-0.337 -0.024  0.052
-0.333 -0.009  0.066
-0.368 -0.028  0.059
-0.335  0.023  0.113
-0.400  0.011  0.040
-0.415 -0.013 -0.020
-0.449 -0.045 -0.060
-0.435 -0.042 -0.074
-0.460 -0.082 -0.106
-0.459 -0.053 -0.069
-0.472 -0.038 -0.032
-0.462 -0.010 -0.010
-0.461 -0.014 -0.015
-0.437  0.003 -0.008
-0.258  0.213  0.122
-0.426 -0.012 -0.028
-0.422 -0.002 -0.025
-0.451 -0.011 -0.007
-0.444  0.007  0.010
-0.484 -0.015  0.009
-0.467  0.009  0.034
-0.481 -0.042 -0.018
-0.481 -0.035 -0.018
-0.468 -0.043 -0.042
-0.429 -0.024 -0.030
-0.398  0.117  0.083
-0.489 -0.010 -0.009
-0.468  0.001 -0.002
-0.485 -0.034 -0.034
-0.503 -0.034 -0.020
-0.496 -0.045 -0.037
-0.524 -0.038 -0.019
-0.548 -0.044 -0.009
-0.549 -0.029 -0.006
-0.352  0.230  0.152
-0.531 -0.036 -0.030
-0.509 -0.017 -0.055
-0.535 -0.034 -0.068
-0.522  0.052  0.039
-0.492  0.057  0.025
-0.509  0.076  0.059
-0.522  0.067  0.069
-0.494  0.080  0.083
-0.472  0.137  0.118
-0.512  0.045  0.043
-0.461  0.091  0.057
-0.468  0.085  0.043
-0.493  0.097  0.069
-0.409  0.192  0.132
-0.513  0.080  0.063
-0.482  0.063  0.039
-0.501  0.039  0.016
-0.555  0.046  0.062
-0.539  0.028  0.023
-0.554  0.031  0.032
-0.537  0.041  0.042
-0.513  0.042  0.026
-0.503  0.031 -0.007
-0.510  0.040  0.010
-0.472  0.196  0.129
-0.562  0.027  0.020
-0.560  0.028  0.017
-0.575 -0.006 -0.007
-0.556 -0.002 -0.016
-0.587 -0.014 -0.021
-0.604  0.027  0.041
-0.594  0.007  0.006
-0.583  0.033  0.026
-0.564  0.019 -0.006
-0.586  0.019 -0.011
-0.606  0.016 -0.007
-0.626  0.013 -0.011
-0.629  0.008 -0.000
-0.620  0.003 -0.004
-0.415  0.268  0.153
-0.635 -0.002 -0.019
-0.618  0.058  0.014
-0.655  0.001 -0.022
-0.621  0.063  0.020
-0.646  0.005 -0.026
-0.609  0.053 -0.002
-0.635  0.008 -0.034
-0.631  0.017 -0.019
-0.674 -0.004 -0.015
-0.647  0.013 -0.006
-0.657 -0.016 -0.026
-0.654  0.027  0.021
-0.625  0.040  0.008
-0.628  0.063  0.028
-0.618  0.066  0.030
-0.576  0.084  0.021
-0.517  0.150  0.055
-0.542  0.067  0.001
-0.522  0.078  0.006
-0.548  0.055 -0.001
-0.574  0.065  0.027
-0.598  0.055  0.030
-0.596  0.076  0.040
-0.531  0.142  0.069
-0.595  0.068  0.024
-0.550  0.114  0.047
-0.563  0.054 -0.006
-0.521  0.063 -0.016
-0.551  0.027 -0.037
-0.582  0.030 -0.009
-0.551  0.027 -0.050
-0.568  0.019 -0.043
-0.573  0.010 -0.051
-0.601  0.021 -0.027
-0.597  0.082  0.027
-0.635  0.002 -0.040
-0.603  0.003 -0.049
-0.628 -0.016 -0.057
-0.621  0.009 -0.034
-0.644 -0.021 -0.046
-0.648  0.018  0.010
-0.630 -0.010 -0.031
-0.619  0.009 -0.004
-0.568  0.016 -0.023
-0.586  0.022 -0.012
-0.601  0.026  0.003
-0.592  0.037  0.018
-0.616  0.007 -0.012
-0.627 -0.008 -0.022
-0.452  0.237  0.139
-0.630 -0.036 -0.035
-0.647 -0.030 -0.037
-0.667 -0.029 -0.017
-0.642 -0.003 -0.003
-0.658 -0.017 -0.013
-0.618  0.018  0.009
-0.584  0.007 -0.023
-0.587  0.005 -0.032
-0.591 -0.013 -0.050
-0.612 -0.014 -0.039
-0.628 -0.003 -0.021
-0.667 -0.037 -0.029
-0.639 -0.013 -0.006
-0.671 -0.042 -0.027
-0.680 -0.006  0.017
-0.616 -0.015 -0.022
-0.602 -0.010 -0.034
-0.580 -0.013 -0.064
-0.574  0.000 -0.061
-0.578  0.010 -0.057
-0.623 -0.018 -0.055
-0.606  0.003 -0.045
-0.654 -0.022 -0.052
-0.650  0.018 -0.004
-0.634 -0.000 -0.035
-0.633  0.036  0.016
-0.569  0.061 -0.005
-0.567  0.071 -0.008
-0.562  0.071 -0.008
-0.577  0.089  0.012
-0.551  0.210  0.120
-0.627  0.062  0.021
-0.630  0.053  0.013
-0.635  0.032 -0.000
-0.603  0.058  0.012
-0.621  0.062  0.035
-0.596  0.115  0.092
-0.600  0.092  0.068
-0.600  0.126  0.126
-0.580  0.074  0.054
-0.571  0.070  0.057
-0.574  0.053  0.043
-0.577  0.062  0.051
-0.432  0.309  0.234
-0.595  0.043  0.038
-0.580  0.043  0.036
-0.593  0.042  0.045
-0.570  0.082  0.083
-0.577  0.067  0.079
-0.583  0.094  0.121
-0.566  0.051  0.057
-0.583  0.039  0.050
-0.608  0.021  0.036
-0.618  0.024  0.032
-0.634  0.013  0.025
-0.618  0.013  0.018
-0.604 -0.006  0.003
-0.628  0.004  0.023
-0.437  0.281  0.208
-0.627  0.021  0.037
-0.460  0.282  0.225
-0.617  0.024  0.047
-0.574  0.103  0.099
-0.613  0.028  0.039
-0.598  0.039  0.038
-0.622  0.031  0.025
-0.599  0.073  0.068
-0.633  0.037  0.036
-0.641  0.067  0.089
-0.601  0.048  0.050
-0.601  0.044  0.051
-0.619  0.042  0.055
-0.634  0.039  0.060
-0.552  0.216  0.196
-0.651  0.004  0.033
-0.639  0.003  0.009
-0.650  0.005  0.017
-0.652  0.026  0.034
-0.683 -0.003  0.018
-0.697  0.018  0.062
-0.670 -0.007  0.020
-0.675 -0.008  0.023
-0.685 -0.015  0.019
-0.700 -0.019  0.012
-0.639  0.116  0.114
-0.710 -0.049 -0.027
-0.672 -0.029 -0.024
-0.684 -0.051 -0.045
-0.706 -0.029 -0.007
-0.705 -0.047 -0.045
-0.739 -0.046 -0.036
-0.751 -0.052 -0.033
-0.728 -0.032 -0.015
-0.710  0.005  0.003
-0.742 -0.051 -0.026
-0.734 -0.021 -0.009
-0.772 -0.040 -0.019
-0.792 -0.017  0.017
-0.765 -0.038 -0.018
-0.758 -0.045 -0.031
-0.645  0.071  0.032
-0.765 -0.033 -0.018
-0.740  0.004  0.010
-0.758 -0.020  0.001
-0.730 -0.022 -0.010
-0.738 -0.030 -0.016
-0.713  0.013  0.001
-0.752 -0.010 -0.016
-0.730  0.017  0.008
-0.738 -0.029 -0.036
-0.758 -0.002  0.002
-0.758 -0.026 -0.039
-0.782 -0.007  0.007
-0.778 -0.033 -0.023
-0.779 -0.017  0.010
-0.747 -0.031 -0.027
-0.759 -0.026 -0.028
-0.750 -0.018 -0.024
-0.745 -0.009 -0.018
-0.738 -0.014 -0.021
-0.720 -0.015 -0.028
-0.723 -0.040 -0.063
-0.718 -0.028 -0.046
-0.567  0.231  0.140
-0.768 -0.049 -0.047
-0.752 -0.037 -0.038
-0.765 -0.071 -0.068
-0.738 -0.039 -0.057
-0.755 -0.045 -0.053
-0.768 -0.009  0.004
-0.747 -0.038 -0.043
-0.755 -0.054 -0.051
-0.758 -0.080 -0.085
-0.753 -0.063 -0.072
-0.699  0.088  0.046
-0.751 -0.051 -0.043
-0.737 -0.036 -0.039
-0.758 -0.050 -0.053
-0.727 -0.029 -0.044
-0.749 -0.037 -0.043
-0.769  0.016  0.037
-0.770 -0.007 -0.002
-0.764  0.007  0.018
-0.752 -0.014 -0.014
-0.780 -0.032 -0.026
-0.804 -0.037 -0.027
-0.809 -0.019 -0.010
-0.604  0.252  0.164
-0.798 -0.036 -0.040
-0.775 -0.040 -0.069
-0.792 -0.060 -0.086
-0.802 -0.013 -0.016
-0.799 -0.020 -0.033
-0.821 -0.021 -0.024
-0.842 -0.030 -0.034
-0.820 -0.016 -0.019
-0.814 -0.031 -0.037
-0.812 -0.020 -0.030
-0.768  0.110  0.065
-0.854 -0.025 -0.035
-0.847 -0.001 -0.015
-0.856 -0.027 -0.028
-0.834 -0.013 -0.023
-0.858 -0.012 -0.011
-0.833  0.026  0.007
-0.850  0.009 -0.008
-0.832  0.045  0.030
-0.830  0.009 -0.017
-0.834  0.035  0.049
-0.809  0.018  0.001
-0.810  0.036  0.024
-0.815  0.008 -0.008
-0.806  0.002 -0.007
-0.786 -0.000 -0.014
-0.787  0.015 -0.006
-0.799  0.009 -0.014
-0.777  0.030  0.004
-0.750  0.023 -0.001
-0.741  0.017 -0.009
-0.662  0.131  0.060
-0.724  0.014 -0.023
-0.716  0.016 -0.029
-0.761 -0.007 -0.035
-0.764  0.014 -0.000
-0.768 -0.041 -0.050
-0.761 -0.027 -0.027
-0.745 -0.029 -0.029
-0.752 -0.026 -0.027
-0.759 -0.035 -0.030
-0.742 -0.021 -0.016
-0.695  0.032  0.010
-0.737 -0.035 -0.036
-0.719 -0.009 -0.030
-0.749 -0.033 -0.034
-0.762 -0.000  0.025
-0.750 -0.033 -0.035
-0.749 -0.043 -0.046
-0.698 -0.012 -0.043
-0.769 -0.028 -0.033
-0.755  0.033  0.027
-0.783 -0.040 -0.030
-0.751 -0.036 -0.044
-0.769 -0.040 -0.034
-0.769 -0.002  0.001
-0.814 -0.034 -0.016
-0.799  0.004  0.029
-0.788 -0.038 -0.028
-0.796 -0.018  0.005
-0.767 -0.021 -0.041
-0.771 -0.005 -0.026
-0.750  0.003 -0.010
-0.740  0.025  0.014
-0.686  0.044  0.003
-0.702  0.022 -0.010
-0.704  0.051  0.016
-0.749  0.011  0.010
-0.739  0.022  0.016
-0.767  0.001  0.006
-0.739  0.025  0.025
-0.743 -0.011  0.000
-0.768  0.006  0.033
-0.734 -0.009 -0.003
-0.756 -0.006  0.018
-0.759 -0.011  0.020
-0.744 -0.008  0.017
-0.560  0.185  0.128
-0.728 -0.019  0.019
-0.719 -0.001  0.036
-0.735 -0.002  0.054
-0.711  0.013  0.050
-0.727 -0.024  0.015
-0.758 -0.019  0.039
-0.749 -0.039 -0.002
-0.788 -0.045  0.006
-0.806 -0.052  0.006
-0.803 -0.050  0.003
-0.795 -0.055 -0.010
-0.775 -0.029  0.003
-0.757 -0.032 -0.011
-0.780  0.004  0.040
-0.710  0.039  0.078
-0.777  0.028  0.098
-0.625  0.150  0.152
-0.768 -0.026  0.018
-0.752  0.003  0.032
-0.791  0.002  0.036
-0.771  0.020  0.054
-0.829 -0.011  0.025
-0.835  0.025  0.055
-0.780  0.018  0.027
-0.770  0.014  0.021
-0.776  0.015  0.023
-0.775  0.028  0.037
-0.606  0.287  0.215
-0.787  0.000  0.013
-0.753  0.033  0.024
-0.773 -0.026 -0.012
-0.755 -0.014 -0.019
-0.778 -0.011 -0.007
-0.772  0.021  0.027
-0.788 -0.003  0.001
-0.779  0.039  0.049
-0.761 -0.014 -0.018
-0.778 -0.000 -0.005
-0.781 -0.025 -0.040
-0.813 -0.031 -0.033
-0.828 -0.048 -0.049
-0.848 -0.042 -0.018
-0.859 -0.053 -0.039
-0.843 -0.028 -0.020
-0.823 -0.037 -0.047
-0.846 -0.046 -0.054
-0.819 -0.016 -0.038
-0.771  0.044 -0.012
-0.568  0.348  0.211
-0.689  0.098  0.070
-0.662  0.099  0.084
-0.688  0.047  0.067
-0.704 -0.001 -0.003
-0.758 -0.033 -0.047
-0.774  0.012  0.018
-0.838 -0.018 -0.012
-0.835  0.027  0.042
-0.836  0.020  0.040
-0.834  0.032  0.026
-0.842  0.013  0.021
-0.830  0.009  0.003
-0.725  0.179  0.113
-0.845 -0.040 -0.042
-0.846 -0.047 -0.058
-0.850 -0.026 -0.023
-0.857  0.022  0.032
-0.861 -0.011  0.005
-0.871 -0.009  0.014
-0.869 -0.040 -0.019
-0.874 -0.046 -0.034
-0.865 -0.050 -0.041
-0.879 -0.044 -0.020
-0.705  0.224  0.158
-0.859 -0.032 -0.021
-0.825  0.021  0.010
-0.851 -0.036 -0.027
-0.832 -0.017 -0.028
-0.841 -0.026 -0.036
-0.818  0.027  0.017
-0.815  0.018 -0.006
-0.799  0.074  0.051
-0.790  0.048  0.015
-0.768  0.055  0.013
-0.778  0.026 -0.018
-0.791  0.006 -0.042
-0.775 -0.016 -0.080
-0.802 -0.016 -0.060
-0.811 -0.008 -0.062
-0.850 -0.063 -0.087
-0.829 -0.053 -0.077
-0.853 -0.078 -0.095
-0.847 -0.058 -0.088
-0.857 -0.092 -0.114
-0.891 -0.081 -0.076
-0.857 -0.082 -0.104
-0.852 -0.060 -0.086
-0.854 -0.055 -0.082
-0.857 -0.048 -0.079
-0.862 -0.067 -0.115
-0.857 -0.072 -0.124
-0.675  0.125 -0.003
-0.844 -0.084 -0.142
-0.821 -0.023 -0.098
-0.853 -0.079 -0.130
-0.823 -0.053 -0.113
-0.848 -0.080 -0.122
-0.836 -0.079 -0.126
-0.862 -0.123 -0.163
-0.883 -0.121 -0.145
-0.844 -0.107 -0.139
-0.860 -0.088 -0.110
-0.850 -0.073 -0.104
-0.868 -0.073 -0.094
-0.832 -0.030 -0.054
-0.852 -0.065 -0.082
-0.877 -0.066 -0.066
-0.846 -0.084 -0.114
-0.867 -0.097 -0.134
-0.725  0.079 -0.021
-0.854 -0.053 -0.083
-0.838 -0.019 -0.064
-0.842  0.004 -0.033
-0.799  0.037 -0.017
-0.813  0.021 -0.027
-0.803  0.034 -0.014
-0.826  0.006 -0.032
-0.839  0.049  0.017
-0.806  0.044 -0.005
-0.829  0.077  0.045
-0.794  0.077  0.030
-0.787  0.069  0.023
-0.777  0.079  0.036
-0.734  0.105  0.057
-0.533  0.370  0.232
-0.711  0.085  0.038
-0.710  0.037 -0.007
-0.739 -0.017 -0.056
-0.748 -0.020 -0.053
-0.738 -0.024 -0.058
-0.731  0.003 -0.029
-0.734 -0.009 -0.028
-0.720  0.008 -0.014
-0.521  0.270  0.156
-0.726 -0.026 -0.031
-0.703 -0.001 -0.026
-0.717 -0.002 -0.008
-0.683  0.025  0.011
-0.713 -0.010 -0.011
-0.699  0.004  0.014
-0.719 -0.018 -0.006
-0.746  0.001  0.034
-0.734 -0.023 -0.004
-0.743 -0.002  0.030
-0.747 -0.029 -0.003
-0.744 -0.021  0.002
-0.747 -0.022 -0.006
-0.760 -0.035 -0.019
-0.767 -0.041 -0.027
-0.762 -0.027 -0.018
-0.764 -0.043 -0.033
-0.763 -0.046 -0.029
-0.751 -0.010 -0.008
-0.792 -0.066 -0.039
-0.765 -0.029 -0.020
-0.781 -0.028 -0.011
-0.744  0.030  0.040
-0.757  0.013  0.024
-0.745  0.042  0.053
-0.746  0.007  0.017
-0.738  0.045  0.071
-0.721  0.018  0.025
-0.714  0.069  0.086
-0.681  0.094  0.091
-0.724  0.077  0.093
-0.726  0.093  0.110
-0.730  0.083  0.094
-0.728  0.059  0.073
-0.747  0.029  0.049
-0.569  0.240  0.177
-0.768 -0.000  0.025
-0.745  0.028  0.032
-0.755  0.031  0.032
-0.699  0.077  0.045
-0.724  0.054  0.040
-0.720  0.044  0.039
-0.759  0.001 -0.003
-0.770  0.025  0.040
-0.782 -0.011 -0.010
-0.801 -0.014 -0.002
-0.697  0.181  0.142
-0.793  0.012  0.038
-0.791  0.032  0.052
-0.798 -0.020 -0.004
-0.774 -0.018 -0.040
-0.721  0.040 -0.023
-0.698  0.045 -0.049
-0.676  0.067 -0.057
-0.608  0.182 -0.003
-0.585  0.180 -0.024
-0.570  0.242  0.020
-0.642  0.187  0.006
-0.659  0.198  0.029
-0.638  0.226  0.063
-0.600  0.279  0.120
-0.578  0.226  0.068
-0.579  0.204  0.059
-0.643  0.152  0.025
-0.686  0.115  0.003
-0.677  0.166  0.037
-0.702  0.067 -0.026
-0.694  0.062 -0.022
-0.711  0.061 -0.008
-0.752  0.088  0.026
-0.801  0.037 -0.011
-0.795  0.041 -0.021
-0.786  0.068  0.007
-0.792  0.014 -0.021
-0.760  0.036 -0.005
-0.828 -0.010 -0.028
-0.878 -0.038 -0.032
-0.861 -0.047 -0.069
-0.801  0.002 -0.035
-0.784  0.013 -0.011
-0.751  0.051  0.009
-0.668  0.251  0.149
-0.803  0.053  0.010
-0.744  0.109  0.037
-0.729  0.118  0.048
-0.695  0.139  0.054
-0.708  0.124  0.043
-0.722  0.110  0.016
-0.796  0.041 -0.030
-0.776  0.065 -0.018
-0.756  0.056 -0.028
-0.705  0.103  0.012
-0.709  0.077 -0.005
-0.673  0.110  0.018
-0.718  0.083  0.018
-0.743  0.101  0.053
-0.775  0.069  0.036
-0.750  0.112  0.074
-0.730  0.089  0.035
-0.696  0.106  0.041
-0.715  0.092  0.039
-0.730  0.092  0.042
-0.795  0.105  0.068
-0.839  0.038  0.027
-0.797  0.093  0.064
-0.796  0.067  0.043
-0.785  0.074  0.059
-0.830  0.021  0.029
-0.859  0.000  0.009
-0.909  0.007  0.033
-0.976 -0.083 -0.007
-1.011 -0.084  0.025
-1.024 -0.106 -0.002
-0.940 -0.041  0.020
-0.707  0.266  0.202
-0.822  0.032  0.032
-0.801  0.028  0.030
-0.833  0.015  0.033
-0.854 -0.007  0.022
-0.902 -0.022  0.023
-0.819  0.086  0.080
-0.785  0.062  0.059
-0.737  0.110  0.082
-0.801  0.047  0.051
-0.870  0.003  0.035
-0.878  0.008  0.035
-0.858  0.063  0.100
-0.804  0.064  0.073
-0.767  0.083  0.078
-0.784  0.064  0.078
-0.799  0.065  0.081
-0.810  0.094  0.113
-0.859  0.032  0.090
-0.828  0.066  0.132
-0.775  0.084  0.107
-0.681  0.136  0.128
-0.620  0.142  0.124
-0.648  0.118  0.112
-0.703  0.081  0.095
-0.744  0.030  0.066
-0.667  0.080  0.091
-0.655  0.056  0.062
-0.644  0.092  0.094
-0.653  0.045  0.025
-0.668  0.037  0.036
-0.590  0.104  0.053
-0.600  0.090  0.050
-0.553  0.112  0.070
-0.592  0.070  0.035
-0.632  0.061  0.065
-0.690 -0.023 -0.007
-0.718 -0.041 -0.000
-0.739 -0.076 -0.008
-0.737 -0.053  0.018
-0.681  0.003  0.044
-0.680 -0.006  0.034
-0.644  0.021  0.052
-0.667  0.013  0.055
-0.644  0.033  0.064
-0.677  0.007  0.067
-0.679  0.008  0.076
-0.716 -0.023  0.064
-0.694  0.012  0.110
-0.696 -0.010  0.086
-0.681  0.027  0.108
-0.678  0.007  0.077
-0.687  0.006  0.068
-0.719 -0.028  0.043
-0.720 -0.033  0.036
-0.776 -0.088  0.012
-0.805 -0.114 -0.015
-0.643  0.115  0.112
-0.894 -0.194 -0.081
-0.865 -0.202 -0.091
-0.869 -0.188 -0.087
-0.815 -0.120 -0.032
-0.800 -0.117 -0.038
-0.775 -0.047  0.016
-0.723 -0.040 -0.003
-0.710 -0.001  0.045
-0.731 -0.011  0.043
-0.742 -0.022  0.053
-0.771 -0.046  0.043
-0.747 -0.017  0.056
-0.571  0.251  0.225
-0.720 -0.005  0.036
-0.674  0.020  0.043
-0.690  0.007  0.038
-0.696 -0.009  0.034
-0.710 -0.018  0.026
-0.704  0.028  0.061
-0.685  0.025  0.039
-0.703  0.022  0.050
-0.758 -0.020  0.039
-0.778 -0.034  0.050
-0.652  0.181  0.204
-0.801 -0.046  0.038
-0.776 -0.031  0.038
-0.776 -0.031  0.046
-0.760 -0.007  0.069
-0.794 -0.042  0.063
-0.832 -0.038  0.090
-0.800 -0.039  0.044
-0.778 -0.023  0.042
-0.765 -0.022  0.037
-0.743 -0.007  0.041
-0.569  0.245  0.209
-0.770 -0.049  0.010
-0.786 -0.067 -0.005
-0.815 -0.088 -0.020
-0.806 -0.067  0.001
-0.799 -0.071 -0.016
-0.775 -0.021  0.018
-0.749 -0.016  0.001
-0.731  0.008  0.008
-0.734 -0.000  0.014
-0.718  0.017  0.028
-0.712 -0.004  0.011
-0.764 -0.041  0.006
-0.770 -0.028  0.023
-0.814 -0.077 -0.006
-0.787 -0.055  0.001
-0.780 -0.045  0.010
-0.770  0.013  0.057
-0.734  0.004  0.014
-0.739  0.006  0.019
-0.743 -0.011  0.001
-0.722  0.003  0.011
-0.625  0.083  0.055
-0.776 -0.063 -0.024
-0.797 -0.092 -0.057
-0.841 -0.133 -0.070
-0.844 -0.121 -0.044
-0.837 -0.132 -0.070
-0.801 -0.094 -0.045
-0.597  0.217  0.177
-0.748 -0.035  0.008
-0.563  0.211  0.160
-0.718  0.007  0.029
-0.539  0.241  0.187
-0.734 -0.026  0.015
-0.721 -0.001  0.032
-0.775 -0.089 -0.036
-0.761 -0.081 -0.038
-0.774 -0.080 -0.027
-0.775 -0.022  0.044
-0.737 -0.016  0.016
-0.721  0.023  0.049
-0.705  0.012  0.035
-0.691  0.052  0.077
-0.703  0.024  0.051
-0.718  0.023  0.059
-0.739  0.001  0.038
-0.741 -0.001  0.037
-0.547  0.244  0.182
-0.735 -0.017  0.018
-0.716 -0.000  0.014
-0.746 -0.038 -0.004
-0.725 -0.036 -0.016
-0.698 -0.026  0.003
-0.728 -0.054 -0.004
-0.730 -0.051 -0.018
-0.563  0.216  0.158
-0.763 -0.078 -0.051
-0.760 -0.078 -0.057
-0.733 -0.055 -0.042
-0.745 -0.066 -0.049
-0.722 -0.045 -0.036
-0.728 -0.066 -0.063
-0.721 -0.063 -0.065
-0.671  0.035  0.004
-0.753 -0.102 -0.086
-0.732 -0.081 -0.084
-0.765 -0.089 -0.084
-0.733 -0.046 -0.055
-0.753 -0.069 -0.079
-0.734 -0.028 -0.035
-0.760 -0.075 -0.069
-0.765 -0.057 -0.030
-0.757 -0.091 -0.073
-0.754 -0.054 -0.035
-0.727 -0.051 -0.046
-0.733 -0.050 -0.031
-0.751 -0.062 -0.046
-0.761 -0.067 -0.050
-0.778 -0.093 -0.076
-0.750 -0.077 -0.062
-0.732 -0.087 -0.095
-0.788 -0.121 -0.100
-0.779 -0.086 -0.085
-0.801 -0.125 -0.098
-0.772 -0.106 -0.085
-0.782 -0.100 -0.090
-0.749 -0.051 -0.034
-0.757 -0.093 -0.094
-0.762 -0.075 -0.077
-0.773 -0.094 -0.100
-0.790 -0.113 -0.121
-0.808 -0.132 -0.125
-0.790 -0.122 -0.122
-0.594  0.119  0.029
-0.763 -0.084 -0.094
-0.710  0.014 -0.031
-0.739 -0.044 -0.075
-0.627  0.154  0.071
-0.742 -0.031 -0.060
-0.685  0.005 -0.047
-0.783 -0.069 -0.106
-0.822 -0.119 -0.197
-0.826 -0.100 -0.205
-0.853 -0.090 -0.230
-0.832 -0.070 -0.192
-0.776 -0.024 -0.137
-0.774 -0.017 -0.106
-0.683  0.056 -0.035
-0.736  0.010  0.005
-0.595  0.200  0.114
-0.762 -0.019 -0.005
-0.750  0.010  0.015
-0.774 -0.025 -0.005
-0.723 -0.007  0.036
-0.699  0.033  0.098
-0.652  0.091  0.127
-0.660  0.079  0.114
-0.676  0.046  0.025
-0.777 -0.067 -0.138
-0.847 -0.096 -0.178
-0.847 -0.134 -0.264
-0.843 -0.129 -0.207
-0.820 -0.120 -0.191
-0.809 -0.099 -0.177
-0.772 -0.046 -0.141
-0.797 -0.096 -0.181
-0.768 -0.076 -0.182
-0.787 -0.095 -0.174
-0.774 -0.086 -0.163
-0.808 -0.103 -0.173
-0.790 -0.045 -0.120
-0.772 -0.069 -0.145
-0.779 -0.030 -0.079
-0.768 -0.052 -0.104
-0.780 -0.047 -0.098
-0.769 -0.053 -0.097
-0.768 -0.051 -0.094
-0.779 -0.075 -0.101
-0.763 -0.068 -0.092
-0.759 -0.025 -0.063
-0.805 -0.085 -0.083
-0.784 -0.074 -0.076
-0.812 -0.093 -0.073
-0.793 -0.056 -0.033
-0.802 -0.082 -0.049
-0.819 -0.061 -0.014
-0.800 -0.059 -0.021
-0.768 -0.037 -0.009
-0.751 -0.042 -0.019
-0.730 -0.039 -0.020
-0.640  0.125  0.089
-0.758 -0.060 -0.035
-0.729 -0.045 -0.036
-0.749 -0.058 -0.048
-0.706 -0.036 -0.033
-0.739 -0.081 -0.062
-0.749 -0.054 -0.021
-0.699 -0.052 -0.051
-0.696 -0.040 -0.049
-0.686 -0.045 -0.062
-0.675 -0.046 -0.071
-0.658 -0.068 -0.101
-0.680 -0.071 -0.097
-0.650 -0.039 -0.077
-0.676 -0.074 -0.096
-0.642 -0.051 -0.077
-0.650 -0.064 -0.068
-0.631 -0.028 -0.034
-0.612 -0.030 -0.036
-0.604 -0.003 -0.002
-0.616 -0.020 -0.024
-0.619 -0.019 -0.018
-0.531  0.053  0.028
-0.608 -0.015 -0.004
-0.620 -0.020 -0.017
-0.661 -0.055 -0.045
-0.689 -0.038 -0.023
-0.671 -0.047 -0.059
-0.659 -0.028 -0.048
-0.518  0.121  0.043
-0.599  0.035  0.006
-0.580  0.053  0.009
-0.586  0.035  0.001
-0.580  0.047  0.004
-0.599  0.016 -0.014
-0.590  0.051  0.009
-0.575  0.046  0.000
-0.559  0.054  0.019
-0.570  0.041  0.017
-0.553  0.057  0.029
-0.438  0.267  0.165
-0.531  0.083  0.046
-0.491  0.156  0.096
-0.525  0.077  0.057
-0.475  0.167  0.124
-0.548  0.041  0.040
-0.531  0.066  0.053
-0.547  0.047  0.033
-0.535  0.054  0.042
-0.570  0.024  0.024
-0.565  0.010  0.031
-0.608 -0.021  0.025
-0.584 -0.011  0.025
-0.615 -0.040  0.011
-0.619 -0.011  0.049
-0.627 -0.054  0.010
-0.635 -0.037  0.041
-0.613 -0.053  0.010
-0.607 -0.047  0.001
-0.601 -0.022  0.014
-0.592 -0.001  0.007
-0.543  0.033  0.017
-0.592 -0.005  0.009
-0.510  0.140  0.095
-0.599 -0.019 -0.007
-0.573  0.004  0.009
-0.596 -0.013 -0.006
-0.569  0.026  0.017
-0.586  0.002 -0.010
-0.590  0.030  0.031
-0.568  0.009 -0.006
-0.572  0.006 -0.004
-0.561  0.011  0.008
-0.559  0.031  0.048
-0.552  0.082  0.092
-0.599  0.014  0.044
-0.567  0.027  0.043
-0.598 -0.007  0.024
-0.577  0.018  0.063
-0.572 -0.010  0.015
-0.592 -0.027 -0.000
-0.599 -0.047 -0.045
-0.596 -0.066 -0.045
-0.618 -0.062 -0.041
-0.657 -0.096 -0.071
-0.630 -0.081 -0.062
-0.654 -0.113 -0.088
-0.682 -0.098 -0.020
-0.611 -0.083 -0.035
-0.612 -0.064 -0.009
-0.601 -0.066 -0.020
-0.613 -0.088 -0.042
-0.590 -0.100 -0.049
-0.630 -0.105 -0.053
-0.623 -0.082 -0.022
-0.624 -0.050 -0.020
-0.649 -0.060 -0.070
-0.640 -0.062 -0.070
-0.615 -0.056 -0.062
-0.619 -0.056 -0.050
-0.636 -0.049 -0.078
-0.630 -0.042 -0.072
-0.614 -0.039 -0.000
-0.593 -0.014  0.095
-0.454  0.148  0.247
-0.534 -0.014  0.181
-0.519  0.033  0.183
-0.580  0.017  0.123
-0.536  0.050  0.126
-0.543  0.030  0.097
-0.511  0.042  0.098
-0.544  0.024  0.090
-0.563  0.055  0.133
-0.589 -0.005  0.079
-0.599  0.027  0.121
-0.586 -0.013  0.069
-0.597  0.010  0.102
-0.597 -0.004  0.064
-0.617 -0.004  0.071
-0.604  0.016  0.092
-0.565  0.046  0.122
-0.526  0.061  0.176
-0.523  0.057  0.146
-0.404  0.270  0.214
-0.573  0.054  0.094
-0.509  0.122  0.178
-0.543  0.112  0.176
-0.473  0.137  0.192
-0.502  0.116  0.152
-0.508  0.122  0.207
-0.443  0.112  0.152
-0.449  0.139  0.143
-0.520  0.058 -0.019
-0.584  0.033 -0.131
-0.405  0.253  0.057
-0.544  0.036 -0.003
-0.532  0.056  0.001
-0.583 -0.001 -0.073
-0.554  0.031 -0.037
-0.578  0.012 -0.051
-0.584  0.029 -0.016
-0.579  0.026 -0.034
-0.567  0.028 -0.037
-0.564  0.027 -0.031
-0.553  0.044 -0.019
-0.546  0.031 -0.018
-0.516  0.060 -0.006
-0.413  0.216  0.094
-0.510  0.055 -0.008
-0.485  0.065 -0.011
-0.505  0.052 -0.016
-0.456  0.095  0.006
-0.491  0.076  0.015
-0.593  0.004 -0.130
-0.603 -0.035 -0.184
-0.557  0.028 -0.039
-0.505  0.042  0.063
-0.455  0.083  0.138
-0.384  0.156  0.151
-0.501  0.065  0.065
-0.479  0.093  0.057
-0.539 -0.018 -0.038
-0.502 -0.023 -0.057
-0.547 -0.049 -0.085
-0.555 -0.009 -0.024
-0.568 -0.058 -0.068
-0.610 -0.077 -0.060
-0.605 -0.089 -0.067
-0.600 -0.073 -0.037
-0.567 -0.041 -0.019
-0.621 -0.057  0.001
-0.583  0.018  0.062
-0.630 -0.086 -0.022
-0.595 -0.076 -0.044
-0.630 -0.088 -0.046
-0.654 -0.045  0.018
-0.663 -0.079 -0.023
-0.691 -0.096 -0.032
-0.710 -0.140 -0.072
-0.715 -0.150 -0.095
-0.550  0.108  0.076
-0.703 -0.128 -0.091
-0.648 -0.090 -0.072
-0.651 -0.105 -0.086
-0.624 -0.093 -0.083
-0.643 -0.115 -0.096
-0.660 -0.074 -0.036
-0.657 -0.105 -0.101
-0.643 -0.099 -0.100
-0.663 -0.144 -0.144
-0.678 -0.151 -0.168
-0.671 -0.144 -0.162
-0.630 -0.079 -0.108
-0.497  0.050 -0.021
-0.548  0.010 -0.024
-0.477  0.113  0.021
-0.584 -0.073 -0.120
-0.598 -0.085 -0.142
-0.674 -0.147 -0.178
-0.687 -0.112 -0.148
-0.698 -0.133 -0.161
-0.696 -0.096 -0.113
-0.669 -0.094 -0.132
-0.660 -0.078 -0.114
-0.648 -0.083 -0.120
-0.600 -0.031 -0.059
-0.536  0.063  0.008
-0.600 -0.002 -0.013
-0.589  0.008 -0.023
-0.651 -0.037 -0.053
-0.643 -0.025 -0.046
-0.681 -0.087 -0.097
-0.677 -0.070 -0.079
-0.681 -0.106 -0.129
-0.658 -0.083 -0.096
-0.660 -0.111 -0.094
-0.661 -0.100 -0.061
-0.637 -0.108 -0.070
-0.616 -0.103 -0.071
-0.630 -0.107 -0.065
-0.655 -0.089 -0.030
-0.662 -0.095 -0.024
-0.681 -0.084  0.003
-0.666 -0.081 -0.001
-0.644 -0.056  0.015
-0.617 -0.064 -0.007
-0.586 -0.048 -0.024
-0.540 -0.041 -0.054
-0.591 -0.047 -0.021
-0.561  0.029  0.041
-0.599 -0.041 -0.003
-0.550 -0.013  0.006
-0.562 -0.035 -0.018
-0.517 -0.006 -0.027
-0.517 -0.035 -0.051
-0.538 -0.020 -0.014
-0.572 -0.039 -0.030
-0.597 -0.046 -0.031
-0.592 -0.042 -0.023
-0.544 -0.005  0.011
-0.502  0.001 -0.006
-0.490  0.016 -0.004
-0.464  0.096  0.062
-0.543  0.019  0.018
-0.509  0.048  0.029
-0.519  0.036  0.039
-0.487  0.046  0.051
-0.507  0.017  0.036
-0.468  0.035  0.032
-0.529  0.001  0.029
-0.534  0.040  0.070
-0.568  0.002  0.042
-0.557  0.052  0.095
-0.467  0.062  0.063
-0.438  0.090  0.074
-0.444  0.081  0.067
-0.468  0.093  0.084
-0.382  0.203  0.168
-0.469  0.092  0.112
-0.421  0.119  0.094
-0.474  0.037  0.027
-0.469  0.037  0.017
-0.515 -0.004 -0.004
-0.485  0.025  0.022
-0.473 -0.021 -0.054
-0.482 -0.004 -0.015
-0.473 -0.028 -0.067
-0.497 -0.025 -0.040
-0.521 -0.056 -0.064
-0.555 -0.076 -0.067
-0.558 -0.110 -0.094
-0.570 -0.120 -0.105
-0.597 -0.128 -0.104
-0.603 -0.108 -0.084
-0.605 -0.112 -0.085
-0.587 -0.106 -0.081
-0.556 -0.111 -0.096
-0.535 -0.100 -0.097
-0.524 -0.096 -0.107
-0.575 -0.095 -0.078
-0.495 -0.003 -0.014
-0.590 -0.102 -0.060
-0.377  0.161  0.094
-0.567 -0.101 -0.087
-0.541 -0.044 -0.048
-0.574 -0.065 -0.057
-0.550 -0.041 -0.043
-0.563 -0.059 -0.051
-0.495 -0.014 -0.032
-0.531 -0.032 -0.063
-0.501  0.003 -0.051
-0.542 -0.026 -0.042
-0.520  0.005 -0.013
-0.518 -0.009 -0.031
-0.483  0.041  0.007
-0.489  0.019 -0.022
-0.480  0.084  0.053
-0.470  0.054  0.009
-0.453  0.077  0.047
-0.440  0.071  0.024
-0.455  0.043 -0.009
-0.460  0.009 -0.043
-0.477  0.012 -0.035
-0.287  0.298  0.156
-0.490  0.033 -0.013
-0.473  0.074  0.014
-0.500  0.025 -0.031
-0.464  0.024 -0.056
-0.495  0.002 -0.078
-0.477  0.046 -0.047
-0.514  0.008 -0.076
-0.522  0.040 -0.017
-0.518 -0.018 -0.087
-0.513 -0.026 -0.102
-0.519 -0.064 -0.159
-0.530 -0.042 -0.119
-0.491 -0.014 -0.108
-0.537 -0.026 -0.095
-0.505  0.040 -0.043
-0.489 -0.029 -0.113
-0.476 -0.022 -0.124
-0.527 -0.062 -0.154
-0.541 -0.024 -0.090
-0.533 -0.040 -0.112
-0.542 -0.039 -0.097
-0.551 -0.062 -0.112
-0.554 -0.047 -0.095
-0.527 -0.000 -0.046
-0.543 -0.028 -0.045
-0.521 -0.017 -0.045
-0.543 -0.053 -0.081
-0.526 -0.044 -0.090
-0.545 -0.072 -0.113
-0.561 -0.028 -0.045
-0.525 -0.044 -0.068
-0.531  0.004 -0.002
-0.493 -0.026 -0.058
-0.507 -0.004 -0.023
-0.471 -0.013 -0.059
-0.466  0.017 -0.019
-0.449  0.018 -0.025
-0.450  0.007 -0.024
-0.451 -0.007 -0.044
-0.460 -0.025 -0.060
-0.463 -0.046 -0.091
-0.468 -0.024 -0.058
-0.404  0.063  0.017
-0.502 -0.003  0.018
-0.489  0.053  0.061
-0.541 -0.046 -0.015
-0.512 -0.048 -0.034
-0.541 -0.060 -0.039
-0.519 -0.019  0.008
-0.515 -0.055 -0.019
-0.534 -0.022  0.025
-0.522 -0.072 -0.048
-0.535 -0.061 -0.037
-0.524 -0.067 -0.057
-0.539 -0.058 -0.036
-0.558 -0.068 -0.031
-0.541 -0.065 -0.023
-0.562 -0.093 -0.056
-0.527 -0.080 -0.068
-0.502 -0.013 -0.035
-0.519 -0.052 -0.035
-0.476 -0.003  0.008
-0.495 -0.013  0.014
-0.457  0.028  0.040
-0.481 -0.019 -0.020
-0.483 -0.002  0.007
-0.502 -0.022 -0.007
-0.481 -0.006  0.021
-0.481 -0.022  0.013
-0.467 -0.024 -0.002
-0.296  0.213  0.132
-0.477 -0.030 -0.011
-0.453  0.001  0.008
-0.470 -0.007  0.007
-0.412  0.045  0.031
-0.424  0.036  0.026
-0.354  0.163  0.129
-0.383  0.159  0.122
-0.373  0.208  0.200
-0.342  0.176  0.152
-0.353  0.176  0.152
-0.363  0.144  0.130
-0.409  0.094  0.073
-0.406  0.055  0.063
-0.428  0.022  0.045
-0.343  0.129  0.121
-0.392  0.038  0.075
-0.396  0.034  0.071
-0.428 -0.004  0.033
-0.447  0.004  0.044
-0.463 -0.005  0.033
-0.458  0.020  0.071
-0.483 -0.000  0.077
-0.489 -0.009  0.069
-0.473 -0.007  0.039
-0.535 -0.043  0.011
-0.479  0.068  0.084
-0.518 -0.022  0.033
-0.483  0.013  0.059
-0.489 -0.028  0.030
-0.469 -0.022  0.017
-0.504 -0.044 -0.005
-0.461  0.008  0.033
-0.481 -0.014  0.023
-0.436  0.039  0.077
-0.450 -0.008  0.018
-0.468 -0.007  0.029
-0.467 -0.008  0.029
-0.438  0.012  0.058
-0.346  0.187  0.195
-0.449 -0.013  0.029
-0.442 -0.031 -0.014
-0.467 -0.050 -0.021
-0.482 -0.009  0.046
-0.473 -0.048 -0.014
-0.475 -0.034  0.017
-0.472 -0.055 -0.018
-0.468 -0.072 -0.045
-0.467 -0.065 -0.038
-0.452 -0.034 -0.006
-0.367  0.049  0.053
-0.440 -0.022  0.029
-0.343  0.139  0.125
-0.477 -0.063 -0.028
-0.456 -0.056 -0.057
-0.504 -0.071 -0.034
-0.515 -0.032  0.022
-0.540 -0.063  0.004
-0.530 -0.045  0.021
-0.545 -0.072 -0.011
-0.522 -0.043  0.006
-0.295  0.231  0.178
-0.431  0.062  0.069
-0.380  0.167  0.149
-0.443  0.044  0.058
-0.445  0.040  0.040
-0.485  0.002  0.015
-0.462  0.034  0.030
-0.464  0.033  0.057
-0.412  0.098  0.114
-0.411  0.082  0.087
-0.432  0.108  0.121
-0.428  0.098  0.062
-0.392  0.125  0.078
-0.405  0.112  0.070
-0.387  0.112  0.071
-0.230  0.356  0.211
-0.483  0.029 -0.004
-0.496  0.021 -0.014
-0.510  0.013 -0.011
-0.473  0.030  0.001
-0.512 -0.016 -0.013
-0.497  0.033  0.040
-0.495  0.004 -0.010
-0.464  0.039  0.017
-0.437  0.065  0.046
-0.405  0.097  0.072
-0.316  0.279  0.201
-0.467  0.080  0.065
-0.485  0.058  0.048
-0.472  0.063  0.052
-0.464  0.105  0.110
-0.475  0.035  0.062
-0.455  0.045  0.074
-0.252  0.307  0.232
-0.479  0.029  0.054
-0.443  0.051  0.063
-0.440  0.057  0.091
-0.422  0.093  0.117
-0.462  0.026  0.044
-0.491  0.029  0.057
-0.476  0.021  0.023
-0.442  0.043  0.043
-0.425  0.035  0.024
-0.431  0.033  0.013
-0.335  0.197  0.113
-0.451  0.033  0.014
-0.430  0.053  0.026
-0.438  0.039  0.046
-0.447  0.029  0.015
-0.503 -0.027 -0.016
-0.496  0.001  0.010
-0.514 -0.010  0.010
-0.508  0.026  0.065
-0.474  0.016  0.014
-0.463  0.028  0.026
-0.468  0.013  0.009
-0.457  0.023  0.015
-0.435  0.016  0.003
-0.451  0.018  0.014
-0.418  0.076  0.063
-0.470 -0.008  0.012
-0.433  0.043  0.037
-0.458  0.014  0.004
-0.439  0.071  0.070
-0.465  0.022  0.021
-0.470  0.030  0.041
-0.488  0.001  0.010
-0.482  0.015  0.024
-0.362  0.242  0.187
-0.501  0.033  0.067
-0.521  0.026  0.057
-0.540  0.017  0.076
-0.474  0.081  0.114
-0.487  0.050  0.075
-0.504  0.085  0.114
-0.479  0.070  0.072
-0.488  0.054  0.055
-0.522  0.021  0.020
-0.523  0.022  0.023
-0.378  0.172  0.108
-0.533 -0.008 -0.004
-0.550 -0.027 -0.028
-0.553 -0.015  0.003
-0.526  0.041  0.065
-0.511  0.025  0.064
-0.483  0.072  0.108
-0.479  0.045  0.072
-0.474  0.043  0.074
-0.349  0.182  0.124
-0.510  0.008  0.023
-0.501  0.013  0.021
-0.513 -0.001  0.017
-0.506  0.003  0.019
-0.559 -0.071 -0.044
-0.600 -0.098 -0.056
-0.594 -0.135 -0.103
-0.575 -0.108 -0.088
-0.453  0.109  0.078
-0.550 -0.052 -0.021
-0.524 -0.022 -0.001
-0.552 -0.036 -0.009
-0.563 -0.000  0.049
-0.528 -0.008  0.007
-0.497  0.026  0.031
-0.290  0.298  0.201
-0.497  0.010  0.003
-0.491  0.018 -0.011
-0.541 -0.056 -0.068
-0.518 -0.043 -0.077
-0.510 -0.030 -0.070
-0.491  0.023 -0.005
-0.462  0.005 -0.022
-0.448  0.016 -0.001
-0.467 -0.030 -0.038
-0.469 -0.039 -0.047
-0.403  0.013 -0.015
-0.478 -0.042 -0.019
-0.445  0.016  0.049
-0.490 -0.072 -0.014
-0.484 -0.088 -0.039
-0.517 -0.103 -0.048
-0.523 -0.058  0.019
-0.473 -0.060 -0.016
-0.468 -0.056 -0.017
-0.491 -0.100 -0.065
-0.501 -0.116 -0.076
-0.290  0.178  0.096
-0.461 -0.077 -0.066
-0.407 -0.036 -0.039
-0.459 -0.082 -0.071
-0.461 -0.086 -0.086
-0.475 -0.105 -0.096
-0.481 -0.059 -0.022
-0.440 -0.077 -0.056
-0.442 -0.080 -0.070
-0.477 -0.129 -0.118
-0.461 -0.100 -0.091
-0.429 -0.070 -0.070
-0.431 -0.040 -0.032
-0.378 -0.012 -0.027
-0.436 -0.059 -0.063
-0.347 -0.005 -0.069
-0.470 -0.122 -0.137
-0.424 -0.032 -0.069
-0.454 -0.068 -0.070
-0.416 -0.042 -0.062
-0.453 -0.078 -0.084
-0.446 -0.073 -0.080
-0.486 -0.091 -0.079
-0.483 -0.049 -0.030
-0.464 -0.066 -0.051
-0.462 -0.034 -0.001
-0.462 -0.068 -0.040
-0.453 -0.048 -0.031
-0.447 -0.046 -0.021
-0.410 -0.025 -0.005
-0.332  0.028  0.005
-0.392 -0.029 -0.035
-0.351  0.038 -0.008
-0.365  0.005 -0.019
-0.329  0.030 -0.010
-0.328  0.025  0.003
-0.305  0.031 -0.012
-0.347 -0.022 -0.049
-0.344 -0.005 -0.011
-0.370 -0.038 -0.030
-0.392 -0.018  0.011
-0.398 -0.051 -0.020
-0.411 -0.058 -0.023
-0.406 -0.078 -0.049
-0.374 -0.040 -0.027
-0.356 -0.013 -0.007
-0.392 -0.042 -0.015
-0.379  0.001  0.022
-0.405 -0.043 -0.009
-0.403 -0.038  0.011
-0.420 -0.054 -0.016
-0.450 -0.104 -0.063
-0.435 -0.094 -0.068
-0.345  0.055  0.012
-0.403 -0.045 -0.054
-0.398  0.003 -0.005
-0.398 -0.021 -0.036
-0.369  0.013 -0.023
-0.362  0.009 -0.023
-0.336  0.023 -0.005
-0.369 -0.006 -0.024
-0.382  0.007  0.004
-0.178  0.270  0.171
-0.358  0.023  0.017
-0.328  0.066  0.042
-0.363  0.020  0.018
-0.309  0.087  0.062
-0.302  0.086  0.064
-0.284  0.108  0.077
-0.256  0.170  0.109
-0.312  0.069  0.031
-0.296  0.090  0.066
-0.335  0.034  0.023
-0.365  0.030  0.033
-0.376 -0.029 -0.078
-0.403 -0.002 -0.053
-0.389 -0.024 -0.088
-0.351  0.042 -0.022
-0.323  0.033 -0.032
-0.284  0.087  0.021
-0.321  0.043 -0.008
-0.365  0.036  0.014
-0.393  0.009 -0.045
-0.385  0.041 -0.022
-0.365  0.042 -0.041
-0.344  0.054 -0.043
-0.350  0.044 -0.038
-0.319  0.078 -0.012
-0.163  0.295  0.124
-0.387  0.020 -0.033
-0.412  0.010 -0.030
-0.429  0.002 -0.021
-0.395  0.050  0.015
-0.398  0.038  0.022
-0.395  0.091  0.107
-0.411  0.031  0.043
-0.418  0.023  0.055
-0.443  0.003  0.031
-0.398  0.050  0.050
-0.320  0.098  0.066
-0.342  0.073  0.069
-0.257  0.237  0.196
-0.392  0.026  0.054
-0.426 -0.005  0.040
-0.468 -0.041  0.032
-0.462 -0.016  0.058
-0.492 -0.054  0.037
-0.500 -0.043  0.038
-0.479 -0.056 -0.006
-0.441 -0.026  0.007
-0.325  0.065  0.057
-0.385  0.004  0.023
-0.372  0.029  0.040
-0.398 -0.008  0.033
-0.354  0.035  0.054
-0.379  0.014  0.046
-0.366  0.045  0.076
-0.384  0.004  0.034
-0.426  0.016  0.067
-0.459 -0.027  0.001
-0.489 -0.035 -0.005
-0.460 -0.015  0.013
-0.413  0.033  0.035
-0.323  0.211  0.177
-0.443  0.038  0.056
-0.466  0.039  0.079
-0.541 -0.008  0.067
-0.483  0.042  0.092
-0.474  0.052  0.092
-0.414  0.125  0.161
-0.404  0.131  0.179
-0.386  0.206  0.282
-0.288  0.226  0.261
-0.283  0.224  0.245
-0.292  0.204  0.237
-0.339  0.193  0.240
-0.383  0.151  0.220
-0.398  0.130  0.179
-0.346  0.225  0.269
-0.369  0.128  0.226
-0.390  0.111  0.120
-0.422  0.068  0.086
-0.432  0.062  0.074
-0.475 -0.014 -0.024
-0.490  0.011  0.019
-0.469 -0.018  0.021
-0.495 -0.005  0.036
-0.498 -0.046  0.048
-0.507 -0.055  0.045
-0.510 -0.050  0.011
-0.503 -0.044  0.005
-0.309  0.217  0.172
-0.513 -0.070 -0.021
-0.490 -0.045 -0.010
-0.496 -0.077 -0.062
-0.445 -0.040 -0.062
-0.446 -0.034 -0.058
-0.419 -0.005 -0.042
-0.472 -0.055 -0.077
-0.464 -0.055 -0.074
-0.487 -0.075 -0.098
-0.462 -0.016 -0.039
-0.463 -0.057 -0.095
-0.449  0.001 -0.024
-0.464 -0.051 -0.074
-0.464 -0.018 -0.016
-0.444 -0.001 -0.038
-0.421  0.038  0.006
-0.421  0.043  0.032
-0.387  0.069  0.043
-0.400  0.033  0.009
-0.411  0.016 -0.010
-0.373  0.087  0.042
-0.407  0.012 -0.022
-0.387  0.013 -0.008
-0.415 -0.006 -0.013
-0.412 -0.009 -0.020
-0.450 -0.036 -0.031
-0.448 -0.035 -0.026
-0.502 -0.085 -0.063
-0.511 -0.057 -0.003
-0.470 -0.067 -0.056
-0.448 -0.051 -0.065
-0.440 -0.042 -0.043
-0.402 -0.008 -0.028
-0.338  0.139  0.072
-0.451 -0.061 -0.066
-0.459 -0.077 -0.073
-0.487 -0.098 -0.076
-0.436 -0.040 -0.027
-0.426 -0.038 -0.042
-0.397  0.011 -0.024
-0.365 -0.007 -0.085
-0.373  0.022 -0.044
-0.400 -0.053 -0.117
-0.428 -0.036 -0.074
-0.437 -0.067 -0.104
-0.428 -0.046 -0.073
-0.424 -0.033 -0.054
-0.359  0.042 -0.003
-0.197  0.224  0.119
-0.278  0.125  0.062
-0.228  0.211  0.121
-0.266  0.131  0.060
-0.273  0.102  0.041
-0.314  0.065  0.013
-0.310  0.088  0.030
-0.324  0.044 -0.014
-0.322  0.072  0.019
-0.296  0.076  0.011
-0.286  0.092  0.037
-0.314  0.067  0.022
-0.342  0.037  0.000
-0.385 -0.003 -0.016
-0.374  0.009 -0.028
-0.359  0.072  0.011
-0.392 -0.021 -0.061
-0.349  0.008 -0.046
-0.383 -0.020 -0.068
-0.385 -0.007 -0.034
-0.404 -0.057 -0.069
-0.413 -0.026 -0.017
-0.430 -0.086 -0.083
-0.450 -0.107 -0.075
-0.481 -0.147 -0.101
-0.468 -0.145 -0.096
-0.220  0.164  0.084
-0.386 -0.087 -0.096
-0.344 -0.048 -0.077
-0.348 -0.055 -0.076
-0.296 -0.009 -0.038
-0.326 -0.018 -0.028
-0.353 -0.040 -0.032
-0.400 -0.071 -0.038
-0.421 -0.053  0.008
-0.398 -0.072 -0.030
-0.351 -0.017 -0.010
-0.296  0.021 -0.007
-0.254  0.058  0.019
-0.211  0.076  0.017
-0.261  0.038  0.010
-0.276  0.044  0.019
-0.295  0.019  0.006
-0.264  0.068  0.044
-0.284  0.057  0.045
-0.279  0.067  0.053
-0.322 -0.015 -0.011
-0.345 -0.007  0.015
-0.358 -0.054 -0.047
-0.392 -0.077 -0.056
-0.407 -0.089 -0.064
-0.379 -0.063 -0.063
-0.382 -0.069 -0.073
-0.356 -0.049 -0.058
-0.409 -0.115 -0.101
-0.415 -0.116 -0.095
-0.388 -0.101 -0.096
-0.438 -0.135 -0.109
-0.239  0.142  0.064
-0.400 -0.120 -0.111
-0.277  0.083  0.047
-0.365 -0.093 -0.064
-0.381 -0.103 -0.074
-0.438 -0.155 -0.114
-0.457 -0.170 -0.113
-0.436 -0.156 -0.103
-0.400 -0.112 -0.079
-0.393 -0.111 -0.084
-0.365 -0.096 -0.082
-0.185  0.144  0.066
-0.418 -0.160 -0.133
-0.432 -0.176 -0.161
-0.451 -0.188 -0.159
-0.430 -0.144 -0.119
-0.431 -0.157 -0.135
-0.416 -0.078 -0.056
-0.391 -0.075 -0.059
-0.333  0.002  0.017
-0.356 -0.014  0.024
-0.324  0.014  0.060
-0.384 -0.014  0.040
-0.396  0.014  0.076
-0.372  0.023  0.054
-0.349  0.080  0.103
-0.331  0.049  0.046
-0.328  0.090  0.111
-0.333  0.036  0.058
-0.349  0.044  0.090
-0.361 -0.033 -0.011
-0.356 -0.010 -0.002
-0.349 -0.043 -0.056
-0.354 -0.051 -0.069
-0.418 -0.142 -0.119
-0.449 -0.162 -0.129
-0.509 -0.230 -0.178
-0.498 -0.215 -0.164
-0.486 -0.197 -0.165
-0.431 -0.144 -0.132
-0.326 -0.059 -0.088
-0.378 -0.114 -0.115
-0.197  0.138  0.046
-0.385 -0.140 -0.134
-0.370 -0.102 -0.115
-0.409 -0.169 -0.152
-0.397 -0.163 -0.160
-0.422 -0.170 -0.160
-0.414 -0.129 -0.115
-0.430 -0.158 -0.149
-0.417 -0.106 -0.103
-0.409 -0.107 -0.100
-0.386 -0.066 -0.050
-0.379 -0.066 -0.048
-0.384 -0.071 -0.051
-0.390 -0.077 -0.056
-0.376 -0.036 -0.019
-0.177  0.247  0.171
-0.367 -0.016  0.019
-0.328  0.068  0.069
-0.401 -0.041 -0.014
-0.402 -0.053 -0.038
-0.406 -0.044 -0.031
-0.420 -0.015  0.012
-0.390 -0.014 -0.014
-0.359  0.006 -0.007
-0.214  0.148  0.070
-0.323  0.046  0.001
-0.283  0.119  0.064
-0.329  0.029  0.019
-0.318  0.047  0.039
-0.364 -0.016 -0.013
-0.370 -0.034 -0.036
-0.405 -0.073 -0.050
-0.394 -0.060 -0.046
-0.396 -0.051 -0.029
-0.350 -0.005 -0.002
-0.361 -0.011 -0.003
-0.341  0.010  0.010
-0.387 -0.032 -0.008
-0.387 -0.044 -0.023
-0.414 -0.069 -0.031
-0.380 -0.024 -0.013
-0.361 -0.000  0.016
-0.319  0.028  0.030
-0.348  0.016  0.034
-0.318  0.032  0.041
-0.348  0.017  0.033
-0.321  0.040  0.045
-0.331  0.061  0.083
-0.306  0.098  0.089
-0.327  0.080  0.075
-0.313  0.095  0.058
-0.350  0.075  0.066
-0.341  0.068  0.054
-0.356  0.067  0.057
-0.322  0.119  0.091
-0.324  0.131  0.118
-0.288  0.175  0.156
-0.324  0.132  0.120
-0.347  0.132  0.127
-0.383  0.086  0.086
-0.398  0.114  0.137
-0.392  0.067  0.081
-0.413  0.088  0.129
-0.428  0.015  0.055
-0.438  0.023  0.054
-0.434  0.016  0.034
-0.396  0.038  0.051
-0.371  0.030  0.051
-0.370  0.029  0.033
-0.418 -0.031 -0.000
-0.441 -0.049 -0.034
-0.438 -0.073 -0.055
-0.476 -0.079 -0.044
-0.288  0.158  0.114
-0.477 -0.105 -0.072
-0.399  0.026  0.014
-0.477 -0.104 -0.053
-0.431 -0.032  0.028
-0.428 -0.021  0.050
-0.401 -0.014  0.027
-0.419 -0.044 -0.000
-0.412 -0.037  0.012
-0.467 -0.090 -0.023
-0.442 -0.045  0.020
-0.468 -0.070 -0.007
-0.455 -0.006  0.068
-0.423 -0.022  0.023
-0.416  0.013  0.054
-0.449 -0.043  0.006
-0.461 -0.056 -0.032
-0.297  0.116  0.065
-0.456 -0.034 -0.005
-0.432 -0.001  0.021
-0.454  0.012  0.023
-0.467  0.053  0.095
-0.462  0.016  0.065
-0.484  0.004  0.065
-0.475 -0.016  0.019
-0.434  0.024  0.040
-0.417  0.048  0.058
-0.438  0.062  0.090
-0.420  0.092  0.122
-0.382  0.140  0.139
-0.435  0.030  0.051
-0.468  0.011  0.067
-0.486 -0.072 -0.037
-0.482 -0.064 -0.025
-0.462 -0.045 -0.048
-0.457 -0.045 -0.040
-0.262  0.229  0.155
-0.434 -0.036 -0.002
-0.440 -0.042  0.010
-0.415 -0.012  0.012
-0.368  0.009  0.013
-0.426 -0.029 -0.003
-0.400  0.026  0.013
-0.433 -0.037 -0.028
-0.419 -0.031 -0.024
-0.467 -0.070 -0.057
-0.463 -0.074 -0.051
-0.502 -0.111 -0.077
-0.518 -0.084 -0.030
-0.527 -0.072 -0.024
-0.521 -0.040  0.027
-0.480  0.036  0.093
-0.543 -0.064  0.022
-0.535 -0.059  0.030
-0.545 -0.060  0.015
-0.516 -0.022  0.028
-0.511 -0.018  0.020
-0.500  0.021  0.042
-0.507  0.046  0.069
-0.554  0.003  0.029
-0.554  0.013  0.037
-0.559  0.014  0.027
-0.526  0.050  0.024
-0.520  0.054  0.012
-0.490  0.092  0.034
-0.339  0.312  0.202
-0.489  0.051  0.011
-0.484  0.001 -0.028
-0.493 -0.027 -0.047
-0.485  0.011 -0.001
-0.481  0.003 -0.026
-0.471  0.020 -0.011
-0.475  0.001 -0.034
-0.470  0.003 -0.018
-0.292  0.244  0.129
-0.474 -0.037 -0.061
-0.432 -0.014 -0.059
-0.441 -0.015 -0.041
-0.415  0.040  0.029
-0.393  0.009 -0.024
-0.403  0.028  0.029
-0.399 -0.019 -0.039
-0.398 -0.034 -0.053
-0.395 -0.040 -0.068
-0.356  0.012 -0.020
-0.166  0.295  0.168
-0.329  0.047  0.018
-0.276  0.100  0.054
-0.314  0.048  0.016
-0.302  0.035 -0.001
-0.351 -0.007 -0.026
-0.332  0.074  0.062
-0.288  0.089  0.041
-0.231  0.137  0.077
-0.234  0.130  0.072
-0.226  0.129  0.075
-0.063  0.327  0.185
-0.289  0.043  0.018
-0.267  0.069  0.048
-0.277  0.074  0.073
-0.265  0.105  0.104
-0.258  0.088  0.081
-0.239  0.088  0.063
-0.224  0.100  0.063
-0.284 -0.008 -0.010
-0.272  0.009 -0.007
-0.303 -0.036 -0.040
-0.329 -0.026 -0.019
-0.327 -0.083 -0.087
-0.321 -0.076 -0.057
-0.306 -0.065 -0.047
-0.274 -0.019 -0.013
-0.058  0.253  0.179
-0.259 -0.035 -0.026
-0.248 -0.055 -0.057
-0.270 -0.076 -0.052
-0.244 -0.022 -0.018
-0.292 -0.052 -0.037
-0.265 -0.004 -0.006
-0.295 -0.065 -0.073
-0.321 -0.049 -0.027
-0.299 -0.044 -0.039
-0.288  0.023  0.052
-0.298  0.010  0.054
-0.287  0.039  0.083
-0.293 -0.004  0.023
-0.276  0.004  0.023
-0.274  0.001  0.023
-0.267  0.036  0.048
-0.272  0.038  0.047
-0.242  0.066  0.069
-0.254  0.032  0.037
-0.234  0.044  0.037
-0.092  0.193  0.111
-0.198  0.090  0.071
-0.107  0.245  0.182
-0.179  0.099  0.090
