 0.100  0.084  0.074
 0.097  0.083  0.049
 0.118  0.074  0.034
 0.091  0.043  0.067
 0.069 -0.020  0.134
 0.014 -0.030  0.247
 0.018  0.013  0.243
 0.106  0.121  0.172
 0.069  0.122  0.133
 0.139  0.143  0.099
 0.116  0.131  0.084
 0.167  0.159  0.074
 0.152  0.160  0.067
 0.169  0.164  0.065
 0.153  0.101  0.015
 0.179  0.096  0.083
 0.170  0.103  0.076
 0.123  0.079  0.096
 0.244  0.313  0.305
 0.079  0.039  0.092
 0.117  0.038  0.059
 0.142  0.065  0.110
 0.216  0.121  0.157
-0.295 -0.469 -0.257
-0.947 -1.115 -1.042
-0.917 -1.027 -0.997
-0.703 -0.662 -0.729
-0.886 -1.007 -0.969
-0.850 -0.973 -0.928
-0.896 -1.010 -0.956
-0.840 -0.949 -0.872
-0.731 -0.854 -0.807
-0.300 -0.379 -0.245
-0.383 -0.449 -0.333
-0.459 -0.485 -0.386
-0.385 -0.403 -0.474
-0.341 -0.337 -0.397
-0.218 -0.164 -0.306
-0.439 -0.543 -0.500
 1.145  1.049  1.279
 1.085  0.970  1.211
 1.028  0.922  1.159
 1.017  0.911  1.147
 0.983  0.865  1.128
 0.923  0.834  1.136
 0.943  1.002  1.240
 0.893  0.905  1.129
 0.917  0.928  1.093
 0.903  0.897  1.061
 1.054  1.122  1.192
 0.863  0.803  0.942
 0.870  0.816  0.943
 0.911  0.873  1.031
 1.098  1.201  1.238
 0.833  0.888  0.992
 0.806  0.863  0.926
 0.755  0.811  0.891
 0.712  0.759  0.813
 0.682  0.741  0.760
 0.661  0.729  0.699
 0.677  0.733  0.691
 0.623  0.666  0.706
 0.628  0.665  0.628
 0.616  0.696  0.655
 0.614  0.698  0.668
 0.492  0.649  0.627
 0.489  0.623  0.543
 0.497  0.595  0.506
 0.425  0.537  0.446
 0.410  0.497  0.409
 0.395  0.519  0.389
 0.514  0.558  0.441
 0.467  0.520  0.479
 0.481  0.558  0.607
 0.461  0.640  0.608
 0.600  0.914  0.712
 0.401  0.546  0.476
 0.399  0.511  0.444
 0.398  0.434  0.415
 0.310  0.343  0.381
 0.277  0.324  0.316
 0.218  0.260  0.232
 0.219  0.250  0.207
 0.122  0.206  0.207
 0.123  0.205  0.215
 0.170  0.238  0.295
 0.172  0.317  0.372
 0.162  0.358  0.395
 0.140  0.379  0.395
 0.154  0.346  0.298
 0.095  0.247  0.192
 0.056  0.174  0.107
 0.032  0.112  0.033
 0.012  0.083 -0.019
 0.029  0.088 -0.063
-0.015  0.074 -0.103
 0.009  0.084 -0.081
-0.073  0.016  0.021
-0.039 -0.011  0.063
 0.088  0.170  0.184
-0.068 -0.026  0.082
-0.079  0.043  0.143
-0.124  0.150  0.184
-0.116  0.194  0.167
-0.119  0.127  0.106
-0.086  0.129  0.101
-0.084  0.093  0.078
-0.085  0.064  0.038
-0.052  0.161  0.093
-0.110 -0.034 -0.062
-0.100 -0.045 -0.090
-0.040  0.008 -0.008
 0.038  0.104  0.073
 0.071  0.141  0.068
 0.004  0.121  0.030
-0.074  0.019 -0.007
-0.189 -0.027  0.031
-0.203  0.008  0.028
-0.261  0.012  0.030
-0.266 -0.011  0.004
-0.261  0.038  0.096
-0.252  0.178  0.098
-0.288  0.230  0.086
-0.257  0.206  0.013
-0.255  0.159 -0.047
-0.208  0.196 -0.058
-0.239 -0.029 -0.185
-0.221 -0.077 -0.211
-0.240 -0.123 -0.130
-0.111  0.142  0.131
-0.132  0.018  0.032
-0.145  0.077  0.013
-0.214  0.122  0.012
-0.156  0.169 -0.040
-0.086  0.097 -0.092
 0.064  0.143 -0.109
-0.025  0.061 -0.141
 0.011  0.102 -0.016
-0.028  0.103  0.048
-0.080  0.071  0.011
-0.114  0.066  0.004
-0.129  0.074 -0.027
-0.065  0.064 -0.098
-0.049 -0.013 -0.145
-0.005  0.032 -0.050
-0.050  0.016 -0.007
 0.082  0.249  0.185
-0.031  0.230  0.156
-0.048  0.357  0.203
-0.061  0.143  0.004
-0.125  0.082  0.060
-0.041  0.540  0.363
-0.027  0.311  0.214
-0.046  0.224  0.100
-0.010  0.141  0.018
-0.038  0.039 -0.109
-0.008 -0.100 -0.281
-0.105 -0.141 -0.282
-0.133 -0.175 -0.287
-0.123 -0.261 -0.308
-0.153 -0.244 -0.169
-0.131 -0.054 -0.114
-0.186  0.021 -0.145
-0.083  0.291 -0.064
-0.334 -0.132 -0.315
-0.381 -0.208 -0.351
-0.411 -0.282 -0.384
-0.300 -0.254 -0.363
-0.210 -0.242 -0.364
-0.258 -0.320 -0.378
-0.275 -0.371 -0.314
-0.275 -0.285 -0.203
-0.258 -0.181 -0.142
-0.225 -0.150 -0.203
-0.183 -0.166 -0.275
-0.193 -0.186 -0.266
-0.271 -0.306 -0.230
-0.210 -0.047 -0.004
-0.098  0.140  0.023
-0.223  0.052 -0.057
-0.224 -0.075 -0.137
-0.332 -0.177 -0.106
-0.305 -0.050 -0.018
-0.330 -0.148 -0.093
-0.405 -0.205 -0.138
-0.472 -0.288 -0.136
-0.519 -0.343 -0.182
-0.527 -0.418 -0.155
-0.415 -0.057  0.096
-0.580 -0.283 -0.076
-0.567 -0.310 -0.075
-0.557 -0.425 -0.147
-0.569 -0.530 -0.168
-0.548 -0.594 -0.188
-0.585 -0.668 -0.182
-0.576 -0.723 -0.247
-0.397 -0.514 -0.113
-0.574 -0.783 -0.274
-0.560 -0.721 -0.249
-0.554 -0.604 -0.177
-0.544 -0.519 -0.161
-0.456 -0.483 -0.196
-0.373 -0.375 -0.116
-0.377 -0.371 -0.149
-0.386 -0.473 -0.270
-0.407 -0.566 -0.323
-0.496 -0.461 -0.279
-0.400  0.030 -0.045
-0.512 -0.116 -0.204
-0.467 -0.179 -0.253
-0.500 -0.341 -0.331
-0.553 -0.415 -0.309
-0.475 -0.165 -0.098
-0.400  0.015 -0.051
-0.458 -0.069 -0.144
-0.372 -0.107 -0.199
-0.382 -0.215 -0.304
-0.374 -0.277 -0.330
-0.389 -0.390 -0.405
-0.446 -0.474 -0.523
-0.459 -0.462 -0.544
-0.408 -0.456 -0.473
-0.466 -0.443 -0.344
-0.515 -0.248 -0.304
-0.535 -0.060 -0.314
-0.568 -0.101 -0.193
-0.393 -0.056 -0.286
-0.435 -0.216 -0.485
-0.418 -0.283 -0.519
-0.421 -0.364 -0.434
-0.324 -0.289 -0.350
-0.325 -0.326 -0.334
-0.289 -0.313 -0.358
-0.314 -0.324 -0.350
-0.328 -0.382 -0.432
-0.315 -0.371 -0.405
-0.230 -0.238 -0.254
-0.198 -0.158 -0.207
-0.143 -0.129 -0.282
-0.222 -0.232 -0.384
-0.215 -0.286 -0.445
-0.280 -0.323 -0.467
-0.217 -0.289 -0.510
-0.185 -0.230 -0.448
-0.150 -0.176 -0.426
-0.173 -0.169 -0.415
-0.192 -0.187 -0.449
-0.172 -0.194 -0.458
-0.208 -0.218 -0.459
-0.178 -0.218 -0.473
-0.168 -0.244 -0.495
-0.133 -0.201 -0.500
-0.190 -0.185 -0.483
-0.183 -0.171 -0.543
-0.221 -0.249 -0.526
-0.286 -0.114 -0.285
-0.243  0.128 -0.043
-0.024  0.326  0.046
-0.133  0.055 -0.292
-0.061  0.098 -0.271
-0.059  0.077 -0.189
-0.015  0.142 -0.257
-0.051  0.038 -0.373
-0.078 -0.042 -0.435
-0.163 -0.152 -0.399
-0.171 -0.122 -0.213
-0.185  0.055 -0.016
-0.114  0.216  0.045
-0.125  0.214 -0.024
-0.011  0.428  0.020
-0.136  0.048 -0.234
-0.110  0.005 -0.256
-0.152 -0.035 -0.236
-0.108 -0.057 -0.255
-0.099 -0.055 -0.219
-0.085 -0.064 -0.213
-0.096 -0.071 -0.196
-0.052 -0.047 -0.217
-0.036 -0.084 -0.242
-0.006 -0.067 -0.242
-0.061 -0.081 -0.210
-0.069 -0.070 -0.237
-0.128 -0.082 -0.237
-0.113 -0.061 -0.271
-0.149 -0.064 -0.270
-0.118 -0.020 -0.255
-0.065  0.112 -0.200
-0.044  0.165 -0.155
 0.116  0.274 -0.086
 0.173  0.250 -0.088
 0.231  0.270 -0.074
 0.248  0.276 -0.050
 0.384  0.414  0.110
 0.449  0.527  0.224
 0.466  0.546  0.234
 0.375  0.481  0.223
 0.413  0.486  0.223
 0.158  0.299  0.143
-0.054  0.063 -0.087
 0.126  0.251  0.064
 0.123  0.189 -0.021
 0.138  0.166 -0.093
 0.142  0.151 -0.136
 0.171  0.172 -0.075
 0.324  0.452  0.116
 0.183  0.113  0.012
 0.114  0.237  0.162
 0.090  0.301  0.175
 0.102  0.292  0.087
 0.042  0.178 -0.023
 0.048  0.123 -0.098
 0.020  0.067 -0.142
-0.005 -0.008 -0.209
 0.064  0.009 -0.195
 0.098 -0.009 -0.198
 0.128 -0.014 -0.183
 0.293  0.135 -0.051
 0.271  0.128 -0.017
 0.274  0.143  0.001
 0.265  0.180  0.007
 0.262  0.159 -0.019
 0.239  0.098 -0.073
 0.178  0.020 -0.104
 0.169 -0.025 -0.126
 0.129 -0.070 -0.145
 0.131 -0.069 -0.132
 0.072 -0.100 -0.167
 0.064 -0.101 -0.182
 0.081 -0.019 -0.135
 0.034 -0.142 -0.232
 0.032 -0.124 -0.192
 0.229  0.098 -0.079
 0.101 -0.056 -0.181
 0.129 -0.021 -0.168
 0.125 -0.001 -0.134
 0.180  0.186  0.007
 0.068 -0.052 -0.164
 0.063 -0.037 -0.160
 0.063 -0.032 -0.170
 0.047 -0.045 -0.170
 0.076 -0.029 -0.162
 0.036 -0.033 -0.120
 0.088  0.017 -0.056
 0.092  0.058 -0.008
 0.097  0.102  0.006
 0.061  0.099  0.009
 0.083  0.141  0.018
 0.071  0.112 -0.014
 0.114  0.134 -0.018
 0.106  0.116 -0.056
 0.091  0.107 -0.057
 0.108  0.124 -0.050
 0.135  0.152 -0.021
 0.139  0.144 -0.012
 0.179  0.162  0.002
 0.168  0.169  0.014
 0.170  0.150 -0.007
 0.129  0.121 -0.032
 0.107  0.113 -0.056
 0.057  0.078 -0.095
 0.024  0.056 -0.138
 0.032  0.085 -0.125
 0.020  0.059 -0.159
 0.033  0.075 -0.158
 0.110  0.281 -0.013
 0.004  0.073 -0.172
 0.021  0.087 -0.175
 0.010  0.081 -0.177
 0.001  0.065 -0.184
 0.054  0.095 -0.121
 0.104  0.153 -0.005
 0.094  0.179  0.006
 0.097  0.172 -0.037
 0.077  0.168 -0.052
 0.045  0.168 -0.060
 0.018  0.128 -0.080
 0.042  0.168  0.008
 0.068  0.157 -0.005
 0.097  0.179 -0.001
 0.167  0.243  0.009
 0.069  0.169 -0.036
 0.024  0.163 -0.044
 0.214  0.462  0.122
 0.015  0.117 -0.114
 0.038  0.113 -0.111
 0.019  0.103 -0.101
 0.003  0.083 -0.115
 0.016  0.098 -0.090
-0.003  0.109 -0.071
 0.031  0.129 -0.049
 0.132  0.243  0.048
 0.137  0.269  0.058
 0.112  0.244  0.041
 0.118  0.237  0.027
 0.049  0.189  0.030
 0.057  0.164  0.006
 0.008  0.108  0.001
 0.019  0.111  0.018
 0.000  0.085  0.014
-0.009  0.072 -0.009
 0.031  0.105 -0.018
 0.008  0.083 -0.024
-0.021  0.062 -0.046
 0.028  0.113 -0.020
 0.048  0.147  0.021
 0.110  0.138  0.005
 0.084  0.121  0.011
 0.037  0.099  0.025
 0.098  0.101 -0.018
 0.041  0.068 -0.026
 0.015  0.071  0.007
 0.012  0.036 -0.046
 0.035  0.053 -0.043
-0.050  0.021 -0.018
 0.120  0.319  0.164
-0.127 -0.027 -0.086
-0.135 -0.037 -0.105
-0.129 -0.038 -0.109
-0.067 -0.043 -0.127
-0.110 -0.085 -0.128
-0.137 -0.088 -0.107
-0.129 -0.107 -0.163
-0.101 -0.087 -0.144
-0.118 -0.103 -0.153
-0.077 -0.072 -0.138
 0.076  0.196  0.057
-0.077 -0.076 -0.128
-0.102 -0.057 -0.105
 0.003  0.002 -0.117
-0.126 -0.118 -0.193
-0.097 -0.103 -0.172
-0.052 -0.069 -0.139
 0.031 -0.036 -0.139
-0.005 -0.073 -0.149
-0.047 -0.088 -0.131
-0.060 -0.134 -0.193
-0.046 -0.118 -0.189
-0.041 -0.115 -0.180
 0.034 -0.062 -0.159
 0.001 -0.099 -0.157
-0.021 -0.077 -0.072
-0.061 -0.041 -0.026
-0.052 -0.031 -0.033
 0.034  0.006 -0.026
 0.046  0.024  0.004
 0.117  0.007 -0.041
 0.095 -0.004 -0.033
 0.123  0.015 -0.009
 0.119 -0.008 -0.022
 0.115 -0.012 -0.007
 0.089 -0.017 -0.013
 0.050 -0.017  0.005
 0.078 -0.028 -0.024
 0.095 -0.023 -0.034
 0.054 -0.007 -0.009
 0.122  0.024 -0.019
 0.063 -0.013 -0.021
 0.054  0.002 -0.001
 0.099  0.104  0.077
 0.053 -0.031 -0.008
 0.030  0.010  0.049
 0.026 -0.001 -0.002
 0.046  0.040  0.019
-0.001  0.043  0.041
-0.030 -0.000  0.027
 0.007  0.005  0.023
 0.012 -0.002  0.034
 0.023  0.009  0.043
 0.086  0.066  0.079
 0.125  0.089  0.088
 0.133  0.112  0.153
 0.083  0.134  0.249
 0.039  0.154  0.280
 0.053  0.189  0.283
 0.044  0.188  0.247
 0.068  0.157  0.186
 0.091  0.154  0.174
 0.114  0.143  0.139
 0.131  0.132  0.101
 0.124  0.077  0.052
 0.142  0.082  0.054
 0.304  0.292  0.176
 0.152  0.076  0.026
 0.154  0.089  0.022
 0.138  0.074  0.021
 0.193  0.123  0.087
 0.132  0.119  0.114
 0.015  0.053  0.102
 0.053  0.071  0.079
 0.048  0.069  0.094
 0.153  0.171  0.195
-0.100 -0.045  0.059
-0.120 -0.004  0.125
-0.082  0.003  0.070
-0.083  0.013  0.041
-0.039  0.038  0.051
-0.016  0.036  0.026
 0.051  0.094  0.033
 0.051  0.115  0.038
 0.243  0.304  0.138
 0.114  0.098 -0.003
 0.174  0.114  0.033
 0.193  0.097  0.040
 0.170  0.069  0.021
 0.188  0.098  0.025
 0.167  0.098  0.040
 0.143  0.102  0.026
 0.173  0.143  0.025
 0.162  0.142  0.019
 0.147  0.100 -0.026
 0.174  0.082 -0.061
 0.152  0.063 -0.067
 0.136  0.010 -0.109
 0.156  0.032 -0.098
 0.129  0.046 -0.086
 0.097  0.038 -0.088
 0.097  0.066 -0.063
 0.079  0.074 -0.047
 0.038  0.031 -0.054
 0.036  0.033 -0.052
 0.041  0.021 -0.057
 0.243  0.298  0.097
 0.018 -0.121 -0.147
-0.015 -0.144 -0.105
 0.087  0.062  0.071
-0.105 -0.189 -0.067
-0.098 -0.152 -0.047
-0.099 -0.185 -0.102
-0.052 -0.154 -0.114
-0.055 -0.144 -0.115
-0.053 -0.143 -0.125
-0.027 -0.106 -0.110
-0.036 -0.103 -0.101
-0.062 -0.107 -0.100
-0.030 -0.080 -0.091
-0.041 -0.083 -0.087
-0.045 -0.134 -0.129
-0.032 -0.144 -0.137
-0.040 -0.129 -0.106
-0.022 -0.153 -0.146
 0.005 -0.111 -0.129
 0.003 -0.082 -0.087
-0.002 -0.118 -0.140
-0.004 -0.124 -0.164
-0.050 -0.125 -0.136
 0.001 -0.124 -0.176
-0.060 -0.152 -0.160
-0.087 -0.118 -0.088
 0.111  0.067  0.006
-0.112 -0.162 -0.074
-0.203 -0.143 -0.014
-0.190 -0.105  0.001
-0.194 -0.145 -0.056
-0.172 -0.165 -0.113
-0.159 -0.176 -0.134
-0.145 -0.183 -0.115
-0.143 -0.159 -0.053
-0.172 -0.133 -0.031
-0.189 -0.136 -0.040
-0.137 -0.111 -0.034
-0.070 -0.086 -0.026
-0.036 -0.113 -0.028
 0.058 -0.049  0.044
 0.108  0.010  0.084
 0.134  0.012  0.053
 0.178  0.040  0.062
 0.165  0.058  0.098
 0.295  0.157  0.101
 0.152  0.026  0.022
 0.107  0.061  0.066
 0.314  0.397  0.269
 0.150  0.101  0.082
 0.155  0.091  0.069
 0.187  0.181  0.127
 0.131  0.007 -0.014
 0.084 -0.006  0.011
 0.094 -0.044  0.013
 0.126  0.024  0.069
 0.116  0.069  0.077
 0.115  0.090  0.062
 0.147  0.122  0.041
 0.115  0.100  0.028
 0.143  0.076 -0.028
 0.115 -0.007 -0.095
 0.133 -0.025 -0.126
 0.109 -0.037 -0.149
 0.094 -0.018 -0.135
 0.125  0.011 -0.116
 0.141  0.009 -0.168
 0.117 -0.029 -0.251
 0.116 -0.033 -0.292
 0.103  0.017 -0.252
 0.045 -0.086 -0.356
 0.005 -0.040 -0.289
 0.108  0.049 -0.287
 0.028  0.039 -0.288
 0.017  0.078 -0.237
-0.007  0.074 -0.236
 0.007  0.046 -0.263
 0.015  0.048 -0.261
 0.007  0.026 -0.270
 0.142  0.267 -0.108
-0.019 -0.069 -0.341
-0.044 -0.082 -0.351
-0.089 -0.118 -0.327
-0.112 -0.112 -0.213
-0.071 -0.080 -0.154
-0.009 -0.008 -0.109
 0.037  0.009 -0.117
 0.023 -0.013 -0.151
 0.037 -0.010 -0.179
 0.000 -0.036 -0.206
-0.036 -0.041 -0.209
-0.041 -0.003 -0.165
-0.061  0.003 -0.080
-0.119 -0.016 -0.057
-0.072  0.024 -0.056
-0.026  0.047 -0.033
 0.032  0.075 -0.037
 0.100  0.119 -0.035
 0.137  0.247  0.060
 0.085  0.113 -0.050
 0.042  0.156  0.018
 0.241  0.411  0.156
 0.023  0.145  0.002
 0.011  0.123 -0.021
 0.003  0.084 -0.065
-0.052  0.009 -0.135
-0.047 -0.013 -0.134
-0.073 -0.010 -0.109
-0.054 -0.036 -0.086
 0.001 -0.003 -0.038
-0.025  0.005 -0.017
-0.046 -0.027 -0.050
-0.005  0.052  0.009
 0.159  0.283  0.152
-0.052  0.045 -0.012
-0.070  0.021 -0.042
-0.007  0.165  0.028
-0.114 -0.058 -0.113
-0.125 -0.039 -0.085
 0.001  0.066 -0.026
-0.090 -0.028 -0.064
-0.073  0.046 -0.008
-0.104  0.044 -0.015
-0.118  0.063 -0.006
-0.170  0.073  0.028
-0.071  0.248  0.136
-0.165 -0.007 -0.049
-0.157 -0.030 -0.079
-0.168 -0.001 -0.049
-0.180 -0.063 -0.056
-0.157 -0.040 -0.029
-0.116  0.040  0.034
-0.136 -0.029 -0.013
-0.116 -0.013 -0.009
-0.143  0.019  0.038
-0.053  0.214  0.164
-0.103  0.087  0.113
-0.063  0.134  0.132
-0.021  0.206  0.138
 0.096  0.422  0.292
-0.014  0.152  0.102
-0.068  0.064  0.072
-0.116  0.028  0.107
-0.117  0.032 -0.072
-0.120 -0.006 -0.099
-0.160 -0.014 -0.119
-0.158 -0.037 -0.112
-0.146 -0.038 -0.079
-0.143 -0.059 -0.096
-0.158 -0.115 -0.136
-0.176 -0.131 -0.107
-0.205 -0.160 -0.104
-0.162 -0.052 -0.030
-0.220 -0.073 -0.068
-0.239 -0.056 -0.020
-0.281 -0.050  0.039
-0.115  0.232  0.213
-0.302 -0.142 -0.035
-0.271 -0.169 -0.078
-0.271 -0.202 -0.174
-0.278 -0.173 -0.196
-0.267 -0.008 -0.092
-0.389 -0.194 -0.225
-0.423 -0.197 -0.193
-0.442 -0.233 -0.241
-0.430 -0.196 -0.216
-0.500 -0.190 -0.146
-0.462 -0.161 -0.158
-0.511 -0.272 -0.257
-0.462 -0.259 -0.287
-0.487 -0.293 -0.296
-0.409 -0.212 -0.264
-0.422 -0.359 -0.359
-0.448 -0.350 -0.359
-0.445 -0.351 -0.374
-0.426 -0.313 -0.345
-0.430 -0.310 -0.321
-0.448 -0.314 -0.316
-0.415 -0.267 -0.292
-0.387 -0.210 -0.231
-0.391 -0.193 -0.216
-0.376 -0.162 -0.196
-0.372 -0.171 -0.213
-0.329 -0.167 -0.239
-0.339 -0.194 -0.242
-0.308 -0.175 -0.230
-0.297 -0.151 -0.189
-0.301 -0.157 -0.175
-0.327 -0.113 -0.112
-0.305 -0.120 -0.150
-0.274 -0.089 -0.133
-0.286 -0.092 -0.142
-0.304 -0.115 -0.162
-0.292 -0.111 -0.150
-0.261  0.003 -0.059
-0.303 -0.087 -0.114
-0.327 -0.051 -0.068
-0.287  0.131  0.024
-0.354  0.009 -0.045
-0.368  0.033 -0.011
-0.354  0.036 -0.009
-0.368 -0.019 -0.071
-0.355 -0.029 -0.098
-0.383 -0.056 -0.101
-0.364 -0.091 -0.175
-0.376 -0.098 -0.178
-0.398 -0.115 -0.198
-0.437 -0.127 -0.199
-0.428 -0.083 -0.162
-0.443 -0.044 -0.117
-0.485 -0.056 -0.104
-0.481 -0.037 -0.070
-0.533 -0.070 -0.057
-0.462 -0.016 -0.076
-0.448 -0.088 -0.144
-0.405 -0.090 -0.159
-0.287  0.143  0.018
-0.406 -0.106 -0.172
-0.406 -0.098 -0.175
-0.436 -0.107 -0.172
-0.424 -0.056 -0.122
-0.429  0.002 -0.062
-0.469 -0.028 -0.057
-0.482 -0.016 -0.038
-0.568  0.014  0.003
-0.525  0.016 -0.007
-0.574 -0.032 -0.027
-0.519 -0.018 -0.054
-0.524 -0.038 -0.093
-0.486 -0.076 -0.242
-0.408 -0.051 -0.296
-0.443 -0.090 -0.269
-0.453 -0.093 -0.198
-0.293  0.123 -0.064
-0.459 -0.093 -0.179
-0.465 -0.077 -0.163
-0.482 -0.087 -0.172
-0.494 -0.056 -0.150
-0.496 -0.049 -0.156
-0.492 -0.030 -0.150
-0.539 -0.010 -0.101
-0.504  0.069 -0.068
-0.458  0.024 -0.136
-0.461 -0.042 -0.252
-0.450 -0.073 -0.213
-0.448 -0.104 -0.185
-0.387 -0.072 -0.188
-0.354 -0.055 -0.204
-0.292 -0.010 -0.235
-0.304 -0.035 -0.282
-0.391 -0.087 -0.333
-0.342 -0.006 -0.272
-0.336  0.029 -0.248
-0.318  0.069 -0.213
-0.294  0.112 -0.155
-0.319  0.079 -0.156
-0.293  0.078 -0.173
-0.321  0.067 -0.138
-0.232  0.207 -0.055
-0.272  0.026 -0.191
-0.299  0.021 -0.179
-0.283 -0.020 -0.230
-0.310 -0.018 -0.212
-0.305 -0.034 -0.229
-0.309 -0.037 -0.227
-0.105  0.310  0.011
-0.292  0.005 -0.212
-0.302  0.053 -0.169
-0.343  0.047 -0.132
-0.328  0.064 -0.102
-0.280  0.084 -0.131
-0.291  0.059 -0.170
-0.301  0.014 -0.068
-0.391 -0.075  0.014
-0.386 -0.124 -0.075
-0.373 -0.095 -0.081
-0.197  0.092  0.046
-0.351 -0.126 -0.106
-0.383 -0.088 -0.053
-0.250  0.055 -0.016
-0.336 -0.004 -0.017
-0.353  0.010  0.018
-0.350  0.021  0.023
-0.373 -0.004  0.036
-0.350  0.016  0.053
-0.392 -0.001  0.075
-0.393 -0.066 -0.002
-0.342 -0.070 -0.029
-0.334 -0.083 -0.044
-0.298 -0.064 -0.045
-0.300 -0.062 -0.033
-0.391 -0.132 -0.104
-0.300  0.031  0.055
-0.315 -0.011  0.042
-0.335  0.031  0.116
-0.320  0.006  0.085
-0.295  0.027  0.101
-0.325  0.033  0.128
-0.252  0.159  0.186
-0.299 -0.056 -0.003
-0.267 -0.060 -0.033
-0.285 -0.098 -0.054
-0.255 -0.083 -0.065
-0.291 -0.111 -0.066
-0.254 -0.071 -0.048
-0.200  0.091  0.067
-0.261 -0.092 -0.067
-0.244 -0.091 -0.066
-0.262 -0.124 -0.067
-0.284 -0.089 -0.015
-0.287 -0.101 -0.040
-0.273 -0.086 -0.025
-0.244  0.030  0.033
-0.284 -0.057 -0.070
-0.274  0.019 -0.120
-0.300 -0.021 -0.182
-0.297 -0.026 -0.133
-0.289  0.039 -0.082
-0.299 -0.020 -0.109
-0.330 -0.005 -0.013
-0.298 -0.024 -0.056
-0.258 -0.005 -0.054
-0.241  0.005 -0.047
-0.245 -0.064 -0.130
-0.244 -0.029 -0.125
-0.279 -0.041 -0.138
-0.254 -0.014 -0.168
-0.248  0.004 -0.178
-0.229  0.035 -0.044
-0.233 -0.016  0.031
-0.215  0.017  0.000
-0.232  0.069  0.018
-0.231  0.046 -0.033
-0.229  0.043 -0.054
-0.238  0.051 -0.091
-0.269  0.025 -0.111
-0.239  0.025 -0.100
-0.225  0.033 -0.098
-0.223 -0.010 -0.121
-0.176  0.012 -0.115
-0.174  0.001 -0.102
-0.131  0.026 -0.080
-0.097  0.110 -0.015
-0.129  0.015 -0.072
-0.155  0.044 -0.012
-0.088  0.050 -0.052
-0.162 -0.006 -0.083
-0.167  0.018 -0.030
-0.135  0.041 -0.027
-0.164 -0.014 -0.083
-0.126 -0.004 -0.118
-0.111 -0.005 -0.127
-0.100 -0.037 -0.138
-0.071 -0.010 -0.113
-0.057 -0.017 -0.110
-0.042 -0.001 -0.066
-0.020 -0.014 -0.083
-0.007 -0.013 -0.093
-0.035 -0.020 -0.093
-0.026 -0.010 -0.077
-0.024 -0.009 -0.074
-0.044 -0.021 -0.079
-0.046  0.007 -0.037
-0.033  0.057 -0.009
-0.055 -0.012 -0.052
-0.038 -0.003 -0.040
-0.013  0.013 -0.010
-0.055 -0.056 -0.052
-0.102 -0.090 -0.045
-0.120 -0.154 -0.118
-0.110 -0.137 -0.120
-0.094 -0.091 -0.079
-0.099 -0.147 -0.113
-0.093 -0.096 -0.047
-0.104 -0.113 -0.070
-0.033 -0.044 -0.028
-0.061 -0.055 -0.024
-0.056 -0.053 -0.024
 0.006 -0.018 -0.030
-0.012 -0.080 -0.037
-0.040 -0.203 -0.115
-0.084 -0.235 -0.114
-0.119 -0.230 -0.079
 0.113  0.041  0.067
-0.058 -0.207 -0.088
-0.076 -0.157 -0.011
-0.049 -0.179 -0.050
 0.007 -0.118  0.023
-0.013 -0.083  0.089
 0.235  0.300  0.313
 0.058 -0.030  0.069
 0.062 -0.018  0.060
 0.090 -0.033  0.020
 0.080 -0.044  0.009
 0.113  0.089  0.117
 0.044 -0.089 -0.009
 0.206  0.166  0.174
 0.000 -0.155 -0.007
-0.034 -0.205 -0.007
-0.024 -0.201  0.016
-0.020 -0.160  0.072
-0.049 -0.216  0.032
-0.013 -0.240 -0.002
 0.001 -0.224 -0.025
 0.006 -0.230 -0.059
 0.046 -0.181 -0.050
 0.077 -0.104  0.006
 0.069 -0.121  0.001
 0.082 -0.082  0.023
 0.081 -0.059  0.049
 0.063 -0.046  0.059
 0.089 -0.017  0.060
 0.109 -0.022  0.037
 0.102 -0.032  0.025
 0.139 -0.009 -0.000
 0.256  0.101  0.036
 0.133 -0.026 -0.051
 0.123 -0.033 -0.063
 0.096 -0.022 -0.043
 0.098  0.017  0.012
 0.070 -0.058 -0.036
 0.084 -0.018 -0.007
 0.036 -0.090 -0.035
 0.030 -0.071 -0.019
 0.103  0.116  0.117
 0.065 -0.011  0.011
 0.074  0.032  0.043
 0.097  0.049  0.035
 0.073  0.025  0.014
 0.085  0.041  0.001
 0.088  0.016 -0.007
 0.053 -0.081 -0.051
 0.065 -0.095 -0.059
 0.057 -0.099 -0.070
 0.103 -0.053 -0.066
 0.099 -0.049 -0.064
 0.125 -0.030 -0.050
 0.229  0.196  0.113
 0.131 -0.030 -0.042
 0.151 -0.002 -0.040
 0.135 -0.001 -0.041
 0.129  0.025  0.007
 0.103 -0.062 -0.029
 0.082 -0.084 -0.019
 0.083 -0.131 -0.013
 0.083 -0.147 -0.006
 0.154 -0.096  0.015
 0.181 -0.024  0.061
 0.359  0.125  0.096
 0.244 -0.003 -0.012
 0.264  0.015 -0.024
 0.249 -0.008 -0.044
 0.284 -0.009 -0.031
 0.242 -0.038 -0.022
 0.234  0.002  0.047
 0.240 -0.007  0.017
 0.241  0.008  0.021
 0.344  0.136  0.099
 0.208  0.016  0.047
 0.227  0.064  0.092
 0.239  0.078  0.109
 0.257  0.092  0.132
 0.260  0.106  0.158
 0.230  0.087  0.144
 0.244 -0.001  0.097
 0.253 -0.088  0.096
 0.235 -0.187  0.078
 0.203 -0.216  0.048
 0.224 -0.179  0.041
 0.273 -0.112  0.045
 0.264 -0.110  0.042
 0.299 -0.080  0.036
 0.458  0.233  0.229
 0.236 -0.057  0.043
 0.217 -0.014  0.065
 0.183 -0.024  0.057
 0.186 -0.103  0.086
 0.225 -0.163  0.092
 0.224 -0.205  0.109
 0.220 -0.134  0.159
 0.390  0.186  0.329
 0.287 -0.094  0.110
 0.315 -0.057  0.129
 0.330 -0.035  0.110
 0.354  0.003  0.098
 0.321 -0.116  0.124
 0.378 -0.115  0.157
 0.578  0.117  0.271
 0.443 -0.034  0.123
 0.460 -0.069  0.109
 0.489 -0.119  0.172
 0.416 -0.031  0.252
 0.435  0.031  0.260
 0.489  0.083  0.268
 0.502  0.086  0.272
 0.477  0.066  0.243
 0.476  0.067  0.213
 0.449  0.048  0.177
 0.406 -0.007  0.106
 0.454  0.024  0.123
 0.623  0.220  0.269
 0.451  0.010  0.146
 0.448  0.046  0.183
 0.389 -0.014  0.143
 0.372  0.032  0.164
 0.301  0.020  0.160
 0.262  0.046  0.197
 0.436  0.256  0.316
 0.206 -0.002  0.176
 0.168  0.021  0.203
 0.192  0.033  0.186
 0.207 -0.236  0.080
 0.306 -0.301  0.099
 0.388 -0.189  0.148
 0.343 -0.151  0.170
 0.411  0.082  0.353
 0.290 -0.074  0.234
 0.305 -0.026  0.257
 0.241 -0.071  0.238
 0.214 -0.038  0.262
 0.175 -0.066  0.210
 0.179 -0.052  0.198
 0.143 -0.026  0.184
 0.073 -0.067  0.158
 0.057 -0.050  0.168
-0.014 -0.060  0.163
 0.129  0.088  0.186
-0.076 -0.144  0.013
-0.114 -0.300 -0.039
-0.095 -0.514 -0.067
-0.072 -0.445 -0.018
-0.143 -0.416 -0.032
-0.179 -0.327 -0.020
-0.219 -0.303 -0.059
-0.222 -0.244 -0.009
-0.210 -0.264 -0.036
-0.224 -0.263 -0.072
-0.025  0.011  0.108
-0.220 -0.259 -0.031
-0.224 -0.213  0.007
-0.237 -0.208  0.016
-0.219 -0.192  0.042
-0.159 -0.129  0.105
-0.195 -0.182  0.041
-0.224 -0.314 -0.034
-0.169 -0.382 -0.011
-0.166 -0.432 -0.083
-0.131 -0.349 -0.022
-0.126 -0.401 -0.001
-0.097 -0.280  0.084
-0.285 -0.229  0.090
-0.293 -0.147  0.145
-0.274 -0.165  0.115
-0.254 -0.131  0.112
-0.041  0.170  0.301
-0.266 -0.136  0.099
-0.244 -0.111  0.133
-0.282 -0.150  0.089
-0.251 -0.123  0.076
-0.192 -0.060  0.104
-0.182 -0.050  0.091
-0.184 -0.034  0.084
-0.264 -0.096  0.031
-0.277 -0.104 -0.002
-0.199 -0.022  0.041
-0.345 -0.178 -0.047
-0.321 -0.136 -0.004
-0.365 -0.165 -0.034
-0.359 -0.140 -0.019
-0.361 -0.129  0.010
-0.160  0.118  0.178
-0.369 -0.145 -0.018
-0.283 -0.106  0.048
-0.201 -0.034  0.125
-0.202 -0.008  0.119
-0.221 -0.029  0.076
-0.251 -0.102  0.043
-0.209 -0.065  0.084
-0.191 -0.035  0.100
-0.106 -0.010  0.109
 0.006  0.089  0.141
 0.029  0.162  0.154
 0.021  0.187  0.111
-0.028  0.136  0.077
-0.051  0.143  0.081
-0.108  0.084  0.033
-0.110  0.088  0.033
-0.153  0.027  0.025
-0.175  0.022  0.008
-0.198  0.017  0.002
-0.273 -0.007 -0.031
-0.292  0.010  0.022
-0.330 -0.006 -0.036
-0.331  0.010 -0.025
-0.315  0.017 -0.020
-0.339  0.006 -0.066
-0.289  0.032 -0.139
-0.301  0.030 -0.128
-0.316 -0.005 -0.131
-0.283  0.004 -0.089
-0.177  0.197  0.035
-0.271  0.004 -0.097
-0.281  0.037 -0.047
-0.265  0.011 -0.066
-0.253  0.024 -0.075
-0.264 -0.002 -0.083
-0.272 -0.009 -0.087
-0.333 -0.022 -0.086
-0.332  0.006 -0.081
-0.363  0.023 -0.033
-0.312  0.003 -0.055
-0.373 -0.031 -0.033
-0.400 -0.033 -0.031
-0.374 -0.036 -0.035
-0.389 -0.064 -0.063
-0.361 -0.035 -0.087
-0.346  0.017 -0.072
-0.357 -0.030 -0.085
-0.323  0.021 -0.096
-0.350 -0.020 -0.125
-0.329  0.005 -0.135
-0.339 -0.025 -0.166
-0.326 -0.015 -0.076
-0.325 -0.059 -0.073
-0.290 -0.026 -0.048
-0.291 -0.029 -0.010
-0.095  0.266  0.119
-0.253 -0.025 -0.064
-0.240 -0.030 -0.051
-0.333 -0.001 -0.035
-0.413 -0.025 -0.040
-0.418 -0.013 -0.032
-0.488 -0.044 -0.075
-0.481 -0.038 -0.082
-0.457 -0.049 -0.171
-0.429 -0.035 -0.192
-0.423 -0.018 -0.166
-0.420 -0.012 -0.198
-0.351  0.040 -0.189
-0.362  0.031 -0.187
-0.352  0.046 -0.092
-0.364  0.014 -0.090
-0.356 -0.007 -0.103
-0.139  0.275  0.118
-0.333 -0.031 -0.079
-0.312 -0.061 -0.078
-0.319 -0.083 -0.074
-0.289 -0.046 -0.051
-0.098  0.120  0.060
-0.273 -0.122 -0.055
-0.265 -0.115 -0.008
-0.096  0.145  0.191
-0.233 -0.150 -0.009
-0.204 -0.109  0.014
-0.170 -0.063  0.038
-0.177 -0.065  0.027
-0.156 -0.006  0.041
-0.160 -0.027 -0.017
-0.134  0.028 -0.010
-0.171 -0.010 -0.031
-0.167  0.034 -0.009
-0.208 -0.010 -0.044
-0.197 -0.007 -0.054
-0.213 -0.022 -0.064
-0.224 -0.014 -0.014
-0.210  0.007  0.014
-0.231 -0.001  0.033
-0.216  0.054  0.114
-0.184  0.034  0.093
-0.123  0.074  0.114
-0.091  0.103  0.149
-0.132  0.091  0.123
-0.121  0.115  0.109
-0.133  0.105  0.104
-0.225 -0.046  0.008
-0.183 -0.172 -0.022
-0.181 -0.212 -0.057
-0.165 -0.155 -0.061
-0.133 -0.007  0.003
-0.189 -0.055 -0.053
-0.196 -0.004 -0.021
-0.243 -0.005 -0.017
-0.268  0.027 -0.022
-0.267  0.074  0.035
-0.337 -0.080 -0.005
-0.290 -0.153  0.003
-0.219 -0.096  0.053
-0.217 -0.063  0.046
-0.189 -0.032  0.058
-0.218 -0.039  0.102
-0.160 -0.163  0.006
-0.138 -0.156  0.003
 0.037  0.211  0.188
-0.147 -0.062 -0.044
-0.088  0.026 -0.028
-0.078 -0.004 -0.076
-0.019  0.043 -0.062
-0.014  0.011 -0.087
 0.020  0.039 -0.063
 0.030  0.034 -0.052
 0.023  0.062 -0.020
 0.004  0.039  0.003
-0.048  0.011  0.006
-0.050  0.026  0.040
-0.039  0.043  0.048
-0.069  0.016  0.008
-0.050  0.006  0.005
-0.030  0.016  0.023
-0.046 -0.007  0.001
-0.073  0.037  0.039
-0.086  0.018  0.010
-0.075  0.040  0.022
-0.042  0.157  0.143
-0.118  0.048  0.081
-0.154  0.064  0.136
-0.140  0.030  0.080
-0.137  0.040  0.098
-0.157  0.032  0.136
-0.075  0.168  0.208
-0.156  0.002  0.088
-0.168 -0.000  0.078
-0.186  0.012  0.064
-0.237 -0.035  0.023
-0.267 -0.003  0.053
-0.262 -0.034  0.007
-0.255 -0.028 -0.009
-0.261 -0.047 -0.009
-0.286 -0.073 -0.014
-0.291 -0.076 -0.000
-0.333 -0.098  0.010
-0.323 -0.107  0.025
-0.299 -0.086  0.049
-0.312 -0.122  0.051
-0.291 -0.135  0.076
-0.317 -0.124  0.132
-0.258 -0.018  0.151
-0.298 -0.123  0.055
-0.299 -0.108  0.038
-0.315 -0.121  0.005
-0.320 -0.093 -0.006
-0.353 -0.096 -0.030
-0.339 -0.086 -0.050
-0.297  0.036  0.049
-0.369 -0.117 -0.056
-0.407 -0.146 -0.091
-0.417 -0.152 -0.055
-0.394 -0.070  0.021
-0.358 -0.069  0.003
-0.318 -0.078  0.019
-0.291 -0.053  0.038
-0.308 -0.081  0.027
-0.302 -0.040  0.062
-0.267  0.018  0.061
-0.307 -0.045  0.005
-0.309 -0.055 -0.020
-0.125  0.222  0.160
-0.287 -0.074 -0.072
-0.254 -0.030 -0.056
-0.282 -0.065 -0.107
-0.269 -0.046 -0.095
-0.305 -0.067 -0.085
-0.302 -0.041 -0.036
-0.293 -0.017  0.003
-0.309 -0.066  0.011
-0.259 -0.023  0.046
-0.260 -0.005  0.089
-0.222 -0.010  0.073
-0.274 -0.023  0.071
-0.345 -0.091  0.055
-0.167  0.019  0.192
-0.423 -0.352 -0.036
-0.411 -0.346 -0.061
-0.414 -0.464 -0.115
-0.439 -0.583 -0.097
-0.438 -0.611 -0.092
-0.333 -0.501 -0.065
-0.108 -0.193  0.090
-0.254 -0.338 -0.032
-0.244 -0.270  0.023
 0.033  0.054  0.185
-0.201 -0.244  0.004
-0.181 -0.196  0.043
-0.173 -0.201  0.062
-0.205 -0.251  0.019
-0.152 -0.209  0.008
-0.141 -0.187  0.013
-0.136 -0.212 -0.040
-0.130 -0.192 -0.061
-0.174 -0.213 -0.078
-0.172 -0.208 -0.102
-0.217 -0.222 -0.094
-0.210 -0.194 -0.093
-0.006  0.100  0.110
-0.224 -0.149 -0.011
-0.224 -0.115  0.029
-0.274 -0.133  0.007
-0.263 -0.119  0.059
-0.178  0.106  0.209
-0.299 -0.128  0.023
-0.301 -0.135 -0.008
-0.284 -0.105 -0.019
-0.334 -0.165 -0.113
-0.335 -0.105 -0.096
-0.350 -0.131 -0.147
-0.358 -0.110 -0.120
-0.343 -0.106 -0.130
-0.327 -0.100 -0.123
-0.337 -0.088 -0.113
-0.372 -0.097 -0.090
-0.377 -0.061 -0.070
-0.428 -0.098 -0.075
-0.412 -0.077 -0.067
-0.378 -0.050 -0.022
-0.407 -0.062 -0.054
-0.409 -0.086 -0.080
-0.435 -0.073 -0.088
-0.426 -0.126 -0.163
-0.402 -0.110 -0.182
-0.407 -0.115 -0.191
-0.413 -0.122 -0.193
-0.415 -0.077 -0.169
-0.420 -0.106 -0.188
-0.391 -0.068 -0.158
-0.381 -0.028 -0.111
-0.387 -0.047 -0.134
-0.371 -0.028 -0.152
-0.158  0.277  0.057
-0.353 -0.032 -0.131
-0.325  0.013 -0.062
-0.333 -0.023 -0.093
-0.303 -0.001 -0.098
-0.300  0.021 -0.068
-0.353 -0.015 -0.086
-0.347  0.017 -0.046
-0.130  0.369  0.180
-0.337  0.044 -0.007
-0.342  0.066  0.001
-0.238  0.240  0.100
-0.306  0.035 -0.060
-0.274 -0.051 -0.094
-0.157  0.068  0.010
-0.214 -0.135 -0.110
-0.225 -0.094 -0.062
-0.133 -0.051 -0.080
-0.216 -0.115 -0.103
-0.238 -0.093 -0.081
-0.259 -0.131 -0.106
-0.250 -0.113 -0.122
-0.189  0.014 -0.018
-0.220 -0.061 -0.048
-0.233 -0.021 -0.001
-0.027  0.270  0.192
-0.207 -0.034  0.015
-0.189 -0.016  0.050
-0.201 -0.013  0.059
-0.267 -0.058  0.026
-0.287 -0.080 -0.007
-0.327 -0.099 -0.024
-0.398 -0.154 -0.097
-0.392 -0.138 -0.108
-0.384 -0.155 -0.136
-0.372 -0.140 -0.147
-0.373 -0.134 -0.162
-0.386 -0.132 -0.125
-0.394 -0.079 -0.062
-0.317 -0.023 -0.072
-0.372 -0.041 -0.042
-0.411 -0.023  0.002
-0.214  0.297  0.185
-0.392 -0.026 -0.030
-0.392 -0.024 -0.042
-0.373  0.001 -0.047
-0.391 -0.026 -0.072
-0.401 -0.020 -0.083
-0.433 -0.060 -0.126
-0.411 -0.058 -0.148
-0.388 -0.058 -0.165
-0.416 -0.073 -0.165
-0.366  0.054 -0.093
-0.423 -0.087 -0.217
-0.408 -0.056 -0.186
-0.443 -0.072 -0.171
-0.443 -0.054 -0.162
-0.428 -0.035 -0.135
-0.454 -0.061 -0.132
-0.402 -0.013 -0.116
-0.404  0.018 -0.070
-0.203  0.353  0.140
-0.369  0.027 -0.071
-0.353  0.051 -0.062
-0.376  0.022 -0.092
-0.359  0.038 -0.111
-0.445 -0.026 -0.151
-0.449 -0.040 -0.182
-0.479 -0.074 -0.221
-0.484 -0.074 -0.246
-0.461 -0.015 -0.219
-0.476 -0.084 -0.279
-0.431 -0.036 -0.248
-0.404 -0.009 -0.205
-0.355  0.070 -0.132
-0.345  0.091 -0.111
-0.291  0.151 -0.074
-0.247  0.208 -0.043
-0.267  0.202 -0.029
-0.218  0.247  0.014
-0.268  0.245  0.037
-0.217  0.346  0.066
-0.325  0.128 -0.115
-0.360  0.107 -0.160
-0.354  0.052 -0.229
-0.338  0.079 -0.200
-0.332  0.073 -0.210
-0.309  0.118 -0.172
-0.317  0.117 -0.157
-0.321  0.127 -0.130
-0.137  0.351  0.029
-0.310  0.155 -0.083
-0.289  0.157 -0.068
-0.312  0.140 -0.075
-0.290  0.162 -0.061
-0.283  0.178 -0.034
-0.300  0.162 -0.007
-0.259  0.123  0.002
-0.245  0.073 -0.013
-0.279 -0.003 -0.048
-0.265  0.003 -0.091
-0.291  0.009 -0.120
-0.295  0.027 -0.141
-0.297  0.034 -0.154
-0.305  0.054 -0.141
-0.269  0.172 -0.058
-0.349  0.040 -0.154
-0.342  0.065 -0.122
-0.385  0.050 -0.100
-0.372  0.105 -0.035
-0.327  0.133 -0.025
-0.379  0.120 -0.009
-0.372  0.152  0.053
-0.114  0.470  0.234
-0.345  0.133  0.021
-0.355  0.128  0.019
-0.341  0.195  0.044
-0.404  0.072 -0.053
-0.407  0.028 -0.100
-0.427  0.030 -0.128
-0.403  0.047 -0.136
-0.421  0.028 -0.149
-0.383  0.047 -0.133
-0.410 -0.054 -0.192
-0.385 -0.057 -0.179
-0.378 -0.080 -0.213
-0.373 -0.059 -0.224
-0.390 -0.057 -0.238
-0.380 -0.019 -0.202
-0.391  0.016 -0.161
-0.428  0.005 -0.149
-0.445  0.063 -0.065
-0.458  0.039 -0.096
-0.432  0.073 -0.057
-0.417  0.099 -0.020
-0.447  0.071 -0.021
-0.397  0.089 -0.011
-0.421  0.097 -0.004
-0.472  0.034 -0.082
-0.445  0.044 -0.104
-0.440  0.036 -0.127
-0.438  0.031 -0.154
-0.373  0.090 -0.135
-0.463  0.016 -0.167
-0.479  0.020 -0.171
-0.483  0.011 -0.185
-0.479  0.039 -0.151
-0.518 -0.005 -0.186
-0.511  0.030 -0.145
-0.533  0.006 -0.171
-0.512  0.028 -0.157
-0.501  0.033 -0.147
-0.466  0.066 -0.135
-0.450  0.112 -0.096
-0.481  0.053 -0.127
-0.470  0.074 -0.101
-0.504  0.050 -0.086
-0.486  0.093 -0.050
-0.510  0.082 -0.053
-0.493  0.112 -0.028
-0.520  0.099 -0.020
-0.553  0.065 -0.033
-0.573  0.083 -0.000
-0.570  0.051 -0.061
-0.562  0.040 -0.093
-0.536  0.116 -0.042
-0.601 -0.020 -0.141
-0.591 -0.004 -0.143
-0.625 -0.038 -0.164
-0.627 -0.022 -0.133
-0.671 -0.073 -0.155
-0.648 -0.038 -0.119
-0.679 -0.015 -0.093
-0.677 -0.023 -0.088
-0.677  0.023 -0.037
-0.672 -0.026 -0.107
-0.650 -0.030 -0.123
-0.649 -0.014 -0.134
-0.666 -0.068 -0.175
-0.647 -0.035 -0.143
-0.645 -0.051 -0.155
-0.620 -0.027 -0.135
-0.561  0.002 -0.126
-0.558  0.016 -0.091
-0.544  0.043 -0.066
-0.565  0.033 -0.076
-0.550  0.047 -0.071
-0.468  0.239  0.077
-0.571  0.024 -0.065
-0.558  0.024 -0.047
-0.531  0.026 -0.056
-0.574 -0.020 -0.093
-0.536 -0.021 -0.132
-0.508  0.007 -0.142
-0.508 -0.024 -0.182
-0.489  0.012 -0.149
-0.505 -0.040 -0.208
-0.491 -0.032 -0.200
-0.474 -0.027 -0.161
-0.499 -0.046 -0.162
-0.485 -0.036 -0.156
-0.490 -0.052 -0.173
-0.454 -0.025 -0.170
-0.432  0.019 -0.119
-0.455 -0.006 -0.114
-0.460  0.019 -0.087
-0.390  0.168  0.008
-0.480  0.003 -0.107
-0.486  0.011 -0.085
-0.486  0.004 -0.085
-0.520 -0.043 -0.129
-0.521 -0.033 -0.135
-0.524 -0.042 -0.149
-0.536 -0.069 -0.189
-0.487 -0.041 -0.186
-0.275  0.278  0.016
-0.458 -0.016 -0.185
-0.437  0.030 -0.158
-0.451  0.003 -0.150
-0.421  0.033 -0.161
-0.442  0.018 -0.172
-0.479 -0.016 -0.188
-0.469 -0.013 -0.161
-0.477  0.029 -0.105
-0.520 -0.025 -0.124
-0.500  0.001 -0.112
-0.498  0.016 -0.122
-0.502  0.013 -0.133
-0.445  0.050 -0.138
-0.411  0.063 -0.114
-0.409  0.033 -0.140
-0.386  0.026 -0.164
-0.183  0.312  0.018
-0.411 -0.029 -0.192
-0.393 -0.022 -0.193
-0.416 -0.060 -0.218
-0.415 -0.058 -0.247
-0.410 -0.026 -0.234
-0.426 -0.067 -0.246
-0.412 -0.026 -0.223
-0.180  0.287  0.010
-0.408 -0.009 -0.164
-0.413  0.036 -0.114
-0.377  0.156 -0.053
-0.450  0.015 -0.135
-0.454  0.018 -0.135
-0.472  0.007 -0.163
-0.496 -0.030 -0.204
-0.457 -0.041 -0.204
-0.471 -0.045 -0.199
-0.533 -0.090 -0.250
-0.545 -0.061 -0.206
-0.553 -0.090 -0.246
-0.542 -0.085 -0.233
-0.296  0.252 -0.000
-0.518 -0.049 -0.183
-0.503 -0.010 -0.159
-0.550 -0.076 -0.198
-0.534 -0.022 -0.190
-0.537 -0.014 -0.182
-0.572 -0.035 -0.166
-0.565 -0.024 -0.163
-0.563 -0.005 -0.145
-0.600 -0.025 -0.168
-0.554  0.027 -0.184
-0.583  0.051 -0.144
-0.485  0.175 -0.068
-0.536  0.003 -0.178
-0.541 -0.002 -0.167
-0.565 -0.062 -0.198
-0.561 -0.084 -0.241
-0.601 -0.142 -0.254
-0.607 -0.139 -0.282
-0.634 -0.121 -0.310
-0.656 -0.151 -0.309
-0.628 -0.094 -0.255
-0.546  0.087 -0.125
-0.620 -0.044 -0.215
-0.607 -0.034 -0.188
-0.614 -0.007 -0.182
-0.627 -0.038 -0.202
-0.622 -0.059 -0.202
-0.620 -0.055 -0.192
-0.371  0.234 -0.024
-0.613 -0.101 -0.260
-0.600 -0.101 -0.280
-0.634 -0.133 -0.288
-0.577 -0.067 -0.224
-0.572 -0.071 -0.218
-0.547 -0.046 -0.219
-0.296  0.275 -0.015
-0.520 -0.026 -0.211
-0.494  0.001 -0.162
-0.511 -0.012 -0.144
-0.495  0.025 -0.135
-0.507  0.036 -0.147
-0.547  0.003 -0.175
-0.530  0.010 -0.184
-0.517  0.017 -0.213
-0.501 -0.000 -0.225
-0.455  0.024 -0.223
-0.444  0.022 -0.244
-0.446  0.040 -0.219
-0.417  0.071 -0.196
-0.435  0.036 -0.198
-0.397  0.078 -0.175
-0.439  0.026 -0.216
-0.407  0.042 -0.225
-0.403  0.094 -0.163
-0.426  0.047 -0.197
-0.425  0.063 -0.186
-0.458  0.060 -0.170
-0.528 -0.006 -0.184
-0.529  0.003 -0.176
-0.537 -0.008 -0.169
-0.543 -0.056 -0.195
-0.495 -0.043 -0.195
-0.507 -0.064 -0.204
-0.496 -0.070 -0.204
-0.532 -0.097 -0.224
-0.492 -0.093 -0.237
-0.368  0.039 -0.155
-0.505 -0.113 -0.244
-0.514 -0.117 -0.251
-0.554 -0.165 -0.287
-0.550 -0.141 -0.254
-0.557 -0.164 -0.255
-0.570 -0.142 -0.246
-0.348  0.181 -0.028
-0.611 -0.128 -0.218
-0.634 -0.090 -0.167
-0.483  0.047 -0.120
-0.658 -0.115 -0.191
-0.661 -0.096 -0.162
-0.611 -0.070 -0.165
-0.618 -0.142 -0.239
-0.588 -0.117 -0.214
-0.579 -0.157 -0.261
-0.534 -0.141 -0.277
-0.495 -0.069 -0.233
-0.519 -0.140 -0.281
-0.484 -0.109 -0.229
-0.520 -0.139 -0.245
-0.502 -0.128 -0.272
-0.475 -0.094 -0.277
-0.497 -0.152 -0.331
-0.517 -0.135 -0.291
-0.452  0.021 -0.213
-0.574 -0.147 -0.334
-0.603 -0.137 -0.309
-0.629 -0.123 -0.281
-0.646 -0.116 -0.255
-0.632 -0.102 -0.239
-0.695 -0.101 -0.169
-0.440  0.193 -0.018
-0.646 -0.130 -0.219
-0.623 -0.119 -0.213
-0.651 -0.184 -0.264
-0.691 -0.224 -0.311
-0.731 -0.283 -0.375
-0.693 -0.270 -0.378
-0.590 -0.056 -0.234
-0.694 -0.240 -0.335
-0.686 -0.173 -0.247
-0.685 -0.199 -0.281
-0.661 -0.164 -0.257
-0.661 -0.135 -0.243
-0.727 -0.185 -0.265
-0.698 -0.163 -0.270
-0.680 -0.142 -0.267
-0.690 -0.162 -0.276
-0.687 -0.127 -0.242
-0.593 -0.051 -0.220
-0.705 -0.100 -0.232
-0.754 -0.073 -0.197
-0.802 -0.112 -0.196
-0.795 -0.071 -0.161
-0.796 -0.044 -0.136
-0.836 -0.066 -0.155
-0.808 -0.026 -0.154
-0.838 -0.045 -0.185
-0.867 -0.079 -0.210
-0.811 -0.064 -0.217
-0.795 -0.057 -0.206
-0.808 -0.103 -0.245
-0.794 -0.053 -0.199
-0.781 -0.067 -0.224
-0.735 -0.028 -0.205
-0.737  0.006 -0.175
-0.769 -0.038 -0.192
-0.775  0.022 -0.149
-0.766 -0.001 -0.184
-0.812 -0.028 -0.211
-0.852 -0.012 -0.187
-0.917 -0.071 -0.228
-0.936 -0.069 -0.213
-0.948 -0.037 -0.176
-0.938 -0.050 -0.213
-0.878  0.006 -0.176
-0.873  0.024 -0.172
-0.870  0.025 -0.174
-0.851  0.056 -0.163
-0.873  0.043 -0.175
-0.854  0.069 -0.177
-0.870  0.097 -0.176
-0.902  0.035 -0.219
-0.915  0.060 -0.186
-0.914  0.024 -0.219
-0.887  0.058 -0.206
-0.879  0.069 -0.189
-0.889  0.063 -0.194
-0.871  0.094 -0.171
-0.873  0.074 -0.194
-0.840  0.113 -0.165
-0.834  0.128 -0.137
-0.921  0.062 -0.182
-0.956  0.056 -0.185
-0.958  0.150 -0.120
-1.023  0.004 -0.220
-1.047 -0.002 -0.221
-1.036  0.035 -0.200
-1.007 -0.000 -0.231
-0.928  0.051 -0.201
-0.887  0.047 -0.217
-0.853  0.087 -0.189
-0.806  0.154 -0.147
-0.836  0.072 -0.179
-0.821  0.056 -0.154
-0.904 -0.041 -0.194
-0.924 -0.067 -0.195
-0.875  0.073 -0.079
-0.997 -0.150 -0.227
-1.017 -0.144 -0.205
-1.014 -0.089 -0.178
-1.019 -0.161 -0.235
-0.952 -0.165 -0.210
-0.751  0.096 -0.015
-0.895 -0.231 -0.207
-0.846 -0.214 -0.172
-0.868 -0.293 -0.189
-0.877 -0.318 -0.176
-0.927 -0.411 -0.228
-0.919 -0.416 -0.226
-0.823 -0.342 -0.196
-0.925 -0.446 -0.217
-0.969 -0.474 -0.210
-1.041 -0.522 -0.226
-1.045 -0.521 -0.226
-1.048 -0.516 -0.221
-1.080 -0.545 -0.226
-1.106 -0.581 -0.268
-1.068 -0.572 -0.269
-1.065 -0.589 -0.291
-1.023 -0.565 -0.299
-1.038 -0.625 -0.329
-1.004 -0.621 -0.321
-0.837 -0.453 -0.194
-0.993 -0.624 -0.288
-0.994 -0.600 -0.275
-1.015 -0.617 -0.308
-1.020 -0.579 -0.282
-1.052 -0.615 -0.329
-1.031 -0.570 -0.286
-1.042 -0.551 -0.256
-1.119 -0.611 -0.303
-1.103 -0.588 -0.311
-1.140 -0.596 -0.326
-1.223 -0.639 -0.340
-1.229 -0.623 -0.330
-1.229 -0.603 -0.324
-1.214 -0.597 -0.332
-1.157 -0.545 -0.313
-1.172 -0.561 -0.326
-1.125 -0.519 -0.314
-0.976 -0.363 -0.244
-1.060 -0.455 -0.269
-1.046 -0.418 -0.251
-1.050 -0.421 -0.259
-1.056 -0.373 -0.240
-1.075 -0.414 -0.266
-1.048 -0.382 -0.265
-1.026 -0.362 -0.259
-1.040 -0.373 -0.241
-1.072 -0.384 -0.253
-0.873 -0.072 -0.066
-1.116 -0.397 -0.276
-1.148 -0.381 -0.239
-0.925 -0.058 -0.048
-1.144 -0.395 -0.263
-1.114 -0.360 -0.252
-1.087 -0.373 -0.301
-1.054 -0.341 -0.325
-0.901 -0.067 -0.123
-1.020 -0.312 -0.285
-0.994 -0.241 -0.264
-1.037 -0.322 -0.294
-1.082 -0.327 -0.288
-1.096 -0.345 -0.323
-1.039 -0.284 -0.290
-0.872  0.004 -0.114
-1.039 -0.252 -0.324
-1.023 -0.206 -0.260
-1.070 -0.254 -0.273
-1.102 -0.271 -0.307
-1.124 -0.274 -0.311
-1.180 -0.304 -0.329
-1.138 -0.269 -0.331
-1.148 -0.255 -0.301
-1.152 -0.249 -0.299
-1.040 -0.186 -0.274
-0.993 -0.143 -0.260
-1.001 -0.189 -0.296
-0.966 -0.160 -0.295
-0.993 -0.182 -0.303
-0.974 -0.154 -0.301
-0.993 -0.186 -0.311
-0.988 -0.147 -0.274
-1.020 -0.188 -0.284
-0.992 -0.153 -0.283
-1.033 -0.140 -0.280
-1.075 -0.176 -0.292
-1.099 -0.151 -0.241
-0.894  0.180 -0.045
-1.112 -0.154 -0.259
-1.085 -0.133 -0.244
-0.838  0.180 -0.069
-1.022 -0.167 -0.318
-0.969 -0.150 -0.340
-1.001 -0.213 -0.390
-0.986 -0.185 -0.369
-1.032 -0.229 -0.354
-1.056 -0.210 -0.333
-1.076 -0.266 -0.394
-1.056 -0.254 -0.394
-1.044 -0.234 -0.383
-1.084 -0.272 -0.391
-1.090 -0.253 -0.349
-0.898  0.036 -0.196
-1.148 -0.319 -0.447
-1.154 -0.305 -0.425
-1.183 -0.353 -0.461
-1.165 -0.338 -0.446
-1.069 -0.123 -0.275
-1.211 -0.335 -0.406
-1.203 -0.298 -0.380
-1.180 -0.312 -0.412
-1.148 -0.281 -0.391
-1.157 -0.266 -0.364
-1.183 -0.299 -0.362
-1.201 -0.296 -0.378
-1.218 -0.253 -0.351
-1.286 -0.369 -0.422
-1.302 -0.357 -0.429
-1.306 -0.353 -0.431
-1.279 -0.355 -0.431
-1.170 -0.299 -0.409
-1.102 -0.265 -0.400
-1.098 -0.293 -0.423
-1.051 -0.256 -0.415
-1.003 -0.240 -0.399
-1.004 -0.229 -0.379
-1.035 -0.274 -0.401
-1.045 -0.312 -0.430
-0.992 -0.289 -0.429
-0.934 -0.269 -0.420
-0.960 -0.284 -0.407
-0.955 -0.276 -0.407
-0.976 -0.301 -0.400
-0.974 -0.276 -0.368
-0.976 -0.308 -0.421
-0.967 -0.287 -0.414
-0.948 -0.280 -0.402
-0.972 -0.309 -0.400
-1.003 -0.351 -0.423
-1.020 -0.341 -0.424
-1.051 -0.382 -0.448
-1.050 -0.365 -0.438
-1.067 -0.352 -0.440
-1.111 -0.374 -0.439
-1.073 -0.340 -0.424
-1.012 -0.299 -0.398
-0.845 -0.308 -0.406
-0.740 -0.282 -0.415
-0.490  0.034 -0.211
-0.684 -0.276 -0.414
-0.635 -0.160 -0.339
-0.701 -0.295 -0.382
-0.710 -0.310 -0.397
-0.720 -0.348 -0.421
-0.716 -0.318 -0.394
-0.709 -0.302 -0.360
-0.740 -0.330 -0.359
-0.762 -0.266 -0.368
-0.763 -0.269 -0.418
-0.802 -0.321 -0.409
-0.739 -0.284 -0.425
-0.695 -0.260 -0.393
-0.736 -0.307 -0.334
-0.726 -0.297 -0.322
-0.490  0.034 -0.133
-0.716 -0.286 -0.317
-0.693 -0.268 -0.308
-0.709 -0.298 -0.321
-0.698 -0.271 -0.300
-0.504 -0.266 -0.306
-0.073 -0.279 -0.340
-0.055 -0.269 -0.365
-0.076 -0.256 -0.357
-0.115 -0.270 -0.336
-0.130 -0.276 -0.366
-0.144 -0.254 -0.351
-0.002 -0.097 -0.273
-0.186 -0.273 -0.362
-0.148 -0.251 -0.319
-0.152 -0.225 -0.315
 0.044 -0.008 -0.263
-0.155 -0.239 -0.438
-0.198 -0.251 -0.390
-0.106 -0.091 -0.232
-0.206 -0.239 -0.336
-0.202 -0.207 -0.319
-0.058  0.011 -0.169
-0.236 -0.237 -0.334
-0.225 -0.225 -0.330
-0.209 -0.217 -0.332
-0.224 -0.227 -0.343
-0.194 -0.214 -0.340
-0.232 -0.234 -0.355
-0.200 -0.231 -0.368
-0.219 -0.251 -0.379
-0.214 -0.251 -0.390
-0.125 -0.071 -0.243
-0.244 -0.244 -0.365
-0.292 -0.234 -0.329
-0.016  0.059 -0.180
-0.249 -0.238 -0.354
-0.253 -0.217 -0.344
-0.216 -0.157 -0.314
-0.273 -0.236 -0.370
-0.271 -0.214 -0.355
-0.293 -0.233 -0.367
-0.253 -0.192 -0.326
-0.261 -0.179 -0.316
-0.278 -0.194 -0.293
-0.286 -0.198 -0.306
-0.092  0.002 -0.215
-0.252 -0.204 -0.358
-0.237 -0.156 -0.361
-0.224 -0.178 -0.378
-0.276 -0.205 -0.326
-0.340 -0.218 -0.236
-0.338 -0.247 -0.278
-0.328 -0.239 -0.311
-0.310 -0.219 -0.284
-0.308 -0.223 -0.260
-0.295 -0.211 -0.284
-0.284 -0.217 -0.308
-0.323 -0.269 -0.345
-0.271 -0.222 -0.327
-0.265 -0.206 -0.303
-0.272 -0.227 -0.320
-0.275 -0.234 -0.345
-0.263 -0.210 -0.324
-0.243 -0.208 -0.328
-0.278 -0.224 -0.309
-0.310 -0.233 -0.281
-0.235 -0.128 -0.229
-0.300 -0.250 -0.326
-0.255 -0.215 -0.313
-0.257 -0.224 -0.317
-0.295 -0.242 -0.316
-0.276 -0.225 -0.303
-0.310 -0.224 -0.281
-0.314 -0.260 -0.323
-0.327 -0.265 -0.322
-0.303 -0.250 -0.312
-0.342 -0.283 -0.361
-0.339 -0.283 -0.355
-0.346 -0.297 -0.343
-0.330 -0.291 -0.333
-0.292 -0.209 -0.266
-0.353 -0.301 -0.319
-0.311 -0.246 -0.273
-0.317 -0.253 -0.280
-0.335 -0.261 -0.298
-0.314 -0.246 -0.311
-0.314 -0.256 -0.311
-0.311 -0.256 -0.327
-0.314 -0.243 -0.314
-0.306 -0.246 -0.304
-0.307 -0.231 -0.278
-0.238 -0.087 -0.167
-0.292 -0.211 -0.239
-0.309 -0.188 -0.189
-0.198 -0.143 -0.218
-0.312 -0.231 -0.284
-0.329 -0.229 -0.291
-0.339 -0.276 -0.327
-0.272 -0.273 -0.291
-0.245 -0.233 -0.289
-0.265 -0.247 -0.288
-0.311 -0.236 -0.224
-0.317 -0.266 -0.260
-0.281 -0.210 -0.230
-0.301 -0.196 -0.204
-0.314 -0.253 -0.252
-0.348 -0.284 -0.303
-0.340 -0.241 -0.341
-0.371 -0.278 -0.395
-0.341 -0.233 -0.374
-0.326 -0.221 -0.416
-0.269 -0.180 -0.380
-0.122  0.042 -0.043
-0.322 -0.225 -0.222
-0.290 -0.195 -0.197
-0.274 -0.197 -0.204
-0.305 -0.231 -0.253
-0.275 -0.187 -0.254
-0.340 -0.220 -0.245
-0.375 -0.248 -0.294
-0.374 -0.243 -0.319
-0.411 -0.286 -0.358
-0.403 -0.256 -0.337
-0.400 -0.260 -0.345
-0.413 -0.239 -0.292
-0.403 -0.259 -0.313
-0.395 -0.253 -0.310
-0.398 -0.248 -0.311
-0.375 -0.228 -0.283
-0.383 -0.233 -0.279
-0.412 -0.246 -0.289
-0.362 -0.180 -0.278
-0.303 -0.065 -0.180
-0.387 -0.200 -0.262
-0.365 -0.182 -0.281
-0.328 -0.131 -0.275
-0.355 -0.206 -0.344
-0.368 -0.175 -0.299
-0.313 -0.175 -0.325
-0.261 -0.125 -0.296
-0.305 -0.153 -0.296
-0.291 -0.128 -0.276
-0.256 -0.029 -0.178
-0.319 -0.150 -0.272
-0.363 -0.163 -0.297
-0.354 -0.200 -0.375
-0.291 -0.159 -0.353
-0.272 -0.137 -0.355
-0.266 -0.132 -0.303
-0.246 -0.081 -0.239
-0.259 -0.113 -0.269
-0.239 -0.088 -0.291
-0.258 -0.103 -0.292
-0.223 -0.067 -0.255
-0.155  0.009 -0.184
-0.279 -0.098 -0.232
-0.266 -0.079 -0.192
-0.290 -0.107 -0.209
-0.274 -0.099 -0.228
-0.170  0.046 -0.156
-0.282 -0.152 -0.322
-0.264 -0.110 -0.277
-0.270 -0.147 -0.317
-0.276 -0.159 -0.328
-0.309 -0.176 -0.322
-0.281 -0.165 -0.340
-0.218 -0.051 -0.285
-0.285 -0.169 -0.364
-0.280 -0.167 -0.362
-0.321 -0.186 -0.352
-0.333 -0.157 -0.275
-0.310 -0.150 -0.273
-0.356 -0.203 -0.333
-0.231 -0.004 -0.174
-0.308 -0.152 -0.293
-0.327 -0.165 -0.320
-0.353 -0.201 -0.384
-0.343 -0.201 -0.401
-0.323 -0.205 -0.406
-0.318 -0.190 -0.359
-0.334 -0.214 -0.363
-0.352 -0.251 -0.395
-0.361 -0.233 -0.397
-0.324 -0.242 -0.422
-0.307 -0.233 -0.411
-0.307 -0.243 -0.397
-0.272 -0.226 -0.347
-0.277 -0.175 -0.300
-0.347 -0.242 -0.341
-0.325 -0.207 -0.282
-0.346 -0.261 -0.367
-0.326 -0.245 -0.413
-0.035  0.079 -0.204
-0.286 -0.236 -0.401
-0.260 -0.227 -0.402
-0.275 -0.243 -0.385
-0.316 -0.244 -0.363
-0.330 -0.280 -0.414
-0.305 -0.259 -0.413
-0.189 -0.073 -0.287
-0.307 -0.260 -0.430
-0.285 -0.231 -0.412
-0.306 -0.257 -0.405
-0.319 -0.253 -0.393
-0.316 -0.286 -0.438
-0.274 -0.277 -0.433
-0.221 -0.203 -0.352
-0.294 -0.295 -0.405
-0.261 -0.237 -0.340
-0.283 -0.246 -0.382
-0.267 -0.233 -0.360
-0.237 -0.224 -0.387
-0.295 -0.283 -0.457
-0.318 -0.290 -0.457
-0.320 -0.324 -0.521
-0.275 -0.297 -0.519
-0.249 -0.290 -0.512
-0.260 -0.303 -0.498
-0.256 -0.305 -0.494
-0.083 -0.048 -0.288
-0.261 -0.291 -0.445
-0.285 -0.276 -0.429
-0.180 -0.129 -0.342
-0.260 -0.292 -0.453
-0.261 -0.294 -0.480
-0.254 -0.278 -0.483
-0.306 -0.332 -0.538
-0.313 -0.313 -0.509
-0.277 -0.312 -0.527
-0.219 -0.265 -0.476
-0.121 -0.094 -0.340
-0.246 -0.254 -0.496
-0.226 -0.234 -0.486
-0.231 -0.254 -0.505
-0.208 -0.256 -0.516
-0.072 -0.029 -0.330
-0.252 -0.274 -0.460
-0.302 -0.288 -0.429
-0.135 -0.163 -0.384
-0.315 -0.345 -0.485
-0.301 -0.308 -0.430
-0.280 -0.288 -0.449
-0.252 -0.275 -0.457
-0.247 -0.268 -0.498
-0.220 -0.245 -0.535
-0.166 -0.208 -0.537
-0.186 -0.232 -0.561
-0.129 -0.193 -0.523
 0.049  0.072 -0.315
-0.175 -0.229 -0.505
-0.148 -0.199 -0.451
-0.176 -0.237 -0.458
-0.170 -0.240 -0.450
-0.181 -0.252 -0.450
-0.195 -0.268 -0.462
-0.151 -0.253 -0.479
-0.169 -0.258 -0.500
-0.205 -0.303 -0.546
-0.196 -0.265 -0.495
-0.204 -0.301 -0.526
-0.176 -0.221 -0.527
 0.039  0.029 -0.348
-0.174 -0.222 -0.463
-0.184 -0.222 -0.423
-0.222 -0.217 -0.431
-0.204 -0.223 -0.437
-0.221 -0.217 -0.430
-0.278 -0.254 -0.435
-0.269 -0.247 -0.436
-0.253 -0.235 -0.436
-0.294 -0.271 -0.469
-0.272 -0.252 -0.494
-0.281 -0.281 -0.541
-0.267 -0.271 -0.533
-0.145 -0.062 -0.385
-0.299 -0.294 -0.556
-0.298 -0.282 -0.533
-0.338 -0.313 -0.510
-0.345 -0.289 -0.462
-0.284 -0.271 -0.494
-0.350 -0.306 -0.493
-0.369 -0.278 -0.450
-0.226 -0.229 -0.442
-0.328 -0.313 -0.470
-0.333 -0.283 -0.438
-0.297 -0.303 -0.502
-0.237 -0.259 -0.509
-0.216 -0.203 -0.457
-0.279 -0.307 -0.503
-0.234 -0.289 -0.489
-0.245 -0.296 -0.504
-0.264 -0.277 -0.483
-0.008  0.010 -0.342
-0.244 -0.288 -0.527
-0.236 -0.301 -0.459
-0.203 -0.274 -0.474
-0.197 -0.235 -0.513
-0.197 -0.261 -0.382
-0.238 -0.218 -0.422
-0.295 -0.284 -0.517
-0.289 -0.230 -0.474
-0.307 -0.278 -0.497
-0.302 -0.265 -0.496
-0.296 -0.256 -0.506
-0.291 -0.255 -0.568
-0.283 -0.242 -0.589
-0.053  0.038 -0.406
-0.309 -0.263 -0.590
-0.323 -0.251 -0.552
-0.374 -0.301 -0.547
-0.392 -0.311 -0.549
-0.390 -0.313 -0.529
-0.419 -0.330 -0.537
-0.388 -0.308 -0.540
-0.389 -0.300 -0.535
-0.432 -0.339 -0.592
-0.394 -0.309 -0.571
-0.414 -0.312 -0.562
-0.432 -0.356 -0.600
-0.399 -0.323 -0.587
-0.353 -0.236 -0.511
-0.410 -0.320 -0.557
-0.393 -0.267 -0.581
-0.333 -0.263 -0.572
-0.312 -0.263 -0.622
-0.288 -0.245 -0.622
-0.313 -0.287 -0.550
-0.304 -0.279 -0.591
-0.162 -0.070 -0.429
-0.308 -0.305 -0.661
-0.306 -0.284 -0.559
-0.301 -0.317 -0.603
-0.258 -0.279 -0.603
-0.289 -0.298 -0.603
-0.286 -0.340 -0.647
-0.254 -0.314 -0.628
-0.051 -0.035 -0.455
-0.276 -0.377 -0.679
-0.264 -0.391 -0.693
-0.311 -0.444 -0.733
-0.346 -0.425 -0.605
-0.328 -0.432 -0.605
-0.299 -0.411 -0.626
-0.287 -0.393 -0.650
-0.293 -0.395 -0.670
-0.293 -0.363 -0.612
-0.270 -0.386 -0.639
-0.249 -0.361 -0.627
-0.275 -0.373 -0.571
-0.258 -0.365 -0.594
-0.250 -0.321 -0.543
-0.302 -0.410 -0.605
-0.326 -0.402 -0.608
-0.293 -0.418 -0.677
-0.274 -0.409 -0.695
-0.247 -0.373 -0.678
-0.264 -0.415 -0.693
-0.240 -0.392 -0.641
-0.259 -0.400 -0.613
-0.288 -0.389 -0.600
-0.263 -0.401 -0.633
-0.224 -0.373 -0.605
-0.160 -0.249 -0.515
-0.232 -0.386 -0.633
-0.217 -0.380 -0.640
-0.223 -0.386 -0.622
-0.221 -0.345 -0.564
-0.220 -0.384 -0.611
-0.176 -0.363 -0.626
-0.112 -0.290 -0.575
-0.142 -0.332 -0.639
-0.151 -0.287 -0.601
-0.153 -0.307 -0.604
-0.135 -0.284 -0.577
-0.116 -0.209 -0.508
-0.181 -0.322 -0.576
-0.205 -0.297 -0.524
-0.187 -0.335 -0.570
-0.158 -0.305 -0.567
-0.158 -0.299 -0.581
-0.165 -0.306 -0.602
-0.148 -0.286 -0.609
-0.169 -0.300 -0.614
-0.153 -0.265 -0.615
-0.149 -0.247 -0.593
-0.168 -0.265 -0.560
-0.205 -0.254 -0.516
-0.214 -0.302 -0.556
-0.184 -0.280 -0.580
-0.080 -0.251 -0.569
-0.101 -0.275 -0.604
-0.095 -0.270 -0.632
 0.106 -0.010 -0.456
-0.123 -0.285 -0.588
-0.137 -0.290 -0.568
-0.183 -0.314 -0.564
-0.161 -0.293 -0.553
-0.138 -0.257 -0.525
-0.160 -0.274 -0.528
-0.167 -0.269 -0.548
-0.090 -0.128 -0.466
-0.156 -0.259 -0.569
-0.159 -0.250 -0.559
-0.205 -0.301 -0.622
-0.198 -0.288 -0.605
-0.230 -0.319 -0.609
-0.207 -0.293 -0.585
-0.219 -0.298 -0.604
-0.252 -0.345 -0.659
-0.268 -0.325 -0.625
-0.249 -0.343 -0.613
-0.253 -0.331 -0.594
-0.275 -0.335 -0.582
-0.324 -0.370 -0.601
-0.283 -0.350 -0.602
-0.246 -0.293 -0.578
-0.290 -0.364 -0.639
-0.285 -0.334 -0.626
-0.254 -0.316 -0.646
-0.134 -0.292 -0.648
-0.114 -0.289 -0.640
-0.137 -0.302 -0.652
-0.159 -0.270 -0.581
-0.161 -0.303 -0.607
-0.143 -0.285 -0.620
-0.151 -0.289 -0.657
-0.190 -0.319 -0.675
-0.209 -0.323 -0.693
-0.176 -0.225 -0.611
-0.272 -0.360 -0.685
-0.313 -0.345 -0.616
-0.253 -0.134 -0.517
-0.496 -0.404 -0.661
-0.521 -0.398 -0.643
-0.492 -0.362 -0.634
-0.533 -0.425 -0.667
-0.497 -0.401 -0.687
-0.486 -0.394 -0.689
-0.503 -0.415 -0.735
-0.489 -0.370 -0.691
-0.483 -0.393 -0.722
-0.459 -0.382 -0.720
-0.477 -0.403 -0.709
-0.436 -0.377 -0.721
-0.426 -0.371 -0.719
-0.440 -0.400 -0.740
-0.457 -0.377 -0.666
-0.468 -0.423 -0.692
-0.555 -0.466 -0.727
-0.594 -0.484 -0.720
-0.343 -0.174 -0.544
-0.595 -0.528 -0.775
