-4.478	-3.844	-0.474
-4.439	-3.863	-0.488
-4.479	-3.785	-0.472
-4.439	-3.749	-0.421
-4.454	-3.717	-0.443
-4.483	-3.621	-0.422
-4.501	-3.621	-0.367
-4.546	-3.551	-0.427
-4.523	-3.558	-0.352
-4.551	-3.479	-0.407
-4.548	-3.470	-0.356
-4.584	-3.441	-0.446
-4.553	-3.462	-0.418
-4.576	-3.461	-0.421
-4.546	-3.387	-0.385
-4.596	-3.359	-0.382
-4.557	-3.310	-0.473
-4.524	-3.280	-0.478
-4.548	-3.216	-0.453
-4.629	-3.103	-0.486
-4.579	-3.224	-0.505
-4.641	-3.167	-0.481
-4.626	-3.134	-0.496
-4.665	-3.122	-0.516
-4.606	-3.156	-0.509
-4.605	-3.109	-0.504
-4.629	-3.107	-0.486
-4.564	-3.198	-0.484
-4.514	-3.152	-0.466
-4.451	-3.160	-0.437
-4.526	-3.133	-0.403
-4.508	-3.104	-0.420
-4.547	-3.123	-0.396
-4.434	-3.025	-0.428
-4.415	-3.062	-0.488
-4.361	-3.073	-0.476
-4.375	-3.063	-0.473
-4.433	-3.001	-0.470
-4.432	-3.064	-0.538
-4.446	-3.031	-0.539
-4.442	-3.105	-0.550
-4.418	-3.061	-0.486
-4.339	-3.070	-0.586
-4.342	-2.983	-0.569
-4.391	-2.972	-0.631
-4.409	-2.955	-0.623
-4.325	-2.943	-0.592
-4.306	-2.956	-0.625
-4.251	-2.937	-0.559
-4.247	-2.926	-0.546
-4.265	-2.953	-0.581
-4.236	-2.973	-0.620
-4.341	-2.984	-0.653
-4.347	-2.927	-0.554
-4.327	-2.918	-0.603
-4.473	-2.923	-0.509
-4.477	-2.845	-0.534
-4.485	-2.896	-0.605
-4.527	-2.919	-0.587
-4.555	-2.896	-0.587
-4.587	-2.828	-0.556
-4.589	-2.838	-0.500
-4.666	-2.860	-0.548
-4.641	-2.869	-0.593
-4.727	-2.887	-0.608
-4.785	-2.862	-0.648
-4.761	-2.868	-0.687
-4.827	-2.869	-0.695
-4.781	-2.901	-0.641
-4.853	-2.874	-0.659
-4.888	-2.928	-0.687
-4.865	-2.957	-0.618
-4.786	-2.969	-0.687
-4.777	-3.002	-0.649
-4.807	-2.994	-0.601
-4.731	-3.001	-0.648
-4.861	-2.964	-0.635
-4.939	-3.045	-0.670
-4.953	-3.023	-0.660
-4.972	-3.050	-0.640
-5.028	-3.087	-0.619
-5.066	-3.033	-0.625
-5.081	-3.061	-0.621
-5.128	-3.098	-0.621
-5.115	-3.094	-0.651
-5.123	-3.132	-0.647
-5.146	-3.118	-0.625
-5.277	-3.123	-0.597
-5.477	-3.080	-0.653
-5.638	-3.110	-0.579
-5.664	-3.111	-0.570
-5.785	-3.090	-0.494
-5.835	-3.114	-0.497
-5.866	-3.059	-0.590
-5.918	-3.032	-0.512
-5.994	-3.060	-0.512
-5.949	-3.065	-0.501
-5.932	-3.073	-0.481
-6.051	-3.161	-0.482
-5.974	-3.195	-0.538
-5.993	-3.122	-0.579
-6.070	-3.166	-0.541
-6.022	-3.140	-0.580
-6.089	-3.233	-0.543
-6.128	-3.178	-0.531
-6.121	-3.186	-0.544
-6.128	-3.171	-0.553
-6.134	-3.200	-0.544
-6.165	-3.149	-0.571
-6.259	-3.162	-0.538
-6.194	-3.180	-0.554
-6.181	-3.143	-0.527
-6.162	-3.187	-0.508
-6.202	-3.157	-0.513
-6.195	-3.169	-0.505
-6.157	-3.227	-0.559
-6.182	-3.258	-0.633
-6.196	-3.294	-0.639
-6.200	-3.391	-0.603
-6.094	-3.400	-0.603
-6.114	-3.454	-0.643
-6.068	-3.465	-0.594
-6.041	-3.511	-0.649
-6.062	-3.515	-0.600
-6.062	-3.500	-0.620
-6.104	-3.497	-0.661
-6.125	-3.463	-0.607
-6.122	-3.461	-0.607
-6.128	-3.419	-0.565
-6.115	-3.464	-0.568
-6.099	-3.493	-0.593
-6.180	-3.415	-0.632
-6.117	-3.453	-0.604
-6.151	-3.465	-0.585
-6.104	-3.410	-0.587
-6.141	-3.357	-0.695
-6.146	-3.361	-0.653
-6.077	-3.426	-0.600
-6.075	-3.431	-0.592
-6.108	-3.453	-0.584
-6.094	-3.533	-0.608
-6.050	-3.508	-0.573
-6.055	-3.552	-0.564
-6.052	-3.618	-0.549
-5.998	-3.576	-0.516
-5.944	-3.634	-0.520
-5.931	-3.790	-0.539
-5.858	-3.949	-0.511
-5.808	-4.080	-0.553
-5.707	-4.135	-0.522
-5.725	-4.238	-0.527
-5.681	-4.317	-0.535
-5.640	-4.338	-0.518
-5.638	-4.406	-0.497
-5.650	-4.428	-0.501
-5.623	-4.497	-0.518
-5.764	-4.492	-0.551
-5.805	-4.473	-0.551
-5.850	-4.516	-0.497
-5.964	-4.471	-0.483
-6.002	-4.468	-0.450
-6.067	-4.425	-0.465
-6.070	-4.517	-0.503
-6.084	-4.550	-0.498
-6.126	-4.483	-0.527
-6.138	-4.504	-0.477
-6.122	-4.495	-0.524
-6.123	-4.472	-0.522
-6.118	-4.482	-0.503
-6.127	-4.478	-0.510
-6.111	-4.480	-0.563
-6.028	-4.462	-0.555
-6.077	-4.440	-0.535
-6.085	-4.475	-0.562
-6.029	-4.450	-0.580
-6.030	-4.483	-0.532
-6.019	-4.520	-0.493
-5.957	-4.493	-0.479
-6.010	-4.427	-0.509
-6.038	-4.366	-0.510
-5.975	-4.382	-0.527
-6.009	-4.448	-0.487
-6.012	-4.356	-0.542
-5.954	-4.455	-0.555
-5.943	-4.390	-0.491
-5.927	-4.461	-0.460
-5.904	-4.492	-0.440
-5.908	-4.394	-0.495
-5.923	-4.450	-0.461
-5.897	-4.422	-0.498
-5.920	-4.434	-0.474
-5.968	-4.374	-0.460
-5.903	-4.468	-0.467
-5.957	-4.457	-0.456
-6.007	-4.407	-0.420
-6.069	-4.382	-0.458
-6.149	-4.414	-0.466
-6.227	-4.400	-0.445
-6.317	-4.350	-0.452
-6.371	-4.388	-0.439
-6.393	-4.413	-0.453
-6.494	-4.398	-0.437
-6.488	-4.309	-0.453
-6.491	-4.331	-0.433
-6.549	-4.385	-0.491
-6.576	-4.372	-0.460
-6.518	-4.417	-0.479
-6.505	-4.404	-0.484
-6.458	-4.410	-0.461
-6.452	-4.411	-0.447
-6.393	-4.480	-0.438
-6.502	-4.400	-0.374
-6.456	-4.338	-0.415
-6.457	-4.381	-0.449
-6.418	-4.389	-0.431
-6.456	-4.498	-0.481
-6.380	-4.477	-0.463
-6.404	-4.485	-0.478
-6.404	-4.574	-0.466
-6.397	-4.566	-0.455
-6.394	-4.610	-0.454
-6.422	-4.543	-0.440
-6.353	-4.489	-0.473
-6.338	-4.454	-0.450
-6.418	-4.499	-0.431
-6.366	-4.464	-0.438
-6.396	-4.558	-0.451
-6.375	-4.482	-0.447
-6.313	-4.417	-0.464
-6.320	-4.456	-0.404
-6.304	-4.392	-0.372
-6.273	-4.369	-0.359
-6.286	-4.319	-0.393
-6.283	-4.334	-0.401
-6.281	-4.377	-0.396
-6.280	-4.365	-0.359
-6.356	-4.317	-0.371
-6.377	-4.306	-0.427
-6.352	-4.316	-0.431
-6.360	-4.323	-0.464
-6.318	-4.310	-0.485
-6.328	-4.314	-0.385
-6.332	-4.280	-0.468
-6.330	-4.266	-0.449
-6.298	-4.252	-0.465
-6.242	-4.306	-0.484
-6.306	-4.289	-0.487
-6.253	-4.295	-0.453
-6.269	-4.306	-0.539
-6.265	-4.277	-0.542
-6.142	-4.278	-0.503
-6.219	-4.329	-0.496
-6.094	-4.172	-0.474
-6.156	-4.246	-0.498
-6.153	-4.168	-0.466
-6.093	-4.198	-0.494
-6.053	-4.222	-0.503
-6.048	-4.176	-0.451
-6.023	-4.205	-0.490
-6.071	-4.181	-0.459
-6.056	-4.201	-0.437
-6.035	-4.270	-0.496
-6.016	-4.300	-0.472
-6.005	-4.251	-0.449
-5.959	-4.342	-0.501
-6.021	-4.304	-0.491
-6.009	-4.327	-0.425
-6.001	-4.292	-0.375
-6.053	-4.356	-0.417
-6.075	-4.328	-0.439
-6.070	-4.344	-0.446
-6.042	-4.384	-0.468
-5.981	-4.393	-0.430
-6.085	-4.309	-0.479
-6.086	-4.226	-0.512
-6.118	-4.282	-0.480
-6.111	-4.317	-0.504
-6.067	-4.359	-0.496
-6.099	-4.418	-0.513
-6.049	-4.446	-0.521
-6.038	-4.329	-0.439
-5.970	-4.379	-0.497
-6.028	-4.382	-0.495
-5.923	-4.372	-0.460
-5.916	-4.468	-0.500
-5.872	-4.421	-0.485
-5.912	-4.454	-0.452
-5.877	-4.410	-0.457
-5.868	-4.482	-0.463
-5.818	-4.444	-0.538
-5.815	-4.453	-0.559
-5.789	-4.427	-0.512
-5.794	-4.423	-0.497
-5.840	-4.348	-0.519
-5.858	-4.358	-0.497
-5.843	-4.430	-0.497
-5.819	-4.443	-0.528
-5.732	-4.455	-0.530
-5.762	-4.443	-0.485
-5.818	-4.462	-0.553
-5.772	-4.422	-0.478
-5.802	-4.485	-0.500
-5.708	-4.567	-0.479
-5.751	-4.441	-0.518
-5.800	-4.463	-0.492
-5.832	-4.528	-0.500
-5.906	-4.531	-0.508
-5.976	-4.513	-0.427
-6.092	-4.509	-0.374
-6.084	-4.552	-0.388
-6.231	-4.481	-0.375
-6.279	-4.482	-0.416
-6.412	-4.502	-0.414
-6.437	-4.493	-0.362
-6.377	-4.516	-0.408
-6.334	-4.553	-0.408
-6.407	-4.536	-0.438
-6.368	-4.501	-0.424
-6.395	-4.548	-0.413
-6.397	-4.544	-0.406
-6.392	-4.521	-0.434
-6.391	-4.517	-0.375
-6.360	-4.466	-0.348
-6.445	-4.473	-0.385
-6.427	-4.547	-0.357
-6.459	-4.551	-0.343
-6.401	-4.508	-0.401
-6.358	-4.501	-0.346
-6.276	-4.553	-0.383
-6.310	-4.547	-0.365
-6.317	-4.435	-0.357
-6.314	-4.438	-0.290
-6.303	-4.454	-0.272
-6.295	-4.459	-0.302
-6.315	-4.407	-0.312
-6.338	-4.428	-0.268
-6.326	-4.329	-0.282
-6.320	-4.272	-0.258
-6.356	-4.264	-0.303
-6.319	-4.319	-0.352
-6.257	-4.303	-0.379
-6.271	-4.332	-0.396
-6.278	-4.182	-0.394
-6.242	-4.157	-0.426
-6.257	-4.067	-0.386
-6.227	-4.131	-0.380
-6.242	-4.135	-0.359
-6.193	-4.149	-0.461
-6.220	-4.084	-0.434
-6.269	-4.014	-0.437
-6.276	-3.994	-0.418
-6.283	-3.982	-0.461
-6.285	-3.929	-0.461
-6.284	-3.955	-0.429
-6.272	-3.956	-0.433
-6.231	-3.911	-0.470
-6.275	-3.867	-0.505
-6.259	-3.894	-0.480
-6.260	-3.883	-0.413
-6.190	-3.883	-0.429
-6.150	-3.910	-0.456
-6.130	-3.845	-0.465
-6.071	-3.735	-0.462
-6.045	-3.708	-0.429
-6.055	-3.709	-0.427
-6.047	-3.699	-0.421
-6.080	-3.628	-0.357
-6.057	-3.542	-0.390
-6.005	-3.574	-0.404
-5.978	-3.542	-0.399
-5.965	-3.544	-0.387
-5.901	-3.517	-0.390
-5.977	-3.488	-0.338
-5.932	-3.397	-0.413
-5.844	-3.341	-0.389
-5.888	-3.368	-0.381
-5.874	-3.305	-0.363
-5.932	-3.337	-0.349
-5.904	-3.309	-0.410
-5.841	-3.290	-0.333
-5.809	-3.215	-0.392
-5.789	-3.203	-0.352
-5.908	-3.202	-0.358
-5.965	-3.228	-0.348
-6.037	-3.225	-0.369
-6.076	-3.233	-0.369
-6.105	-3.198	-0.380
-6.106	-3.143	-0.342
-6.161	-3.132	-0.380
-6.199	-3.177	-0.340
-6.166	-3.189	-0.361
-6.150	-3.158	-0.421
-6.087	-3.110	-0.378
-6.034	-3.065	-0.400
-6.118	-3.144	-0.380
-6.093	-3.150	-0.398
-6.063	-3.203	-0.441
-6.003	-3.223	-0.472
-6.057	-3.253	-0.433
-6.044	-3.130	-0.408
-6.044	-3.155	-0.432
-6.013	-3.155	-0.479
-6.012	-3.145	-0.498
-6.023	-3.230	-0.436
-6.076	-3.241	-0.464
-6.036	-3.298	-0.415
-6.080	-3.263	-0.473
-6.051	-3.321	-0.489
-6.010	-3.340	-0.432
-5.963	-3.410	-0.509
-5.946	-3.432	-0.500
-5.900	-3.380	-0.491
-5.886	-3.390	-0.455
-5.891	-3.413	-0.484
-5.889	-3.448	-0.373
-5.884	-3.462	-0.467
-5.913	-3.418	-0.434
-5.909	-3.435	-0.471
-5.923	-3.412	-0.533
-6.016	-3.423	-0.465
-6.137	-3.494	-0.455
-6.184	-3.449	-0.488
-6.279	-3.382	-0.501
-6.314	-3.406	-0.455
-6.402	-3.559	-0.460
-6.471	-3.541	-0.480
-6.464	-3.548	-0.500
-6.427	-3.590	-0.540
-6.489	-3.631	-0.511
-6.423	-3.620	-0.496
-6.485	-3.661	-0.522
-6.438	-3.709	-0.540
-6.532	-3.784	-0.554
-6.447	-3.788	-0.482
-6.476	-3.824	-0.511
-6.456	-3.861	-0.570
-6.369	-3.880	-0.591
-6.348	-3.959	-0.606
-6.362	-4.064	-0.581
-6.390	-4.075	-0.563
-6.390	-4.077	-0.536
-6.344	-4.089	-0.559
-6.431	-4.156	-0.538
-6.475	-4.158	-0.570
-6.412	-4.201	-0.522
-6.409	-4.214	-0.507
-6.443	-4.256	-0.528
-6.444	-4.295	-0.511
-6.439	-4.265	-0.478
-6.399	-4.340	-0.522
-6.454	-4.286	-0.490
-6.469	-4.170	-0.491
-6.362	-4.284	-0.519
-6.409	-4.351	-0.541
-6.413	-4.352	-0.546
-6.456	-4.298	-0.530
-6.447	-4.365	-0.545
-6.400	-4.326	-0.558
-6.401	-4.255	-0.528
-6.389	-4.241	-0.468
-6.417	-4.315	-0.448
-6.344	-4.301	-0.505
-6.422	-4.304	-0.504
-6.415	-4.376	-0.539
-6.425	-4.344	-0.506
-6.344	-4.366	-0.502
-6.383	-4.298	-0.572
-6.451	-4.353	-0.541
-6.482	-4.364	-0.543
-6.426	-4.389	-0.508
-6.442	-4.293	-0.474
-6.419	-4.208	-0.527
-6.447	-4.268	-0.568
-6.404	-4.309	-0.524
-6.385	-4.346	-0.472
-6.264	-4.447	-0.519
-6.360	-4.382	-0.490
-6.286	-4.403	-0.431
-6.297	-4.493	-0.448
-6.254	-4.523	-0.559
-6.189	-4.419	-0.587
-6.216	-4.358	-0.513
-6.165	-4.395	-0.481
-6.214	-4.351	-0.509
-6.161	-4.327	-0.513
-6.208	-4.450	-0.445
-6.169	-4.439	-0.478
-6.195	-4.375	-0.498
-6.198	-4.522	-0.540
-6.172	-4.545	-0.523
-6.172	-4.503	-0.554
-6.124	-4.489	-0.553
-6.103	-4.533	-0.479
-6.068	-4.536	-0.554
-6.073	-4.547	-0.558
-6.032	-4.593	-0.493
-6.067	-4.570	-0.501
-6.046	-4.505	-0.461
-6.049	-4.403	-0.462
-6.093	-4.419	-0.496
-6.142	-4.432	-0.445
-6.199	-4.462	-0.400
-6.259	-4.502	-0.421
-6.301	-4.546	-0.427
-6.334	-4.470	-0.432
-6.390	-4.436	-0.436
-6.415	-4.419	-0.389
-6.391	-4.484	-0.392
-6.362	-4.515	-0.347
-6.382	-4.450	-0.362
-6.349	-4.408	-0.407
-6.413	-4.458	-0.392
-6.386	-4.544	-0.364
-6.311	-4.497	-0.362
-6.308	-4.574	-0.285
-6.291	-4.676	-0.314
-6.290	-4.524	-0.268
-6.255	-4.521	-0.300
-6.265	-4.602	-0.353
-6.257	-4.567	-0.357
-6.247	-4.667	-0.325
-6.161	-4.594	-0.306
-6.194	-4.587	-0.314
-6.202	-4.587	-0.394
-6.197	-4.651	-0.337
-6.181	-4.539	-0.276
-6.236	-4.607	-0.327
-6.131	-4.582	-0.325
-6.119	-4.590	-0.356
-6.160	-4.609	-0.361
-6.120	-4.516	-0.333
-6.131	-4.593	-0.303
-6.167	-4.616	-0.268
-6.143	-4.575	-0.300
-6.159	-4.532	-0.362
-6.226	-4.541	-0.321
-6.195	-4.537	-0.323
-6.152	-4.601	-0.366
-6.202	-4.667	-0.408
-6.216	-4.488	-0.403
-6.300	-4.516	-0.373
-6.323	-4.583	-0.427
-6.444	-4.528	-0.350
-6.495	-4.422	-0.379
-6.576	-4.411	-0.400
-6.550	-4.429	-0.389
-6.582	-4.358	-0.375
-6.602	-4.392	-0.334
-6.638	-4.399	-0.268
-6.680	-4.392	-0.332
-6.643	-4.277	-0.351
-6.590	-4.318	-0.339
-6.613	-4.255	-0.301
-6.653	-4.219	-0.264
-6.643	-4.221	-0.296
-6.627	-4.149	-0.372
-6.645	-4.100	-0.337
-6.574	-4.033	-0.301
-6.548	-4.028	-0.286
-6.593	-3.955	-0.346
-6.576	-3.962	-0.251
-6.561	-4.005	-0.268
-6.563	-4.004	-0.283
-6.564	-3.934	-0.225
-6.612	-3.953	-0.291
-6.620	-3.947	-0.264
-6.576	-3.939	-0.376
-6.568	-3.932	-0.333
-6.603	-4.043	-0.325
-6.618	-3.983	-0.331
-6.595	-3.929	-0.337
-6.592	-3.922	-0.350
-6.535	-3.948	-0.327
-6.522	-3.969	-0.283
-6.494	-3.981	-0.338
-6.540	-3.945	-0.284
-6.585	-3.963	-0.378
-6.487	-3.977	-0.396
-6.563	-4.010	-0.403
-6.564	-4.072	-0.345
-6.561	-4.000	-0.377
-6.499	-3.958	-0.384
-6.545	-3.891	-0.333
-6.517	-3.889	-0.360
-6.555	-3.920	-0.345
-6.528	-3.952	-0.331
-6.470	-3.987	-0.452
-6.517	-3.922	-0.395
-6.491	-4.007	-0.381
-6.473	-3.863	-0.388
-6.471	-4.013	-0.329
-6.455	-3.937	-0.362
-6.428	-3.961	-0.342
-6.447	-4.003	-0.376
-6.494	-4.013	-0.290
-6.425	-4.024	-0.380
-6.486	-3.990	-0.374
-6.538	-3.964	-0.398
-6.493	-3.903	-0.364
-6.525	-3.908	-0.362
-6.504	-3.918	-0.337
-6.486	-3.916	-0.367
-6.424	-3.850	-0.310
-6.422	-3.849	-0.366
-6.389	-3.816	-0.328
-6.382	-3.832	-0.335
-6.282	-3.836	-0.309
-6.333	-3.833	-0.272
-6.337	-3.801	-0.286
-6.239	-3.890	-0.325
-6.270	-3.886	-0.285
-6.294	-3.775	-0.270
-6.310	-3.773	-0.268
-6.289	-3.791	-0.256
-6.279	-3.850	-0.302
-6.296	-3.879	-0.269
-6.284	-3.819	-0.222
-6.324	-3.824	-0.281
-6.289	-3.848	-0.244
-6.277	-3.894	-0.290
-6.243	-3.839	-0.267
-6.265	-3.862	-0.304
-6.180	-3.864	-0.318
-6.256	-3.946	-0.340
-6.226	-3.971	-0.253
-6.260	-4.013	-0.191
-6.281	-3.990	-0.258
-6.299	-3.984	-0.270
-6.247	-3.954	-0.320
-6.218	-4.019	-0.330
-6.206	-4.064	-0.331
-6.173	-4.105	-0.334
-6.189	-4.091	-0.304
-6.167	-4.099	-0.279
-6.164	-4.103	-0.267
-6.157	-4.117	-0.284
-6.127	-4.220	-0.278
-6.063	-4.140	-0.297
-6.055	-4.226	-0.322
-6.051	-4.206	-0.348
-6.011	-4.151	-0.318
-6.031	-4.157	-0.340
-6.078	-4.192	-0.345
-6.120	-4.223	-0.298
-6.136	-4.236	-0.343
-6.180	-4.060	-0.336
-6.207	-4.118	-0.263
-6.212	-4.118	-0.353
-6.215	-4.145	-0.363
-6.240	-4.086	-0.370
-6.237	-4.052	-0.321
-6.255	-3.983	-0.359
-6.201	-4.142	-0.280
-6.188	-4.107	-0.380
-6.158	-4.123	-0.397
-6.138	-4.150	-0.399
-6.081	-4.098	-0.325
-6.079	-4.088	-0.373
-6.086	-4.090	-0.411
-6.066	-4.013	-0.398
-6.139	-4.052	-0.448
-6.084	-4.053	-0.382
-6.069	-4.055	-0.406
-6.064	-4.122	-0.389
-6.056	-4.132	-0.348
-6.018	-4.101	-0.405
-6.109	-4.100	-0.420
-6.106	-4.168	-0.357
-6.110	-4.205	-0.297
-6.085	-4.116	-0.393
-6.125	-4.101	-0.395
-6.200	-4.059	-0.353
-6.267	-4.065	-0.373
-6.293	-4.066	-0.407
-6.269	-4.226	-0.297
-6.213	-4.168	-0.313
-6.301	-4.278	-0.355
-6.249	-4.228	-0.363
-6.312	-4.249	-0.420
-6.318	-4.242	-0.375
-6.270	-4.227	-0.383
-6.162	-4.191	-0.392
-6.248	-4.286	-0.316
-6.210	-4.323	-0.347
-6.170	-4.307	-0.347
-6.195	-4.348	-0.339
-6.195	-4.365	-0.304
-6.167	-4.369	-0.329
-6.205	-4.396	-0.321
-6.083	-4.407	-0.333
-6.139	-4.368	-0.370
-6.148	-4.424	-0.409
-6.149	-4.461	-0.335
-6.116	-4.447	-0.301
-6.100	-4.467	-0.377
-6.123	-4.465	-0.372
-6.088	-4.524	-0.396
-6.119	-4.526	-0.325
-6.078	-4.469	-0.427
-6.108	-4.444	-0.368
-6.146	-4.437	-0.353
-6.110	-4.431	-0.309
-6.105	-4.457	-0.370
-6.075	-4.414	-0.417
-6.224	-4.402	-0.391
-6.276	-4.457	-0.365
-6.297	-4.435	-0.377
-6.421	-4.406	-0.326
-6.527	-4.448	-0.321
-6.528	-4.441	-0.343
-6.522	-4.454	-0.329
-6.544	-4.458	-0.316
-6.562	-4.496	-0.336
-6.555	-4.355	-0.262
-6.495	-4.350	-0.312
-6.530	-4.428	-0.295
-6.546	-4.382	-0.279
-6.448	-4.442	-0.333
-6.501	-4.408	-0.309
-6.540	-4.343	-0.304
-6.541	-4.296	-0.324
-6.476	-4.341	-0.310
-6.448	-4.320	-0.342
-6.499	-4.310	-0.299
-6.407	-4.289	-0.298
-6.450	-4.201	-0.353
-6.504	-4.274	-0.413
-6.535	-4.258	-0.372
-6.478	-4.222	-0.304
-6.479	-4.245	-0.287
-6.478	-4.276	-0.320
-6.470	-4.302	-0.320
-6.423	-4.293	-0.296
-6.397	-4.286	-0.304
-6.382	-4.232	-0.261
-6.474	-4.258	-0.334
-6.444	-4.255	-0.263
-6.468	-4.306	-0.302
-6.355	-4.311	-0.300
-6.333	-4.294	-0.372
-6.392	-4.338	-0.358
-6.349	-4.254	-0.307
-6.407	-4.190	-0.374
-6.382	-4.279	-0.352
-6.423	-4.300	-0.375
-6.387	-4.350	-0.336
-6.330	-4.308	-0.286
-6.322	-4.265	-0.280
-6.342	-4.341	-0.375
-6.344	-4.322	-0.322
-6.264	-4.362	-0.303
-6.320	-4.329	-0.333
-6.406	-4.296	-0.328
-6.437	-4.286	-0.314
-6.452	-4.327	-0.317
-6.468	-4.299	-0.350
-6.340	-4.380	-0.326
-6.376	-4.339	-0.372
-6.397	-4.340	-0.293
-6.389	-4.431	-0.365
-6.326	-4.341	-0.321
-6.344	-4.410	-0.320
-6.375	-4.379	-0.377
-6.323	-4.323	-0.369
-6.273	-4.311	-0.316
-6.310	-4.196	-0.340
-6.377	-4.260	-0.350
-6.302	-4.357	-0.383
-6.294	-4.345	-0.359
-6.281	-4.345	-0.422
-6.267	-4.310	-0.334
-6.300	-4.345	-0.337
-6.313	-4.319	-0.391
-6.282	-4.412	-0.374
-6.301	-4.393	-0.295
-6.275	-4.415	-0.330
-6.313	-4.398	-0.347
-6.376	-4.427	-0.372
-6.402	-4.375	-0.400
-6.416	-4.314	-0.408
-6.441	-4.333	-0.358
-6.450	-4.311	-0.354
-6.389	-4.294	-0.357
-6.314	-4.313	-0.402
-6.271	-4.314	-0.322
-6.293	-4.315	-0.269
-6.331	-4.349	-0.377
-6.350	-4.380	-0.320
-6.361	-4.458	-0.284
-6.362	-4.406	-0.314
-6.298	-4.365	-0.286
-6.325	-4.455	-0.296
-6.330	-4.415	-0.367
-6.350	-4.368	-0.313
-6.355	-4.322	-0.337
-6.303	-4.406	-0.357
-6.300	-4.356	-0.332
-6.208	-4.333	-0.320
-6.289	-4.287	-0.393
-6.248	-4.220	-0.368
-6.245	-4.167	-0.310
-6.211	-4.196	-0.336
-6.224	-4.209	-0.362
-6.218	-4.211	-0.360
-6.237	-4.150	-0.341
-6.198	-4.151	-0.310
-6.162	-4.178	-0.333
-6.189	-4.117	-0.378
-6.181	-4.152	-0.352
-6.279	-4.097	-0.344
-6.256	-4.153	-0.345
-6.405	-4.069	-0.450
-6.404	-3.982	-0.366
-6.550	-4.036	-0.419
-6.587	-4.049	-0.425
-6.613	-4.052	-0.385
-6.648	-3.887	-0.385
-6.694	-3.925	-0.442
-6.690	-3.986	-0.398
-6.720	-4.001	-0.496
-6.696	-4.002	-0.395
-6.633	-3.933	-0.423
-6.602	-3.932	-0.361
-6.588	-3.921	-0.442
-6.645	-3.999	-0.392
-6.592	-3.973	-0.410
-6.573	-4.071	-0.445
-6.552	-4.026	-0.429
-6.536	-4.017	-0.385
-6.548	-4.105	-0.388
-6.603	-4.186	-0.349
-6.610	-4.187	-0.415
-6.600	-4.214	-0.402
-6.594	-4.192	-0.453
-6.598	-4.120	-0.392
-6.570	-4.177	-0.377
-6.616	-4.228	-0.369
-6.579	-4.198	-0.406
-6.596	-4.199	-0.357
-6.604	-4.229	-0.338
-6.652	-4.225	-0.305
-6.626	-4.273	-0.315
-6.586	-4.267	-0.395
-6.590	-4.220	-0.373
-6.613	-4.120	-0.369
-6.567	-4.171	-0.326
-6.577	-4.158	-0.378
-6.620	-4.260	-0.348
-6.628	-4.216	-0.397
-6.580	-4.219	-0.380
-6.555	-4.222	-0.471
-6.527	-4.231	-0.394
-6.542	-4.322	-0.326
-6.564	-4.224	-0.389
-6.566	-4.234	-0.354
-6.588	-4.307	-0.333
-6.609	-4.385	-0.450
-6.622	-4.336	-0.332
-6.605	-4.339	-0.365
-6.560	-4.355	-0.381
-6.559	-4.387	-0.438
-6.619	-4.314	-0.345
-6.536	-4.305	-0.421
-6.548	-4.312	-0.365
-6.474	-4.344	-0.446
-6.537	-4.343	-0.409
-6.441	-4.341	-0.409
-6.514	-4.255	-0.339
-6.448	-4.244	-0.411
-6.417	-4.259	-0.408
-6.461	-4.275	-0.373
-6.387	-4.248	-0.392
-6.453	-4.237	-0.405
-6.426	-4.222	-0.384
-6.359	-4.283	-0.373
-6.349	-4.312	-0.376
-6.377	-4.327	-0.418
-6.372	-4.352	-0.334
-6.385	-4.280	-0.402
-6.389	-4.295	-0.360
-6.319	-4.307	-0.391
-6.284	-4.277	-0.366
-6.365	-4.263	-0.354
-6.390	-4.267	-0.378
-6.413	-4.211	-0.378
-6.551	-4.222	-0.346
-6.538	-4.263	-0.394
-6.588	-4.209	-0.427
-6.550	-4.258	-0.399
-6.568	-4.197	-0.422
-6.532	-4.173	-0.389
-6.540	-4.227	-0.384
-6.532	-4.245	-0.387
-6.504	-4.248	-0.428
-6.533	-4.257	-0.427
-6.562	-4.252	-0.402
-6.506	-4.221	-0.370
-6.561	-4.191	-0.333
-6.508	-4.279	-0.342
-6.448	-4.266	-0.284
-6.484	-4.227	-0.397
-6.461	-4.199	-0.379
-6.549	-4.135	-0.332
-6.467	-4.097	-0.301
-6.439	-4.110	-0.312
-6.448	-4.093	-0.301
-6.444	-4.151	-0.284
-6.514	-4.181	-0.247
-6.462	-4.130	-0.287
-6.404	-4.111	-0.254
-6.407	-4.055	-0.341
-6.337	-4.056	-0.321
-6.447	-4.101	-0.321
-6.446	-4.132	-0.325
-6.349	-4.123	-0.336
-6.351	-4.054	-0.341
-6.476	-4.100	-0.338
-6.395	-4.203	-0.279
-6.476	-4.157	-0.278
-6.530	-4.167	-0.260
-6.584	-4.118	-0.263
-6.695	-4.103	-0.237
-6.848	-4.131	-0.251
-6.693	-4.166	-0.227
-6.827	-4.226	-0.265
-6.863	-4.216	-0.234
-6.914	-4.258	-0.298
-6.868	-4.269	-0.323
-6.900	-4.262	-0.344
-6.796	-4.295	-0.315
-6.892	-4.227	-0.315
-6.856	-4.173	-0.317
-6.868	-4.194	-0.328
-6.873	-4.139	-0.349
-6.814	-4.170	-0.313
-6.900	-4.171	-0.299
-6.886	-4.159	-0.330
-6.831	-4.192	-0.377
-6.875	-4.215	-0.410
-6.833	-4.185	-0.376
-6.767	-4.218	-0.419
-6.845	-4.207	-0.459
-6.862	-4.220	-0.335
-6.783	-4.258	-0.433
-6.760	-4.165	-0.442
-6.790	-4.185	-0.400
-6.791	-4.168	-0.464
-6.731	-4.212	-0.425
-6.815	-4.259	-0.504
-6.774	-4.286	-0.452
-6.750	-4.310	-0.432
-6.715	-4.311	-0.467
-6.614	-4.304	-0.473
-6.691	-4.272	-0.458
-6.736	-4.325	-0.441
-6.675	-4.284	-0.380
-6.707	-4.386	-0.413
-6.729	-4.638	-0.433
-6.691	-4.869	-0.459
-6.729	-5.014	-0.442
-6.745	-5.162	-0.412
-6.793	-5.274	-0.392
-6.719	-5.356	-0.415
-6.655	-5.501	-0.435
-6.698	-5.532	-0.414
-6.705	-5.631	-0.421
-6.730	-5.739	-0.357
-6.754	-5.761	-0.411
-6.747	-5.912	-0.375
-6.744	-5.984	-0.417
-6.779	-6.007	-0.335
-6.739	-6.104	-0.315
-6.780	-6.096	-0.448
-6.780	-6.168	-0.430
-6.792	-6.297	-0.499
-6.803	-6.370	-0.526
-6.736	-6.377	-0.547
-6.653	-6.440	-0.444
-6.663	-6.527	-0.481
-6.627	-6.509	-0.409
-6.588	-6.532	-0.449
-6.619	-6.578	-0.464
-6.570	-6.546	-0.450
-6.613	-6.586	-0.453
-6.609	-6.606	-0.420
-6.580	-6.683	-0.466
-6.539	-6.760	-0.371
-6.619	-6.662	-0.448
-6.597	-6.697	-0.439
-6.568	-6.673	-0.420
-6.569	-6.747	-0.439
-6.591	-6.766	-0.436
-6.497	-6.737	-0.363
-6.473	-6.739	-0.441
-6.573	-6.784	-0.462
-6.481	-6.742	-0.430
-6.444	-6.773	-0.374
-6.499	-6.739	-0.391
-6.552	-6.751	-0.470
-6.606	-6.735	-0.438
-6.722	-6.741	-0.396
-6.742	-6.758	-0.383
-6.798	-6.778	-0.385
-6.809	-6.773	-0.307
-6.794	-6.774	-0.401
-6.655	-6.819	-0.391
-6.656	-6.759	-0.299
-6.678	-6.828	-0.371
-6.725	-6.849	-0.434
-6.679	-6.814	-0.489
-6.593	-6.731	-0.418
-6.706	-6.779	-0.437
-6.659	-6.802	-0.436
-6.661	-6.840	-0.364
-6.634	-6.830	-0.422
-6.602	-6.794	-0.318
-6.626	-6.823	-0.390
-6.621	-6.784	-0.402
-6.596	-6.827	-0.297
-6.563	-6.734	-0.328
-6.621	-6.701	-0.392
-6.631	-6.747	-0.391
-6.691	-6.768	-0.356
-6.677	-6.701	-0.368
-6.700	-6.650	-0.318
-6.666	-6.645	-0.338
-6.584	-6.734	-0.342
-6.629	-6.606	-0.378
-6.602	-6.494	-0.343
-6.596	-6.472	-0.266
-6.568	-6.396	-0.311
-6.581	-6.437	-0.268
-6.587	-6.492	-0.250
-6.508	-6.398	-0.314
-6.521	-6.386	-0.226
-6.512	-6.334	-0.301
-6.623	-6.352	-0.227
-6.785	-6.281	-0.277
-6.774	-6.300	-0.278
-6.924	-6.283	-0.228
-6.958	-6.268	-0.222
-6.928	-6.312	-0.314
-6.987	-6.383	-0.247
-6.963	-6.318	-0.208
-6.931	-6.311	-0.257
-7.013	-6.370	-0.244
-7.016	-6.368	-0.246
-6.976	-6.343	-0.288
-6.953	-6.427	-0.174
-6.995	-6.396	-0.239
-6.961	-6.392	-0.336
-7.019	-6.357	-0.286
-6.949	-6.376	-0.306
-6.977	-6.347	-0.302
-7.067	-6.401	-0.310
-6.972	-6.338	-0.322
-6.988	-6.385	-0.321
-6.955	-6.377	-0.334
-7.031	-6.407	-0.299
-7.013	-6.284	-0.219
-6.916	-6.275	-0.281
-6.945	-6.270	-0.284
-6.999	-6.391	-0.288
-7.017	-6.295	-0.319
-6.985	-6.277	-0.362
-6.955	-6.317	-0.309
-6.946	-6.288	-0.336
-6.931	-6.249	-0.362
-6.918	-6.167	-0.404
-6.893	-6.340	-0.403
-6.927	-6.218	-0.368
-6.944	-6.265	-0.271
-6.911	-6.109	-0.366
-6.924	-6.151	-0.377
-6.882	-6.135	-0.361
-6.923	-6.040	-0.358
-6.888	-6.057	-0.448
-6.901	-5.963	-0.319
-6.893	-5.817	-0.343
-6.890	-5.874	-0.371
-6.866	-5.893	-0.330
-6.900	-5.692	-0.332
-6.872	-5.754	-0.365
-6.781	-5.724	-0.291
-6.815	-5.671	-0.294
-6.848	-5.500	-0.231
-6.834	-5.689	-0.264
-6.768	-5.665	-0.294
-6.811	-5.830	-0.320
-6.821	-5.955	-0.243
-6.879	-6.115	-0.237
-6.850	-6.161	-0.201
-6.818	-6.240	-0.200
-6.868	-6.318	-0.177
-6.850	-6.398	-0.253
-6.760	-6.428	-0.303
-6.824	-6.515	-0.303
-6.863	-6.570	-0.355
-6.804	-6.556	-0.373
-6.744	-6.594	-0.284
-6.796	-6.632	-0.271
-6.643	-6.670	-0.320
-6.742	-6.536	-0.360
-6.717	-6.665	-0.278
-6.651	-6.680	-0.295
-6.711	-6.573	-0.326
-6.727	-6.570	-0.358
-6.708	-6.537	-0.317
-6.649	-6.465	-0.328
-6.739	-6.528	-0.346
-6.690	-6.578	-0.264
-6.700	-6.658	-0.274
-6.708	-6.597	-0.272
-6.724	-6.631	-0.328
-6.775	-6.648	-0.397
-6.810	-6.627	-0.405
-6.802	-6.585	-0.299
-6.803	-6.597	-0.303
-6.769	-6.574	-0.324
-6.743	-6.493	-0.340
-6.754	-6.547	-0.405
-6.768	-6.662	-0.393
-6.754	-6.573	-0.423
-6.674	-6.578	-0.356
-6.669	-6.512	-0.317
-6.691	-6.363	-0.451
-6.701	-6.499	-0.382
-6.640	-6.547	-0.381
-6.657	-6.473	-0.339
-6.625	-6.482	-0.394
-6.639	-6.447	-0.402
-6.625	-6.446	-0.430
-6.630	-6.529	-0.457
-6.589	-6.414	-0.467
-6.690	-6.427	-0.456
-6.617	-6.417	-0.374
-6.656	-6.338	-0.398
-6.691	-6.384	-0.402
-6.752	-6.282	-0.418
-6.776	-6.191	-0.401
-6.791	-6.185	-0.457
-6.815	-6.047	-0.429
-6.792	-6.029	-0.480
-6.781	-5.990	-0.372
-6.842	-5.834	-0.350
-6.830	-5.865	-0.394
-6.764	-5.808	-0.349
-6.752	-5.847	-0.410
-6.700	-5.783	-0.324
-6.741	-5.663	-0.332
-6.724	-5.648	-0.453
-6.654	-5.701	-0.443
-6.675	-5.678	-0.446
-6.597	-5.555	-0.453
-6.637	-5.671	-0.422
-6.643	-5.720	-0.363
-6.645	-5.633	-0.468
-6.699	-5.871	-0.449
-6.682	-5.957	-0.392
-6.640	-5.836	-0.337
-6.685	-5.738	-0.450
-6.642	-5.694	-0.417
-6.654	-5.596	-0.362
-6.721	-5.619	-0.415
-6.793	-5.645	-0.381
-6.843	-5.433	-0.411
-6.850	-5.446	-0.454
-6.929	-5.361	-0.408
-6.821	-5.437	-0.383
-6.867	-5.278	-0.338
-6.871	-5.400	-0.355
-6.849	-5.604	-0.379
-6.834	-5.614	-0.398
-6.805	-5.513	-0.393
-6.787	-5.404	-0.407
-6.775	-5.172	-0.391
-6.781	-5.308	-0.370
-6.780	-5.251	-0.382
-6.680	-5.122	-0.409
-6.675	-5.054	-0.432
-6.705	-5.105	-0.390
-6.748	-5.083	-0.430
-6.703	-5.086	-0.417
-6.721	-4.994	-0.456
-6.713	-4.966	-0.406
-6.684	-4.911	-0.345
-6.678	-4.902	-0.385
-6.703	-4.734	-0.392
-6.680	-4.833	-0.439
-6.673	-4.818	-0.438
-6.689	-4.736	-0.398
-6.660	-4.772	-0.456
-6.675	-4.654	-0.468
-6.656	-4.698	-0.522
-6.645	-4.699	-0.573
-6.736	-4.669	-0.571
-6.834	-4.668	-0.587
-6.887	-4.553	-0.674
-7.003	-4.614	-0.657
-7.099	-4.717	-0.757
-7.131	-4.549	-0.698
-7.184	-4.656	-0.667
-7.192	-4.648	-0.664
-7.141	-4.774	-0.708
-7.164	-4.658	-0.695
-7.160	-4.660	-0.691
-7.169	-4.708	-0.660
-7.139	-4.679	-0.601
-7.143	-4.723	-0.626
-7.121	-4.704	-0.723
-7.123	-4.755	-0.761
-7.076	-4.742	-0.707
-7.044	-4.688	-0.763
-7.009	-4.668	-0.725
-7.047	-4.637	-0.709
-7.073	-4.652	-0.665
-6.992	-4.597	-0.702
-7.050	-4.547	-0.739
-7.017	-4.501	-0.718
-7.008	-4.477	-0.823
-6.966	-4.527	-0.743
-6.978	-4.495	-0.709
-7.009	-4.481	-0.707
-6.935	-4.438	-0.786
-6.944	-4.475	-0.797
-6.931	-4.416	-0.749
-7.000	-4.473	-0.731
-6.977	-4.384	-0.652
-6.980	-4.296	-0.732
-6.927	-4.333	-0.688
-6.896	-4.380	-0.691
-6.863	-4.403	-0.691
-6.826	-4.395	-0.653
-6.840	-4.389	-0.679
-6.853	-4.434	-0.655
-6.854	-4.338	-0.680
-6.825	-4.373	-0.651
-6.849	-4.391	-0.658
-6.875	-4.321	-0.581
-6.883	-4.256	-0.621
-6.910	-4.343	-0.663
-6.873	-4.253	-0.652
-6.873	-4.177	-0.634
-6.966	-4.163	-0.681
-7.007	-4.135	-0.610
-7.002	-4.102	-0.565
-7.026	-4.105	-0.496
-6.910	-4.038	-0.500
-6.907	-4.002	-0.485
-6.894	-3.911	-0.473
-6.881	-3.973	-0.380
-6.964	-3.900	-0.386
-6.825	-3.868	-0.338
-6.863	-3.883	-0.405
-6.840	-3.856	-0.365
-6.788	-3.844	-0.291
-6.771	-3.867	-0.357
-6.745	-3.775	-0.342
-6.686	-3.821	-0.293
-6.664	-3.869	-0.375
-6.662	-3.874	-0.349
-6.673	-3.730	-0.325
-6.643	-3.818	-0.336
-6.676	-3.799	-0.327
-6.700	-3.759	-0.352
-6.719	-3.741	-0.332
-6.801	-3.711	-0.353
-6.892	-3.792	-0.289
-6.921	-3.791	-0.402
-6.906	-3.813	-0.452
-6.959	-3.821	-0.357
-6.955	-3.810	-0.380
-6.925	-3.837	-0.402
-6.891	-3.808	-0.363
-6.864	-3.859	-0.413
-6.846	-3.779	-0.328
-6.898	-3.780	-0.348
-6.844	-3.740	-0.329
-6.855	-3.760	-0.396
-6.794	-3.880	-0.452
-6.813	-3.877	-0.428
-6.782	-3.919	-0.383
-6.767	-3.958	-0.380
-6.783	-4.073	-0.413
-6.786	-4.069	-0.386
-6.810	-4.033	-0.442
-6.755	-4.140	-0.381
-6.731	-3.986	-0.333
-6.683	-4.196	-0.322
-6.581	-4.175	-0.385
-6.621	-4.182	-0.385
-6.597	-4.201	-0.388
-6.594	-4.107	-0.336
-6.638	-4.245	-0.397
-6.649	-4.136	-0.396
-6.685	-4.171	-0.390
-6.619	-3.984	-0.440
-6.664	-4.052	-0.437
-6.794	-4.142	-0.394
-6.946	-4.039	-0.469
-6.967	-4.037	-0.373
-7.059	-3.955	-0.411
-7.113	-4.053	-0.442
-7.144	-4.047	-0.470
-7.150	-4.062	-0.498
-7.157	-4.024	-0.566
-7.074	-4.089	-0.559
-7.105	-4.078	-0.608
-7.102	-3.924	-0.551
-7.090	-4.017	-0.624
-7.030	-3.893	-0.615
-7.004	-3.954	-0.603
-7.049	-3.954	-0.498
-7.043	-3.908	-0.502
-7.055	-3.909	-0.612
-7.032	-3.874	-0.640
-7.057	-3.981	-0.560
-7.027	-3.831	-0.524
-7.036	-3.835	-0.546
-7.034	-3.881	-0.606
-7.032	-3.811	-0.523
-7.003	-3.819	-0.534
-7.014	-3.772	-0.529
-6.968	-3.810	-0.516
-7.030	-3.737	-0.551
-6.975	-3.798	-0.586
-7.023	-3.844	-0.537
-7.036	-3.837	-0.563
-6.973	-3.837	-0.536
-7.004	-3.774	-0.613
-7.008	-3.818	-0.615
-6.987	-3.833	-0.602
-6.978	-3.833	-0.501
-6.970	-3.812	-0.510
-6.992	-3.892	-0.584
-6.958	-3.802	-0.548
-6.883	-3.703	-0.544
-6.870	-3.825	-0.560
-6.894	-3.837	-0.417
-6.909	-3.769	-0.557
-6.893	-3.841	-0.482
-6.829	-3.809	-0.522
-6.882	-3.777	-0.498
-6.900	-3.824	-0.533
-6.953	-3.784	-0.542
-7.012	-3.829	-0.488
-7.004	-3.834	-0.538
-7.009	-3.834	-0.585
-6.966	-3.785	-0.501
-7.000	-3.884	-0.516
-6.934	-3.803	-0.508
-6.956	-3.837	-0.473
-6.970	-3.831	-0.586
-6.957	-3.797	-0.506
-6.932	-3.887	-0.552
-6.904	-3.893	-0.536
-6.846	-3.860	-0.544
-6.843	-3.886	-0.609
-6.786	-3.835	-0.604
-6.867	-3.897	-0.648
-6.870	-3.862	-0.542
-6.872	-3.815	-0.622
-6.866	-3.923	-0.593
-6.861	-3.819	-0.595
-6.806	-3.804	-0.644
-6.824	-3.804	-0.549
-6.824	-3.833	-0.564
-6.825	-3.861	-0.570
-6.782	-3.825	-0.448
-6.882	-3.850	-0.516
-6.881	-3.795	-0.506
-6.942	-3.766	-0.525
-6.902	-3.791	-0.494
-6.886	-3.785	-0.504
-6.895	-3.803	-0.470
-6.872	-3.814	-0.502
-6.878	-3.766	-0.511
-6.864	-3.737	-0.439
-6.852	-3.762	-0.371
-6.794	-3.696	-0.470
-6.809	-3.658	-0.491
-6.817	-3.691	-0.419
-6.788	-3.659	-0.453
-6.744	-3.668	-0.479
-6.747	-3.678	-0.483
-6.749	-3.670	-0.487
-6.657	-3.692	-0.357
-6.764	-3.670	-0.383
-6.768	-3.658	-0.395
-6.755	-3.646	-0.350
-6.787	-3.654	-0.421
-6.769	-3.677	-0.361
-6.850	-3.639	-0.398
-6.877	-3.705	-0.400
-6.902	-3.839	-0.328
-6.893	-3.947	-0.400
-6.882	-3.975	-0.423
-6.884	-3.885	-0.359
-6.890	-3.856	-0.357
-6.883	-3.951	-0.408
-6.878	-3.861	-0.373
-6.889	-3.894	-0.389
-6.864	-3.860	-0.432
-6.840	-3.835	-0.374
-6.823	-3.845	-0.331
-6.758	-3.788	-0.307
-6.751	-3.785	-0.288
-6.772	-3.764	-0.380
-6.739	-3.757	-0.345
-6.739	-3.764	-0.353
-6.695	-3.753	-0.382
-6.728	-3.765	-0.425
-6.653	-3.815	-0.408
-6.657	-3.825	-0.345
-6.664	-3.878	-0.372
-6.663	-3.925	-0.359
-6.679	-3.863	-0.404
-6.698	-3.969	-0.359
-6.749	-3.952	-0.432
-6.813	-3.994	-0.348
-6.825	-4.033	-0.404
-6.778	-4.054	-0.410
-6.797	-4.080	-0.462
-6.788	-4.076	-0.369
-6.738	-3.966	-0.383
-6.712	-4.119	-0.378
-6.659	-4.055	-0.431
-6.722	-4.078	-0.355
-6.693	-4.122	-0.467
-6.672	-4.038	-0.483
-6.630	-4.051	-0.430
-6.602	-4.074	-0.374
-6.581	-4.083	-0.507
-6.567	-4.079	-0.463
-6.570	-4.115	-0.424
-6.549	-4.065	-0.473
-6.510	-4.005	-0.440
-6.545	-3.964	-0.455
-6.432	-4.016	-0.433
-6.494	-4.037	-0.396
-6.459	-4.052	-0.462
-6.471	-4.040	-0.471
-6.456	-4.025	-0.476
-6.390	-4.047	-0.490
-6.400	-4.009	-0.488
-6.403	-3.964	-0.426
-6.437	-4.043	-0.448
-6.443	-4.023	-0.415
-6.491	-4.106	-0.492
-6.525	-4.026	-0.432
-6.586	-4.064	-0.469
-6.626	-4.006	-0.434
-6.722	-4.068	-0.399
-6.788	-3.981	-0.439
-6.849	-3.973	-0.469
-6.861	-3.975	-0.410
-6.902	-3.945	-0.462
-6.912	-3.986	-0.516
-6.846	-4.010	-0.410
-6.934	-3.946	-0.402
-6.906	-3.899	-0.421
-6.912	-3.941	-0.404
-6.882	-3.963	-0.439
-6.921	-4.000	-0.466
-6.868	-3.990	-0.440
-6.880	-4.001	-0.459
-6.849	-3.959	-0.467
-6.835	-4.058	-0.441
-6.856	-4.069	-0.401
-6.837	-4.000	-0.381
-6.861	-4.058	-0.437
-6.877	-4.141	-0.439
-6.878	-4.162	-0.432
-6.822	-4.089	-0.436
-6.859	-4.085	-0.380
-6.826	-4.021	-0.432
-6.782	-4.110	-0.410
-6.792	-4.104	-0.473
-6.765	-4.051	-0.458
-6.727	-4.008	-0.481
-6.734	-4.045	-0.453
-6.737	-4.089	-0.477
-6.734	-4.160	-0.471
-6.743	-4.129	-0.428
-6.768	-4.159	-0.432
-6.771	-4.074	-0.490
-6.754	-4.106	-0.512
-6.773	-4.070	-0.529
-6.777	-4.019	-0.512
-6.791	-3.983	-0.517
-6.802	-3.959	-0.518
-6.745	-4.018	-0.519
-6.721	-3.976	-0.467
-6.728	-3.943	-0.440
-6.732	-4.000	-0.490
-6.717	-3.969	-0.451
-6.688	-3.862	-0.430
-6.640	-3.987	-0.435
-6.689	-3.943	-0.428
-6.645	-4.023	-0.437
-6.694	-4.033	-0.453
-6.731	-3.936	-0.440
-6.715	-4.029	-0.467
-6.705	-4.035	-0.462
-6.652	-4.000	-0.472
-6.661	-4.116	-0.404
-6.665	-4.016	-0.399
-6.637	-4.021	-0.393
-6.678	-4.009	-0.390
-6.623	-4.027	-0.415
-6.623	-3.977	-0.415
-6.596	-3.934	-0.441
-6.567	-4.023	-0.376
-6.614	-3.938	-0.432
-6.552	-4.055	-0.422
-6.583	-3.971	-0.413
-6.570	-3.959	-0.339
-6.468	-3.956	-0.375
-6.556	-4.036	-0.409
-6.527	-3.896	-0.463
-6.526	-3.944	-0.399
-6.501	-3.906	-0.399
-6.507	-4.023	-0.386
-6.479	-3.865	-0.378
-6.454	-3.920	-0.462
-6.456	-3.820	-0.535
-6.382	-3.878	-0.496
-6.352	-3.918	-0.483
-6.392	-4.055	-0.431
-6.366	-4.033	-0.471
-6.550	-4.180	-0.484
-6.555	-4.221	-0.548
-6.639	-4.393	-0.583
-6.637	-4.291	-0.538
-6.615	-4.245	-0.442
-6.633	-4.429	-0.547
-6.663	-4.353	-0.524
-6.653	-4.371	-0.484
-6.636	-4.420	-0.491
-6.641	-4.551	-0.437
-6.610	-4.586	-0.479
-6.585	-4.485	-0.417
-6.561	-4.578	-0.475
-6.578	-4.527	-0.475
-6.527	-4.547	-0.480
-6.518	-4.586	-0.461
-6.503	-4.594	-0.535
-6.588	-4.652	-0.517
-6.561	-4.495	-0.477
-6.560	-4.674	-0.533
-6.573	-4.519	-0.488
-6.547	-4.733	-0.542
-6.513	-4.640	-0.439
-6.551	-4.565	-0.535
-6.521	-4.641	-0.565
-6.517	-4.553	-0.501
-6.431	-4.628	-0.539
-6.493	-4.517	-0.578
-6.470	-4.575	-0.611
-6.412	-4.626	-0.610
-6.432	-4.677	-0.622
-6.410	-4.719	-0.531
-6.442	-4.782	-0.561
-6.477	-4.795	-0.538
-6.503	-4.722	-0.505
-6.547	-4.725	-0.526
-6.654	-4.746	-0.535
-6.656	-4.813	-0.519
-6.745	-4.679	-0.517
-6.804	-4.709	-0.515
-6.813	-4.712	-0.469
-6.849	-4.624	-0.493
-6.895	-4.609	-0.461
-6.886	-4.672	-0.480
-6.932	-4.681	-0.380
-6.912	-4.641	-0.416
-6.914	-4.535	-0.413
-6.860	-4.505	-0.496
-6.831	-4.601	-0.522
-6.871	-4.485	-0.519
-6.850	-4.548	-0.586
-6.824	-4.575	-0.521
-6.758	-4.568	-0.532
-6.804	-4.422	-0.560
-6.806	-4.523	-0.563
-6.819	-4.480	-0.436
-6.813	-4.499	-0.471
-6.801	-4.517	-0.463
-6.801	-4.440	-0.539
-6.795	-4.436	-0.468
-6.829	-4.509	-0.476
-6.836	-4.460	-0.466
-6.805	-4.409	-0.522
-6.807	-4.475	-0.555
-6.762	-4.483	-0.485
-6.743	-4.382	-0.503
-6.802	-4.450	-0.497
-6.800	-4.485	-0.585
-6.786	-4.442	-0.526
-6.810	-4.395	-0.519
-6.766	-4.390	-0.527
-6.795	-4.357	-0.536
-6.811	-4.357	-0.443
-6.800	-4.287	-0.499
-6.798	-4.366	-0.540
-6.722	-4.322	-0.503
-6.744	-4.434	-0.493
-6.715	-4.373	-0.492
-6.698	-4.377	-0.381
-6.762	-4.414	-0.509
-6.750	-4.340	-0.493
-6.748	-4.415	-0.475
-6.716	-4.366	-0.501
-6.693	-4.321	-0.505
-6.676	-4.262	-0.505
-6.724	-4.290	-0.491
-6.760	-4.237	-0.492
-6.732	-4.292	-0.456
-6.771	-4.220	-0.498
-6.765	-4.231	-0.468
-6.773	-4.208	-0.405
-6.764	-4.250	-0.482
-6.739	-4.176	-0.521
-6.720	-4.065	-0.452
-6.734	-4.112	-0.454
-6.742	-4.172	-0.499
-6.753	-4.113	-0.558
-6.758	-4.181	-0.541
-6.709	-4.163	-0.498
-6.703	-4.186	-0.511
-6.668	-4.114	-0.515
-6.639	-4.086	-0.500
-6.628	-4.024	-0.534
-6.574	-4.002	-0.518
-6.584	-4.123	-0.553
-6.594	-4.018	-0.472
-6.565	-3.907	-0.465
-6.576	-4.034	-0.441
-6.617	-4.043	-0.449
-6.600	-3.984	-0.396
-6.597	-3.991	-0.475
-6.652	-4.007	-0.476
-6.654	-4.036	-0.427
-6.628	-3.943	-0.479
-6.645	-3.900	-0.496
-6.697	-3.893	-0.500
-6.714	-3.918	-0.488
-6.735	-3.892	-0.400
-6.712	-3.902	-0.446
-6.689	-3.848	-0.463
-6.707	-3.987	-0.475
-6.617	-3.930	-0.543
-6.643	-3.827	-0.482
-6.606	-3.934	-0.462
-6.614	-3.812	-0.456
-6.633	-3.785	-0.449
-6.637	-3.849	-0.435
-6.559	-3.838	-0.516
-6.564	-3.834	-0.459
-6.527	-3.823	-0.431
-6.545	-3.881	-0.324
-6.549	-3.899	-0.425
-6.517	-3.890	-0.401
-6.525	-3.946	-0.511
-6.559	-3.845	-0.500
-6.585	-3.917	-0.496
-6.581	-3.858	-0.446
-6.577	-3.920	-0.492
-6.597	-3.978	-0.499
-6.657	-3.969	-0.536
-6.649	-4.031	-0.482
-6.680	-4.158	-0.469
-6.679	-4.137	-0.520
-6.711	-4.189	-0.523
-6.686	-4.402	-0.480
-6.673	-4.430	-0.529
-6.680	-4.466	-0.474
-6.678	-4.447	-0.524
-6.637	-4.404	-0.505
-6.615	-4.430	-0.546
-6.602	-4.426	-0.464
-6.484	-4.422	-0.524
-6.516	-4.465	-0.560
-6.484	-4.498	-0.576
-6.526	-4.472	-0.512
-6.483	-4.439	-0.496
-6.494	-4.460	-0.499
-6.499	-4.462	-0.480
-6.522	-4.479	-0.493
-6.536	-4.538	-0.566
-6.530	-4.557	-0.526
-6.509	-4.608	-0.507
-6.527	-4.640	-0.533
-6.511	-4.610	-0.516
-6.525	-4.616	-0.467
-6.551	-4.593	-0.547
-6.644	-4.597	-0.473
-6.658	-4.656	-0.566
-6.703	-4.642	-0.601
-6.683	-4.682	-0.620
-6.687	-4.610	-0.593
-6.670	-4.668	-0.502
-6.719	-4.603	-0.633
-6.668	-4.606	-0.651
-6.590	-4.609	-0.627
-6.635	-4.670	-0.612
-6.620	-4.709	-0.699
-6.647	-4.611	-0.665
-6.599	-4.671	-0.703
-6.600	-4.617	-0.662
-6.589	-4.614	-0.615
-6.518	-4.624	-0.676
-6.589	-4.664	-0.662
-6.530	-4.617	-0.630
-6.510	-4.629	-0.585
-6.483	-4.669	-0.602
-6.529	-4.694	-0.620
-6.522	-4.593	-0.556
-6.557	-4.655	-0.550
-6.539	-4.512	-0.580
-6.487	-4.530	-0.576
-6.405	-4.531	-0.640
-6.436	-4.499	-0.550
-6.419	-4.512	-0.589
-6.414	-4.543	-0.528
-6.431	-4.579	-0.649
-6.447	-4.539	-0.670
-6.474	-4.491	-0.657
-6.436	-4.391	-0.612
-6.502	-4.350	-0.560
-6.522	-4.390	-0.653
-6.637	-4.330	-0.598
-6.724	-4.337	-0.586
-6.730	-4.243	-0.569
-6.752	-4.247	-0.561
-6.862	-4.178	-0.570
-6.854	-4.184	-0.570
-6.893	-4.148	-0.536
-6.829	-4.201	-0.509
-6.807	-4.169	-0.511
-6.799	-4.221	-0.490
-6.823	-4.188	-0.477
-6.776	-4.117	-0.512
-6.811	-4.173	-0.569
-6.814	-4.076	-0.559
-6.871	-4.054	-0.579
-6.811	-4.068	-0.560
-6.786	-4.052	-0.542
-6.829	-3.927	-0.430
-6.800	-3.960	-0.498
-6.824	-4.034	-0.504
-6.807	-3.991	-0.485
-6.831	-3.929	-0.486
-6.820	-3.978	-0.503
-6.785	-3.979	-0.466
-6.778	-3.975	-0.478
-6.778	-3.897	-0.461
-6.748	-3.907	-0.543
-6.807	-3.901	-0.480
-6.746	-3.900	-0.497
-6.745	-3.954	-0.444
-6.799	-3.945	-0.518
-6.767	-3.957	-0.515
-6.748	-4.008	-0.455
-6.773	-3.946	-0.530
-6.843	-3.952	-0.502
-6.790	-3.890	-0.486
-6.764	-3.862	-0.511
-6.700	-3.916	-0.489
-6.713	-3.846	-0.471
-6.724	-3.849	-0.460
-6.754	-3.869	-0.473
-6.723	-3.789	-0.441
-6.753	-3.905	-0.448
-6.649	-3.875	-0.379
-6.712	-3.901	-0.443
-6.736	-3.937	-0.503
-6.735	-3.942	-0.478
-6.789	-3.922	-0.420
-6.786	-3.886	-0.410
-6.709	-3.855	-0.457
-6.700	-3.879	-0.504
-6.702	-3.801	-0.539
-6.788	-3.843	-0.563
-6.752	-3.829	-0.481
-6.708	-3.940	-0.446
-6.777	-3.920	-0.405
-6.796	-3.934	-0.450
-6.789	-3.927	-0.473
-6.758	-3.903	-0.431
-6.753	-3.966	-0.470
-6.716	-3.924	-0.440
-6.722	-3.929	-0.470
-6.750	-3.956	-0.443
-6.682	-3.898	-0.457
-6.692	-3.865	-0.426
-6.720	-3.886	-0.455
-6.695	-3.947	-0.423
-6.686	-3.949	-0.450
-6.652	-4.002	-0.517
-6.634	-3.939	-0.461
-6.556	-4.020	-0.435
-6.577	-3.962	-0.415
-6.575	-4.008	-0.448
-6.577	-3.983	-0.368
-6.662	-4.014	-0.442
-6.642	-4.038	-0.382
-6.696	-4.072	-0.436
-6.676	-4.065	-0.512
-6.657	-4.036	-0.418
-6.694	-4.061	-0.486
-6.600	-4.075	-0.471
-6.595	-4.138	-0.518
-6.613	-4.185	-0.510
-6.680	-4.162	-0.513
-6.656	-4.186	-0.446
-6.587	-4.142	-0.552
-6.605	-4.151	-0.537
-6.507	-4.177	-0.477
-6.484	-4.102	-0.418
-6.530	-4.117	-0.442
-6.535	-4.012	-0.380
-6.558	-4.063	-0.394
-6.583	-4.103	-0.407
-6.597	-4.138	-0.420
-6.533	-4.062	-0.513
-6.512	-4.072	-0.484
-6.551	-4.056	-0.525
-6.595	-4.073	-0.490
-6.519	-4.100	-0.534
-6.606	-4.063	-0.481
-6.647	-4.037	-0.445
-6.660	-4.077	-0.442
-6.713	-4.099	-0.483
-6.654	-4.064	-0.465
-6.622	-4.165	-0.473
-6.617	-4.083	-0.521
-6.674	-4.121	-0.516
-6.655	-4.160	-0.541
-6.604	-4.169	-0.531
-6.665	-4.220	-0.589
-6.614	-4.095	-0.482
-6.595	-4.201	-0.456
-6.576	-4.196	-0.476
-6.609	-4.152	-0.421
-6.575	-4.128	-0.418
-6.512	-4.156	-0.451
-6.535	-4.043	-0.433
-6.523	-4.079	-0.495
-6.536	-4.064	-0.353
-6.541	-4.044	-0.379
-6.579	-4.104	-0.430
-6.526	-4.067	-0.444
-6.475	-4.085	-0.416
-6.526	-4.097	-0.457
-6.563	-4.079	-0.360
-6.679	-3.972	-0.454
-6.651	-4.066	-0.437
-6.549	-4.053	-0.345
-6.629	-4.254	-0.335
-6.704	-4.391	-0.379
-6.668	-4.431	-0.370
-6.676	-4.536	-0.333
-6.666	-4.712	-0.350
-6.701	-4.765	-0.382
-6.685	-4.810	-0.348
-6.619	-4.766	-0.368
-6.596	-4.837	-0.446
-6.663	-4.942	-0.424
-6.675	-4.989	-0.400
-6.642	-5.046	-0.375
-6.665	-5.098	-0.387
-6.610	-5.114	-0.413
-6.581	-5.176	-0.422
-6.584	-5.182	-0.463
-6.564	-5.156	-0.482
-6.626	-5.181	-0.477
-6.576	-5.164	-0.432
-6.578	-5.048	-0.533
-6.598	-5.120	-0.540
-6.653	-4.972	-0.625
-6.545	-4.882	-0.570
-6.606	-4.831	-0.601
-6.480	-4.770	-0.700
-6.521	-4.787	-0.703
-6.488	-4.725	-0.711
-6.471	-4.687	-0.757
-6.518	-4.675	-0.726
-6.565	-4.704	-0.736
-6.588	-4.681	-0.704
-6.705	-4.654	-0.734
-6.756	-4.666	-0.790
-6.830	-4.530	-0.769
-6.886	-4.578	-0.702
-6.873	-4.455	-0.691
-6.955	-4.489	-0.645
-6.893	-4.422	-0.607
-6.962	-4.411	-0.675
-6.940	-4.324	-0.682
-6.994	-4.274	-0.627
-6.956	-4.256	-0.640
-6.983	-4.324	-0.556
-6.933	-4.257	-0.526
-6.970	-4.319	-0.563
-6.924	-4.187	-0.534
-7.001	-4.175	-0.537
-6.951	-4.192	-0.481
-6.908	-4.157	-0.447
-6.875	-4.160	-0.410
-6.925	-4.126	-0.445
-6.939	-4.094	-0.486
-6.999	-4.082	-0.400
-6.956	-4.108	-0.444
-6.965	-4.017	-0.406
-6.965	-3.957	-0.448
-6.938	-3.958	-0.509
-6.942	-3.958	-0.501
-6.932	-3.983	-0.470
-6.928	-3.965	-0.450
-6.891	-4.006	-0.414
-6.881	-3.994	-0.440
-6.898	-3.900	-0.398
-6.873	-3.867	-0.376
-6.976	-3.962	-0.359
-6.861	-3.936	-0.365
-6.863	-3.856	-0.354
-6.935	-3.860	-0.382
-6.875	-3.845	-0.430
-6.863	-3.892	-0.413
-6.829	-3.897	-0.409
-6.825	-3.819	-0.394
-6.912	-3.901	-0.422
-6.895	-3.882	-0.435
-6.837	-3.873	-0.340
-6.821	-3.918	-0.374
-6.891	-3.839	-0.348
-6.863	-3.864	-0.372
-6.921	-3.811	-0.320
-6.952	-3.873	-0.366
-6.935	-3.810	-0.397
-6.994	-3.826	-0.373
-6.940	-3.884	-0.386
-6.943	-3.882	-0.371
-6.962	-3.917	-0.398
-6.895	-3.881	-0.433
-6.928	-3.874	-0.343
-6.916	-3.904	-0.319
-6.876	-4.066	-0.404
-6.875	-4.149	-0.425
-6.910	-4.241	-0.443
-6.860	-4.180	-0.425
-6.896	-4.270	-0.406
-6.833	-4.290	-0.457
-6.832	-4.204	-0.370
-6.822	-4.337	-0.414
-6.799	-4.300	-0.356
-6.849	-4.315	-0.400
-6.867	-4.297	-0.437
-6.833	-4.245	-0.463
-6.810	-4.296	-0.455
-6.808	-4.185	-0.414
-6.731	-4.149	-0.404
-6.880	-4.221	-0.432
-6.912	-4.326	-0.431
-6.906	-4.393	-0.480
-6.884	-4.403	-0.435
-6.926	-4.419	-0.448
-6.965	-4.443	-0.403
-6.843	-4.452	-0.446
-6.958	-4.628	-0.476
-6.884	-4.779	-0.478
-6.787	-4.935	-0.482
-6.845	-5.156	-0.514
-6.853	-5.218	-0.565
-6.781	-5.313	-0.487
-6.826	-5.369	-0.490
-6.830	-5.460	-0.518
-6.770	-5.566	-0.460
-6.852	-5.705	-0.489
-6.856	-5.739	-0.471
-6.821	-5.699	-0.451
-6.853	-5.734	-0.432
-6.810	-5.792	-0.448
-6.862	-5.912	-0.402
-6.822	-5.883	-0.458
-6.829	-5.875	-0.440
-6.902	-5.932	-0.459
-6.927	-5.911	-0.425
-6.985	-5.932	-0.477
-7.009	-5.968	-0.443
-6.991	-5.948	-0.455
-7.009	-5.855	-0.487
-7.019	-5.949	-0.499
-7.001	-5.894	-0.486
-6.969	-5.972	-0.481
-6.975	-5.884	-0.471
-6.950	-5.849	-0.465
-6.860	-5.830	-0.535
-6.896	-5.883	-0.449
-6.860	-5.833	-0.438
-6.861	-5.783	-0.435
-6.834	-5.781	-0.474
-6.746	-5.715	-0.424
-6.784	-5.728	-0.432
-6.856	-5.711	-0.499
-6.806	-5.656	-0.444
-6.812	-5.629	-0.461
-6.785	-5.565	-0.422
-6.841	-5.628	-0.473
-6.885	-5.579	-0.500
-6.907	-5.589	-0.508
-6.922	-5.633	-0.520
-6.945	-5.561	-0.535
-7.006	-5.584	-0.511
-7.030	-5.510	-0.484
-7.016	-5.536	-0.532
-7.040	-5.495	-0.417
-7.030	-5.547	-0.481
-7.017	-5.552	-0.520
-6.909	-5.570	-0.529
-6.924	-5.530	-0.474
-6.905	-5.542	-0.500
-6.891	-5.530	-0.478
-6.872	-5.521	-0.481
-6.831	-5.533	-0.500
-6.892	-5.581	-0.522
-6.815	-5.556	-0.482
-6.799	-5.545	-0.501
-6.844	-5.578	-0.500
-6.907	-5.566	-0.446
-6.853	-5.553	-0.429
-6.886	-5.554	-0.484
-6.898	-5.608	-0.456
-6.815	-5.592	-0.395
-6.781	-5.584	-0.430
-6.785	-5.618	-0.445
-6.789	-5.623	-0.439
-6.766	-5.602	-0.479
-6.757	-5.574	-0.489
-6.747	-5.656	-0.432
-6.804	-5.676	-0.479
-6.768	-5.647	-0.366
-6.736	-5.694	-0.430
-6.767	-5.700	-0.363
-6.849	-5.696	-0.357
-6.961	-5.695	-0.477
-6.992	-5.699	-0.508
-7.044	-5.742	-0.500
-7.222	-5.721	-0.484
-7.164	-5.707	-0.455
-7.219	-5.700	-0.422
-7.176	-5.706	-0.480
-7.136	-5.772	-0.548
-7.150	-5.674	-0.516
-7.219	-5.719	-0.496
-7.162	-5.737	-0.452
-7.196	-5.677	-0.421
-7.073	-5.783	-0.379
-7.126	-5.768	-0.400
-7.159	-5.725	-0.382
-7.114	-5.737	-0.360
-7.100	-5.718	-0.423
-7.104	-5.739	-0.425
-7.125	-5.765	-0.452
-7.130	-5.793	-0.421
-7.054	-5.797	-0.483
-7.108	-5.758	-0.438
-7.027	-5.751	-0.426
-7.106	-5.770	-0.451
-7.116	-5.701	-0.462
-7.082	-5.756	-0.482
-7.098	-5.706	-0.342
-7.077	-5.746	-0.403
-7.100	-5.753	-0.465
-7.008	-5.765	-0.483
-7.070	-5.729	-0.392
-7.044	-5.718	-0.490
-7.003	-5.687	-0.476
-7.044	-5.698	-0.486
-7.012	-5.698	-0.500
-7.048	-5.718	-0.467
-7.022	-5.746	-0.469
-6.973	-5.763	-0.423
-6.983	-5.739	-0.396
-6.948	-5.659	-0.403
-6.911	-5.625	-0.473
-6.942	-5.658	-0.430
-6.887	-5.632	-0.490
-6.957	-5.598	-0.471
-6.923	-5.569	-0.496
-6.984	-5.605	-0.552
-6.922	-5.674	-0.470
-6.993	-5.691	-0.483
-7.003	-5.636	-0.452
-6.951	-5.644	-0.468
-7.013	-5.637	-0.514
-7.066	-5.590	-0.525
-7.040	-5.613	-0.460
-7.021	-5.603	-0.486
-6.999	-5.624	-0.536
-6.995	-5.637	-0.619
-7.051	-5.639	-0.566
-6.958	-5.682	-0.578
-6.948	-5.701	-0.540
-6.902	-5.656	-0.537
-6.860	-5.624	-0.449
-6.893	-5.630	-0.531
-6.858	-5.657	-0.523
-6.836	-5.665	-0.513
-6.891	-5.622	-0.564
-6.937	-5.625	-0.586
-6.933	-5.612	-0.561
-6.873	-5.631	-0.533
-6.811	-5.658	-0.540
-6.793	-5.583	-0.542
-6.786	-5.583	-0.536
-6.846	-5.624	-0.496
-6.906	-5.613	-0.452
-6.916	-5.603	-0.518
-6.909	-5.607	-0.560
-6.908	-5.555	-0.556
-6.888	-5.557	-0.588
-6.916	-5.589	-0.558
-6.929	-5.614	-0.501
-6.858	-5.621	-0.497
-6.868	-5.577	-0.516
-6.818	-5.567	-0.516
-6.858	-5.567	-0.527
-6.862	-5.549	-0.503
-6.858	-5.560	-0.474
-6.745	-5.418	-0.548
-6.753	-5.442	-0.573
-6.726	-5.398	-0.557
-6.709	-5.443	-0.468
-6.740	-5.449	-0.562
-6.764	-5.425	-0.482
-6.788	-5.370	-0.422
-6.791	-5.299	-0.467
-6.779	-5.238	-0.523
-6.751	-5.269	-0.514
-6.887	-5.323	-0.534
-6.914	-5.301	-0.531
-6.938	-5.302	-0.595
-6.934	-5.295	-0.570
-6.930	-5.303	-0.485
-6.924	-5.210	-0.418
-6.920	-5.200	-0.442
-6.979	-5.161	-0.482
-6.961	-5.227	-0.585
-6.924	-5.259	-0.536
-6.884	-5.172	-0.535
-6.865	-5.081	-0.485
-6.941	-5.029	-0.507
-6.894	-5.021	-0.463
-6.830	-4.965	-0.467
-6.792	-4.923	-0.410
-6.830	-4.902	-0.398
-6.792	-4.891	-0.442
-6.761	-4.816	-0.445
-6.763	-4.761	-0.417
-6.840	-4.775	-0.376
-6.825	-4.709	-0.471
-6.822	-4.724	-0.473
-6.792	-4.656	-0.437
-6.717	-4.677	-0.391
-6.771	-4.586	-0.464
-6.835	-4.514	-0.546
-6.947	-4.532	-0.486
-6.953	-4.518	-0.511
-6.933	-4.492	-0.446
-6.905	-4.532	-0.551
-6.896	-4.511	-0.566
-6.988	-4.494	-0.517
-6.956	-4.498	-0.437
-6.854	-4.431	-0.497
-6.930	-4.438	-0.500
-6.837	-4.431	-0.501
-6.894	-4.400	-0.501
-6.782	-4.302	-0.545
-6.847	-4.301	-0.457
-6.782	-4.309	-0.447
-6.782	-4.303	-0.442
-6.785	-4.300	-0.535
-6.815	-4.271	-0.483
-6.705	-4.234	-0.503
-6.831	-4.320	-0.494
-6.742	-4.333	-0.494
-6.774	-4.300	-0.458
-6.719	-4.337	-0.477
-6.708	-4.301	-0.419
-6.727	-4.290	-0.457
-6.737	-4.302	-0.486
-6.737	-4.255	-0.492
-6.685	-4.230	-0.552
-6.708	-4.294	-0.503
-6.723	-4.298	-0.493
-6.750	-4.254	-0.502
-6.748	-4.226	-0.508
-6.685	-4.236	-0.549
-6.752	-4.249	-0.546
-6.906	-4.239	-0.483
-6.980	-4.153	-0.522
-7.003	-4.267	-0.554
-7.060	-4.221	-0.614
-7.141	-4.218	-0.507
-7.139	-4.194	-0.519
-7.178	-4.221	-0.497
-7.167	-4.116	-0.499
-7.205	-4.234	-0.487
-7.135	-4.239	-0.552
-7.155	-4.212	-0.493
-7.158	-4.196	-0.573
-7.135	-4.196	-0.561
-7.038	-4.239	-0.605
-7.088	-4.279	-0.571
-7.056	-4.257	-0.558
-7.110	-4.189	-0.599
-7.139	-4.217	-0.593
-7.146	-4.234	-0.627
-7.072	-4.273	-0.520
-7.052	-4.252	-0.612
-7.109	-4.184	-0.597
-7.075	-4.165	-0.591
-7.139	-4.239	-0.601
-7.108	-4.194	-0.579
-7.093	-4.180	-0.628
-7.042	-4.185	-0.573
-7.022	-4.200	-0.541
-7.071	-4.164	-0.580
-7.054	-4.214	-0.537
-7.012	-4.120	-0.482
-7.061	-4.218	-0.514
-7.030	-4.218	-0.578
-7.044	-4.169	-0.583
-7.026	-4.129	-0.630
-7.006	-4.156	-0.591
-6.984	-4.117	-0.521
-7.014	-4.196	-0.601
-7.020	-4.174	-0.555
-6.996	-4.175	-0.582
-6.966	-4.224	-0.535
-6.961	-4.245	-0.519
-6.912	-4.226	-0.579
-6.852	-4.251	-0.545
-6.939	-4.249	-0.580
-6.941	-4.195	-0.550
-6.970	-4.220	-0.605
-6.963	-4.173	-0.566
-6.980	-4.220	-0.613
-6.993	-4.278	-0.563
-7.020	-4.223	-0.588
-6.965	-4.179	-0.552
-7.045	-4.139	-0.574
-7.014	-4.174	-0.553
-6.955	-4.175	-0.570
-6.958	-4.171	-0.601
-6.978	-4.163	-0.582
-6.956	-4.183	-0.609
-6.946	-4.178	-0.590
-6.878	-4.170	-0.632
-6.935	-4.173	-0.540
-6.839	-4.188	-0.563
-6.826	-4.116	-0.593
-6.874	-4.182	-0.592
-6.833	-4.191	-0.517
-6.842	-4.167	-0.544
-6.849	-4.118	-0.555
-6.823	-4.176	-0.580
-6.804	-4.215	-0.572
-6.858	-4.201	-0.524
-6.831	-4.170	-0.579
-6.799	-4.204	-0.536
-6.867	-4.242	-0.602
-6.871	-4.189	-0.524
-6.954	-4.170	-0.604
-6.970	-4.189	-0.556
-6.938	-4.127	-0.579
-6.985	-4.130	-0.664
-6.993	-4.166	-0.643
-6.960	-4.173	-0.534
-6.999	-4.124	-0.491
-6.975	-4.135	-0.511
-6.949	-4.081	-0.589
-6.930	-4.116	-0.584
-6.894	-4.111	-0.598
-6.875	-4.132	-0.584
-6.872	-4.130	-0.580
-6.847	-4.102	-0.579
-6.823	-4.102	-0.579
-6.755	-4.100	-0.576
-6.794	-4.030	-0.569
-6.793	-4.054	-0.604
-6.797	-4.049	-0.599
-6.779	-3.973	-0.592
-6.799	-4.038	-0.590
-6.762	-4.025	-0.608
-6.785	-4.022	-0.592
-6.799	-4.062	-0.574
-6.809	-4.032	-0.523
-6.770	-4.094	-0.609
-6.855	-4.036	-0.585
-6.899	-4.028	-0.636
-6.901	-4.017	-0.555
-6.940	-4.013	-0.511
-6.919	-4.051	-0.490
-6.950	-4.036	-0.536
-6.897	-4.027	-0.555
-6.897	-3.994	-0.511
-6.900	-3.983	-0.544
-6.869	-4.003	-0.555
-6.863	-4.043	-0.549
-6.869	-3.983	-0.580
-6.842	-4.021	-0.563
-6.807	-4.068	-0.567
-6.813	-4.034	-0.586
-6.780	-4.021	-0.614
-6.779	-4.067	-0.620
-6.612	-4.076	-0.538
-6.760	-4.024	-0.553
-6.753	-4.003	-0.440
-6.797	-4.062	-0.506
-6.833	-4.033	-0.480
-6.823	-4.007	-0.526
-6.842	-4.021	-0.488
-6.846	-4.005	-0.535
-6.878	-4.011	-0.563
-6.950	-4.035	-0.554
-7.007	-4.010	-0.625
-7.006	-4.056	-0.601
-7.017	-4.007	-0.630
-6.967	-4.040	-0.605
-6.977	-4.026	-0.569
-6.989	-4.090	-0.617
-6.957	-4.090	-0.569
-6.957	-4.076	-0.601
-6.949	-4.065	-0.548
-6.933	-4.143	-0.628
-6.918	-4.130	-0.641
-6.878	-4.072	-0.564
-6.838	-4.094	-0.628
-6.792	-4.071	-0.633
-6.863	-4.027	-0.576
-6.769	-4.068	-0.687
-6.773	-4.110	-0.762
-6.816	-4.125	-0.736
-6.727	-4.105	-0.788
-6.758	-4.041	-0.784
-6.801	-4.058	-0.798
-6.790	-4.089	-0.826
-6.726	-4.080	-0.881
-6.760	-4.091	-0.869
-6.748	-4.074	-0.888
-6.754	-4.103	-0.938
-6.744	-4.127	-0.922
-6.634	-4.062	-0.884
-6.694	-4.094	-0.952
-6.716	-4.127	-0.993
-6.684	-4.193	-0.991
-6.672	-4.205	-0.986
-6.852	-4.227	-1.031
-6.949	-4.223	-0.971
-7.021	-4.218	-1.000
-7.024	-4.262	-1.016
-7.080	-4.252	-0.968
-7.097	-4.234	-0.988
-7.184	-4.243	-1.054
-7.156	-4.214	-1.024
-7.240	-4.253	-1.022
-7.291	-4.234	-1.057
-7.245	-4.234	-1.076
-7.234	-4.253	-1.103
-7.195	-4.243	-1.012
-7.145	-4.254	-1.089
-7.186	-4.175	-1.128
-7.167	-4.270	-1.055
-7.184	-4.279	-1.093
-7.167	-4.190	-1.073
-7.189	-4.250	-1.094
-7.169	-4.290	-1.118
-7.157	-4.242	-1.141
-7.147	-4.215	-1.169
-7.177	-4.226	-1.082
-7.192	-4.186	-1.120
-7.196	-4.187	-1.130
-7.180	-4.207	-1.111
-7.187	-4.218	-1.047
-7.163	-4.213	-1.017
-7.173	-4.229	-1.035
-7.147	-4.185	-1.080
-7.157	-4.170	-1.065
-7.184	-4.221	-1.082
-7.119	-4.232	-1.078
-7.160	-4.259	-1.045
-7.132	-4.234	-1.072
-7.154	-4.293	-1.117
-7.160	-4.314	-1.141
-7.154	-4.254	-1.225
-7.141	-4.203	-1.273
-7.144	-4.227	-1.403
-7.130	-4.198	-1.406
-7.127	-4.211	-1.430
-7.123	-4.175	-1.501
-7.156	-4.203	-1.547
-7.108	-4.214	-1.635
-7.064	-4.240	-1.672
-7.075	-4.221	-1.696
-7.073	-4.243	-1.769
-7.083	-4.250	-1.751
-7.068	-4.257	-1.743
-7.079	-4.314	-1.781
-7.079	-4.223	-1.776
-7.030	-4.295	-1.827
-7.048	-4.294	-1.872
-7.076	-4.282	-1.849
-7.080	-4.300	-1.840
-7.075	-4.265	-1.883
-7.117	-4.282	-1.847
-7.146	-4.272	-1.824
-7.137	-4.274	-1.828
-7.138	-4.241	-1.721
-7.105	-4.286	-1.735
-7.080	-4.257	-1.750
-7.096	-4.223	-1.721
-7.059	-4.337	-1.594
-7.060	-4.338	-1.521
-7.051	-4.369	-1.414
-7.003	-4.393	-1.467
-6.992	-4.363	-1.377
-6.991	-4.405	-1.383
-6.982	-4.428	-1.302
-6.987	-4.421	-1.262
-6.988	-4.434	-1.221
-6.996	-4.388	-1.193
-6.983	-4.516	-1.111
-6.997	-4.526	-1.050
-6.989	-4.659	-1.046
-6.950	-4.723	-1.020
-6.935	-4.761	-0.960
-6.923	-4.721	-0.916
-6.927	-4.826	-0.896
-6.906	-4.866	-0.828
-6.909	-4.842	-0.877
-6.871	-4.908	-0.742
-6.882	-4.871	-0.786
-6.910	-4.889	-0.737
-6.896	-4.882	-0.708
-6.967	-4.873	-0.772
-7.045	-4.939	-0.700
-7.058	-4.937	-0.645
-7.068	-4.966	-0.682
-7.049	-4.931	-0.636
-7.048	-4.988	-0.586
-7.000	-4.991	-0.581
-7.041	-4.962	-0.506
-6.994	-4.982	-0.488
-6.996	-5.021	-0.428
-6.951	-5.039	-0.419
-6.933	-5.002	-0.490
-6.971	-4.926	-0.454
-6.933	-5.037	-0.479
-6.878	-4.989	-0.443
-6.864	-4.985	-0.447
-6.877	-5.013	-0.437
-6.852	-5.136	-0.457
-6.868	-5.116	-0.488
-6.876	-5.187	-0.459
-6.873	-5.205	-0.514
-6.859	-5.182	-0.494
-6.863	-5.221	-0.503
-6.848	-5.179	-0.536
-6.809	-5.137	-0.509
-6.798	-5.152	-0.478
-6.793	-5.162	-0.455
-6.811	-5.148	-0.512
-6.822	-5.152	-0.504
-6.795	-5.128	-0.428
-6.802	-5.178	-0.491
-6.821	-5.167	-0.438
-6.832	-5.083	-0.481
-6.906	-5.122	-0.485
-6.961	-5.181	-0.413
-7.003	-5.129	-0.454
-7.021	-5.178	-0.433
-7.034	-5.152	-0.432
-7.028	-5.175	-0.506
-6.993	-5.141	-0.549
-7.024	-5.025	-0.624
-6.978	-5.101	-0.633
-7.000	-5.149	-0.604
-6.978	-5.104	-0.665
-6.906	-5.134	-0.661
-6.939	-5.087	-0.651
-6.930	-5.083	-0.622
-6.935	-5.112	-0.634
-6.854	-5.148	-0.636
-6.866	-5.124	-0.591
-6.863	-5.193	-0.657
-6.811	-5.135	-0.659
-6.864	-5.185	-0.683
-6.828	-5.164	-0.663
-6.830	-5.198	-0.674
-6.843	-5.132	-0.647
-6.779	-5.157	-0.666
-6.805	-5.139	-0.646
-6.764	-5.098	-0.712
-6.783	-5.131	-0.665
-6.787	-5.132	-0.692
-6.791	-5.114	-0.695
-6.803	-5.079	-0.626
-6.799	-5.116	-0.643
-6.760	-5.150	-0.607
-6.778	-5.099	-0.588
-6.746	-5.083	-0.650
-6.865	-5.083	-0.649
-6.939	-5.112	-0.662
-7.009	-5.125	-0.629
-7.029	-5.085	-0.624
-7.062	-5.132	-0.647
-7.041	-5.111	-0.701
-7.061	-5.170	-0.626
-7.055	-5.102	-0.662
-7.061	-5.112	-0.669
-7.026	-5.088	-0.699
-6.971	-5.070	-0.676
-6.954	-5.090	-0.654
-6.943	-5.014	-0.696
-6.897	-5.057	-0.678
-6.887	-5.055	-0.654
-6.920	-5.050	-0.689
-6.892	-5.081	-0.620
-6.842	-5.058	-0.639
-6.869	-5.077	-0.646
-6.882	-4.947	-0.654
-6.891	-5.003	-0.653
-6.908	-4.948	-0.640
-6.872	-5.001	-0.697
-6.894	-4.966	-0.715
-6.872	-4.966	-0.730
-6.863	-4.982	-0.718
-6.848	-4.978	-0.662
-6.837	-4.974	-0.649
-6.839	-4.984	-0.609
-6.831	-5.004	-0.618
-6.842	-5.021	-0.622
-6.797	-4.988	-0.670
-6.817	-5.039	-0.711
-6.798	-5.035	-0.703
-6.821	-5.067	-0.691
-6.793	-5.038	-0.709
-6.893	-5.085	-0.689
-6.935	-5.102	-0.679
-7.013	-5.068	-0.722
-7.059	-5.095	-0.744
-7.031	-5.089	-0.783
