-5.686	-2.726	-0.354
-5.632	-2.705	-0.363
-5.661	-2.645	-0.318
-5.599	-2.623	-0.333
-5.552	-2.647	-0.442
-5.474	-2.699	-0.392
-5.403	-2.620	-0.349
-5.356	-2.548	-0.422
-5.287	-2.598	-0.407
-5.170	-2.629	-0.420
-5.145	-2.609	-0.414
-5.077	-2.676	-0.356
-5.085	-2.627	-0.468
-5.082	-2.670	-0.457
-5.102	-2.680	-0.402
-5.099	-2.680	-0.382
-5.031	-2.777	-0.425
-4.991	-2.707	-0.469
-5.011	-2.717	-0.404
-5.009	-2.765	-0.472
-5.037	-2.731	-0.565
-5.003	-2.758	-0.493
-4.982	-2.634	-0.482
-4.979	-2.726	-0.409
-4.936	-2.685	-0.382
-5.021	-2.681	-0.404
-5.156	-2.667	-0.432
-5.173	-2.753	-0.468
-5.180	-2.690	-0.554
-5.280	-2.692	-0.521
-5.286	-2.674	-0.476
-5.182	-2.665	-0.481
-5.240	-2.620	-0.541
-5.230	-2.687	-0.544
-5.210	-2.674	-0.658
-5.130	-2.644	-0.648
-5.102	-2.664	-0.681
-5.206	-2.613	-0.688
-5.246	-2.725	-0.668
-5.181	-2.669	-0.639
-5.211	-2.696	-0.557
-5.192	-2.690	-0.661
-5.143	-2.628	-0.667
-5.157	-2.596	-0.694
-5.147	-2.622	-0.626
-5.126	-2.666	-0.642
-5.131	-2.602	-0.693
-5.123	-2.585	-0.687
-5.154	-2.572	-0.688
-5.131	-2.509	-0.659
-5.189	-2.560	-0.588
-5.252	-2.564	-0.610
-5.321	-2.583	-0.537
-5.340	-2.626	-0.563
-5.362	-2.598	-0.551
-5.395	-2.578	-0.619
-5.470	-2.664	-0.665
-5.499	-2.670	-0.680
-5.477	-2.561	-0.721
-5.437	-2.643	-0.837
-5.421	-2.640	-0.756
-5.356	-2.585	-0.794
-5.329	-2.646	-0.798
-5.370	-2.538	-0.756
-5.324	-2.608	-0.897
-5.324	-2.589	-0.936
-5.336	-2.632	-0.983
-5.330	-2.602	-1.001
-5.412	-2.616	-1.032
-5.338	-2.737	-1.150
-5.450	-2.771	-1.187
-5.457	-2.766	-1.199
-5.483	-2.892	-1.141
-5.457	-2.912	-1.217
-5.428	-2.931	-1.351
-5.476	-2.896	-1.291
-5.412	-2.947	-1.337
-5.536	-3.003	-1.329
-5.527	-3.029	-1.359
-5.444	-2.996	-1.252
-5.441	-3.164	-1.386
-5.393	-3.096	-1.397
-5.348	-3.112	-1.419
-5.386	-3.063	-1.348
-5.354	-3.132	-1.339
-5.332	-3.199	-1.389
-5.419	-3.233	-1.377
-5.374	-3.227	-1.333
-5.466	-3.220	-1.308
-5.570	-3.235	-1.296
-5.551	-3.338	-1.345
-5.659	-3.262	-1.312
-6.332	-3.253	-1.272
-6.752	-3.227	-1.331
-6.891	-3.309	-1.353
-7.065	-3.279	-1.322
-7.182	-3.330	-1.296
-7.242	-3.272	-1.266
-7.263	-3.336	-1.284
-7.201	-3.405	-1.312
-7.159	-3.361	-1.218
-7.129	-3.457	-1.177
-7.277	-3.405	-1.229
-7.320	-3.438	-1.138
-7.308	-3.297	-1.241
-7.387	-3.307	-1.217
-7.374	-3.342	-1.185
-7.407	-3.396	-1.189
-7.377	-3.415	-1.150
-7.409	-3.414	-1.145
-7.448	-3.386	-1.161
-7.464	-3.336	-1.103
-7.426	-3.458	-1.175
-7.440	-3.368	-1.156
-7.445	-3.340	-1.080
-7.400	-3.358	-1.026
-7.336	-3.375	-1.024
-7.316	-3.361	-1.045
-7.401	-3.312	-1.028
-7.398	-3.277	-1.011
-7.432	-3.306	-0.919
-7.389	-3.342	-0.904
-7.393	-3.227	-0.890
-7.294	-3.183	-0.874
-7.325	-3.180	-0.840
-7.307	-3.140	-0.808
-7.258	-3.187	-0.757
-7.311	-3.215	-0.700
-7.387	-3.166	-0.780
-7.320	-3.139	-0.653
-7.266	-3.176	-0.594
-7.227	-3.272	-0.684
-7.179	-3.242	-0.713
-7.217	-3.124	-0.609
-7.215	-3.119	-0.637
-7.281	-3.110	-0.570
-7.418	-3.138	-0.558
-7.522	-3.080	-0.616
-7.494	-3.076	-0.563
-7.414	-3.091	-0.621
-7.442	-3.083	-0.684
-7.343	-3.095	-0.665
-7.334	-3.101	-0.665
-7.403	-3.073	-0.684
-7.412	-3.096	-0.701
-7.453	-3.058	-0.608
-7.408	-3.029	-0.542
-7.371	-3.026	-0.600
-7.299	-3.103	-0.594
-7.273	-3.068	-0.629
-7.227	-3.088	-0.704
-7.272	-3.084	-0.698
-7.345	-3.035	-0.651
-7.383	-3.023	-0.669
-7.388	-3.032	-0.655
-7.287	-3.034	-0.720
-7.280	-2.919	-0.692
-7.246	-2.978	-0.674
-7.172	-2.953	-0.663
-7.172	-3.008	-0.672
-7.258	-2.949	-0.650
-7.260	-3.090	-0.650
-7.292	-3.055	-0.618
-7.242	-3.039	-0.648
-7.184	-3.049	-0.603
-7.145	-2.995	-0.650
-7.171	-2.991	-0.656
-7.148	-2.974	-0.604
-7.311	-3.009	-0.620
-7.398	-3.067	-0.687
-7.394	-3.077	-0.667
-7.402	-3.047	-0.677
-7.381	-3.092	-0.634
-7.310	-3.181	-0.600
-7.216	-3.193	-0.692
-7.201	-3.267	-0.693
-7.172	-3.216	-0.635
-7.231	-3.226	-0.669
-7.210	-3.210	-0.762
-7.258	-3.203	-0.704
-7.248	-3.207	-0.731
-7.250	-3.260	-0.636
-7.210	-3.322	-0.615
-7.205	-3.267	-0.651
-7.166	-3.305	-0.626
-7.159	-3.308	-0.568
-7.158	-3.265	-0.562
-7.162	-3.296	-0.565
-7.249	-3.307	-0.642
-7.222	-3.292	-0.593
-7.152	-3.326	-0.566
-7.098	-3.297	-0.600
-7.081	-3.271	-0.579
-7.015	-3.279	-0.603
-7.105	-3.311	-0.593
-7.112	-3.316	-0.622
-7.150	-3.357	-0.626
-7.217	-3.337	-0.706
-7.142	-3.306	-0.662
-7.161	-3.270	-0.649
-7.140	-3.333	-0.617
-7.219	-3.389	-0.640
-7.215	-3.413	-0.585
-7.338	-3.348	-0.708
-7.343	-3.417	-0.781
-7.408	-3.339	-0.757
-7.366	-3.385	-0.708
-7.326	-3.243	-0.793
-7.303	-3.369	-0.610
-7.271	-3.378	-0.768
-7.209	-3.419	-0.757
-7.280	-3.505	-0.767
-7.279	-3.418	-0.779
-7.238	-3.468	-0.727
-7.295	-3.347	-0.682
-7.261	-3.416	-0.659
-7.217	-3.486	-0.697
-7.163	-3.360	-0.676
-7.100	-3.329	-0.753
-7.043	-3.357	-0.733
-7.111	-3.344	-0.781
-7.099	-3.236	-0.824
-7.128	-3.411	-0.771
-7.158	-3.359	-0.743
-7.120	-3.395	-0.735
-7.008	-3.389	-0.735
-6.965	-3.444	-0.746
-6.900	-3.422	-0.735
-6.904	-3.331	-0.775
-6.988	-3.395	-0.832
-6.989	-3.421	-0.860
-7.021	-3.545	-0.798
-7.008	-3.649	-0.783
-7.029	-3.571	-0.782
-6.915	-3.658	-0.772
-6.916	-3.683	-0.844
-6.924	-3.653	-0.775
-6.918	-3.798	-0.797
-6.950	-3.746	-0.778
-6.972	-3.810	-0.881
-7.034	-3.937	-0.827
-7.033	-3.853	-0.813
-7.055	-3.827	-0.830
-7.067	-3.775	-0.746
-7.036	-3.725	-0.775
-6.978	-3.638	-0.862
-6.905	-3.547	-0.774
-6.924	-3.654	-0.765
-6.899	-3.536	-0.733
-6.859	-3.510	-0.751
-6.890	-3.467	-0.809
-6.898	-3.391	-0.835
-6.824	-3.354	-0.793
-6.869	-3.298	-0.808
-6.847	-3.290	-0.821
-6.856	-3.269	-0.788
-6.795	-3.373	-0.806
-6.756	-3.364	-0.785
-6.743	-3.295	-0.782
-6.746	-3.316	-0.824
-6.702	-3.399	-0.819
-6.663	-3.342	-0.713
-6.734	-3.330	-0.749
-6.713	-3.450	-0.720
-6.826	-3.523	-0.796
-6.764	-3.478	-0.849
-6.717	-3.405	-0.870
-6.602	-3.533	-0.878
-6.503	-3.666	-0.746
-6.400	-3.747	-0.793
-6.355	-3.809	-0.820
-6.337	-3.891	-0.829
-6.297	-3.893	-0.814
-6.261	-3.926	-0.887
-6.249	-3.965	-0.941
-6.221	-3.990	-0.902
-6.147	-4.138	-0.907
-6.182	-4.203	-0.906
-6.166	-4.161	-0.844
-6.144	-4.226	-0.848
-6.080	-4.311	-0.898
-6.095	-4.135	-0.887
-6.002	-4.112	-0.867
-6.050	-4.040	-0.887
-6.037	-3.978	-0.862
-6.020	-3.932	-0.837
-6.173	-3.864	-0.822
-6.212	-3.880	-0.783
-6.308	-3.796	-0.791
-6.445	-3.792	-0.823
-6.524	-3.830	-0.815
-6.536	-3.793	-0.800
-6.615	-3.832	-0.847
-6.651	-4.013	-0.860
-6.734	-4.019	-0.776
-6.678	-4.072	-0.788
-6.725	-4.182	-0.837
-6.764	-4.138	-0.781
-6.740	-4.260	-0.890
-6.739	-4.179	-0.794
-6.757	-4.241	-0.819
-6.709	-4.213	-0.925
-6.734	-4.216	-0.816
-6.759	-4.236	-0.799
-6.758	-4.397	-0.664
-6.742	-4.456	-0.772
-6.711	-4.513	-0.789
-6.719	-4.491	-0.803
-6.730	-4.650	-0.789
-6.768	-4.594	-0.835
-6.770	-4.657	-0.816
-6.827	-4.710	-0.770
-6.898	-4.681	-0.778
-6.967	-4.666	-0.792
-7.060	-4.666	-0.753
-7.072	-4.600	-0.740
-7.102	-4.519	-0.799
-7.100	-4.563	-0.752
-7.120	-4.597	-0.736
-7.096	-4.527	-0.701
-7.066	-4.448	-0.739
-7.007	-4.473	-0.763
-7.042	-4.561	-0.738
-7.048	-4.612	-0.798
-7.050	-4.602	-0.825
-7.028	-4.582	-0.717
-7.020	-4.601	-0.745
-7.072	-4.523	-0.707
-7.052	-4.523	-0.770
-7.056	-4.541	-0.745
-7.035	-4.493	-0.701
-7.028	-4.339	-0.693
-7.056	-4.338	-0.698
-7.039	-4.345	-0.664
-7.065	-4.314	-0.723
-7.069	-4.261	-0.726
-7.009	-4.226	-0.697
-7.054	-4.168	-0.644
-7.052	-4.153	-0.659
-7.074	-4.209	-0.638
-7.034	-4.344	-0.624
-7.044	-4.369	-0.682
-7.006	-4.304	-0.682
-7.029	-4.315	-0.631
-7.050	-4.400	-0.628
-7.013	-4.344	-0.650
-7.063	-4.402	-0.694
-7.033	-4.264	-0.754
-6.953	-4.287	-0.659
-6.966	-4.414	-0.661
-6.957	-4.433	-0.751
-7.024	-4.438	-0.742
-7.019	-4.501	-0.701
-7.064	-4.410	-0.740
-7.124	-4.300	-0.661
-7.199	-4.341	-0.640
-7.244	-4.275	-0.667
-7.258	-4.398	-0.635
-7.297	-4.400	-0.615
-7.285	-4.350	-0.642
-7.262	-4.369	-0.622
-7.276	-4.424	-0.630
-7.213	-4.387	-0.689
-7.247	-4.334	-0.695
-7.238	-4.277	-0.620
-7.259	-4.271	-0.672
-7.237	-4.322	-0.606
-7.133	-4.314	-0.638
-7.158	-4.252	-0.588
-7.193	-4.286	-0.655
-7.086	-4.270	-0.585
-7.172	-4.197	-0.567
-7.254	-4.191	-0.599
-7.216	-4.150	-0.651
-7.218	-4.119	-0.600
-7.161	-4.163	-0.580
-7.152	-4.243	-0.688
-7.157	-4.212	-0.620
-7.175	-4.246	-0.632
-7.178	-4.220	-0.591
-7.188	-4.170	-0.706
-7.176	-4.098	-0.653
-7.191	-4.047	-0.667
-7.180	-4.095	-0.688
-7.169	-4.193	-0.678
-7.118	-4.119	-0.689
-7.170	-4.096	-0.692
-7.168	-4.269	-0.685
-7.161	-4.342	-0.697
-7.089	-4.309	-0.676
-7.136	-4.238	-0.695
-7.113	-4.278	-0.655
-7.082	-4.278	-0.679
-7.074	-4.322	-0.717
-7.093	-4.338	-0.723
-7.078	-4.338	-0.697
-7.128	-4.317	-0.754
-7.216	-4.193	-0.679
-7.244	-4.095	-0.651
-7.276	-4.083	-0.679
-7.301	-4.029	-0.741
-7.318	-3.975	-0.717
-7.337	-3.858	-0.699
-7.327	-3.778	-0.689
-7.255	-3.712	-0.735
-7.337	-3.618	-0.656
-7.273	-3.552	-0.756
-7.222	-3.490	-0.738
-7.260	-3.333	-0.700
-7.241	-3.301	-0.747
-7.266	-3.207	-0.748
-7.300	-3.119	-0.727
-7.262	-3.128	-0.752
-7.260	-3.047	-0.728
-7.272	-3.010	-0.789
-7.257	-2.957	-0.821
-7.237	-2.947	-0.771
-7.231	-2.951	-0.765
-7.244	-2.915	-0.781
-7.230	-2.982	-0.648
-7.272	-2.988	-0.689
-7.247	-2.985	-0.741
-7.240	-3.007	-0.739
-7.216	-3.020	-0.809
-7.198	-3.021	-0.748
-7.179	-3.076	-0.735
-7.224	-3.084	-0.829
-7.227	-3.146	-0.812
-7.201	-3.095	-0.757
-7.197	-3.097	-0.744
-7.204	-3.135	-0.771
-7.176	-3.145	-0.741
-7.129	-3.105	-0.778
-7.145	-3.130	-0.785
-7.160	-3.112	-0.839
-7.154	-3.115	-0.820
-7.118	-3.168	-0.896
-7.130	-3.184	-0.955
-7.075	-3.253	-0.894
-7.098	-3.453	-0.835
-7.081	-3.483	-0.835
-7.088	-3.713	-0.862
-7.143	-3.769	-0.858
-7.099	-3.731	-0.822
-7.130	-3.969	-0.751
-7.187	-4.022	-0.763
-7.210	-4.172	-0.804
-7.276	-4.229	-0.773
-7.303	-4.327	-0.745
-7.296	-4.465	-0.843
-7.350	-4.501	-0.894
-7.358	-4.564	-0.833
-7.319	-4.500	-0.849
-7.337	-4.577	-0.845
-7.268	-4.658	-0.814
-7.302	-4.745	-0.833
-7.311	-4.812	-0.856
-7.297	-4.888	-0.822
-7.313	-4.882	-0.775
-7.288	-4.868	-0.807
-7.248	-4.803	-0.839
-7.283	-4.719	-0.813
-7.260	-4.750	-0.775
-7.299	-4.674	-0.732
-7.279	-4.635	-0.753
-7.269	-4.680	-0.733
-7.262	-4.651	-0.709
-7.253	-4.632	-0.729
-7.255	-4.653	-0.806
-7.272	-4.679	-0.726
-7.258	-4.662	-0.752
-7.261	-4.652	-0.725
-7.198	-4.598	-0.820
-7.220	-4.664	-0.783
-7.189	-4.681	-0.793
-7.208	-4.659	-0.788
-7.217	-4.647	-0.757
-7.228	-4.621	-0.817
-7.198	-4.604	-0.790
-7.196	-4.597	-0.776
-7.156	-4.556	-0.833
-7.130	-4.683	-0.810
-7.138	-4.681	-0.787
-7.059	-4.783	-0.727
-7.108	-4.791	-0.720
-7.090	-4.733	-0.736
-7.061	-4.721	-0.759
-7.061	-4.755	-0.690
-7.083	-4.946	-0.755
-7.089	-5.098	-0.749
-7.120	-5.158	-0.768
-7.086	-5.292	-0.786
-7.183	-5.426	-0.779
-7.261	-5.427	-0.712
-7.251	-5.376	-0.823
-7.296	-5.381	-0.698
-7.293	-5.348	-0.668
-7.236	-5.329	-0.695
-7.275	-5.274	-0.759
-7.292	-5.279	-0.758
-7.300	-5.311	-0.747
-7.283	-5.441	-0.731
-7.279	-5.507	-0.758
-7.258	-5.563	-0.732
-7.292	-5.638	-0.801
-7.263	-5.592	-0.758
-7.222	-5.624	-0.745
-7.273	-5.498	-0.766
-7.250	-5.380	-0.722
-7.260	-5.261	-0.660
-7.236	-5.183	-0.708
-7.251	-5.091	-0.704
-7.255	-5.033	-0.694
-7.225	-5.096	-0.672
-7.212	-5.046	-0.710
-7.215	-5.050	-0.794
-7.158	-5.035	-0.692
-7.194	-4.988	-0.760
-7.214	-5.065	-0.747
-7.226	-5.086	-0.779
-7.207	-5.017	-0.740
-7.233	-4.962	-0.763
-7.183	-4.896	-0.764
-7.149	-4.739	-0.720
-7.177	-4.715	-0.743
-7.152	-4.659	-0.675
-7.190	-4.576	-0.797
-7.169	-4.489	-0.801
-7.149	-4.453	-0.781
-7.166	-4.427	-0.778
-7.155	-4.392	-0.736
-7.139	-4.372	-0.778
-7.126	-4.386	-0.779
-7.126	-4.419	-0.811
-7.144	-4.407	-0.845
-7.203	-4.449	-0.821
-7.253	-4.441	-0.819
-7.252	-4.499	-0.807
-7.293	-4.461	-0.799
-7.265	-4.499	-0.820
-7.298	-4.537	-0.844
-7.318	-4.476	-0.906
-7.320	-4.390	-0.903
-7.322	-4.344	-0.929
-7.332	-4.281	-0.950
-7.325	-4.325	-0.880
-7.327	-4.245	-0.936
-7.338	-4.247	-0.889
-7.343	-4.180	-0.880
-7.334	-4.276	-0.829
-7.353	-4.467	-0.870
-7.329	-4.544	-0.892
-7.339	-4.604	-0.851
-7.348	-4.584	-0.834
-7.336	-4.516	-1.024
-7.336	-4.445	-1.242
-7.356	-4.457	-1.458
-7.310	-4.368	-1.538
-7.316	-4.360	-1.605
-7.324	-4.371	-1.636
-7.326	-4.453	-1.701
-7.331	-4.528	-1.719
-7.342	-4.678	-1.656
-7.340	-4.794	-1.797
-7.336	-4.837	-1.888
-7.329	-4.936	-1.827
-7.311	-4.998	-1.898
-7.304	-5.015	-1.890
-7.291	-5.095	-1.875
-7.278	-5.099	-1.952
-7.294	-5.228	-1.940
-7.288	-5.270	-1.941
-7.288	-5.389	-1.920
-7.274	-5.452	-1.874
-7.252	-5.507	-1.843
-7.256	-5.495	-1.831
-7.263	-5.501	-1.847
-7.238	-5.555	-1.834
-7.260	-5.580	-1.897
-7.210	-5.580	-1.858
-7.226	-5.585	-1.858
-7.233	-5.683	-1.944
-7.238	-5.815	-1.939
-7.218	-5.907	-1.955
-7.201	-6.014	-1.991
-7.178	-6.060	-1.983
-7.164	-6.141	-2.022
-7.153	-6.220	-1.968
-7.185	-6.206	-1.994
-7.162	-6.314	-2.000
-7.163	-6.251	-2.024
-7.159	-6.398	-2.042
-7.139	-6.442	-2.022
-7.136	-6.513	-2.061
-7.154	-6.529	-2.025
-7.146	-6.613	-2.143
-7.125	-6.611	-2.166
-7.132	-6.673	-2.167
-7.110	-6.661	-2.200
-7.123	-6.698	-2.195
-7.149	-6.720	-2.208
-7.118	-6.753	-2.234
-7.060	-6.786	-2.305
-7.087	-6.753	-2.270
-7.073	-6.787	-2.365
-7.045	-6.800	-2.455
-7.054	-6.755	-2.463
-7.079	-6.811	-2.540
-7.040	-6.742	-2.573
-7.070	-6.826	-2.609
-7.058	-6.850	-2.632
-7.073	-6.855	-2.642
-7.067	-6.860	-2.709
-7.049	-6.861	-2.788
-7.024	-6.839	-2.781
-7.057	-6.857	-2.787
-6.998	-6.870	-2.776
-7.023	-6.875	-2.806
-7.052	-6.884	-2.789
-6.996	-6.870	-2.807
-7.012	-6.876	-2.784
-7.022	-6.839	-2.791
-7.044	-6.857	-2.792
-7.001	-6.933	-2.809
-7.039	-6.946	-2.786
-7.024	-6.953	-2.787
-6.985	-7.031	-2.804
-6.948	-7.009	-2.765
-6.944	-7.007	-2.707
-6.972	-6.984	-2.729
-6.951	-7.001	-2.713
-7.005	-6.937	-2.649
-6.965	-6.852	-2.656
-6.974	-6.859	-2.672
-6.989	-6.872	-2.763
-6.986	-6.850	-2.766
-7.010	-6.853	-2.783
-6.958	-6.798	-2.733
-6.871	-6.800	-2.671
-6.926	-6.770	-2.728
-6.966	-6.779	-2.710
-6.926	-6.755	-2.746
-6.965	-6.741	-2.745
-6.997	-6.718	-2.754
-6.965	-6.717	-2.701
-6.971	-6.674	-2.720
-6.969	-6.713	-2.668
-6.928	-6.756	-2.709
-6.963	-6.785	-2.677
-6.946	-6.804	-2.662
-6.950	-6.832	-2.694
-6.951	-6.864	-2.741
-6.917	-6.927	-2.715
-6.920	-6.926	-2.720
-6.911	-6.824	-2.714
-6.907	-6.964	-2.695
-6.930	-6.930	-2.620
-6.880	-6.922	-2.550
-6.924	-6.921	-2.542
-6.943	-6.908	-2.494
-6.906	-6.922	-2.460
-6.934	-6.837	-2.391
-6.904	-6.867	-2.457
-6.934	-6.867	-2.420
-6.901	-6.917	-2.409
-6.910	-6.908	-2.427
-6.909	-6.910	-2.399
-6.879	-6.881	-2.413
-6.902	-6.860	-2.453
-6.866	-6.919	-2.467
-6.884	-6.917	-2.505
-6.874	-6.913	-2.436
-6.908	-6.919	-2.485
-6.911	-6.848	-2.480
-6.881	-6.883	-2.541
-6.856	-6.873	-2.528
-6.835	-6.866	-2.519
-6.863	-6.872	-2.554
-6.882	-6.798	-2.607
-6.876	-6.807	-2.640
-6.851	-6.785	-2.668
-6.834	-6.725	-2.670
-6.855	-6.728	-2.700
-6.831	-6.719	-2.717
-6.850	-6.678	-2.705
-6.797	-6.693	-2.728
-6.813	-6.647	-2.740
-6.813	-6.658	-2.782
-6.761	-6.566	-2.786
-6.788	-6.565	-2.768
-6.676	-6.586	-2.820
-6.833	-6.515	-2.816
-6.788	-6.473	-2.786
-6.773	-6.521	-2.859
-6.803	-6.421	-2.918
-6.785	-6.458	-2.929
-6.817	-6.409	-2.875
-6.733	-6.439	-2.885
-6.771	-6.391	-2.944
-6.719	-6.427	-2.979
-6.781	-6.412	-3.014
-6.809	-6.406	-3.020
-6.809	-6.410	-3.040
-6.804	-6.360	-3.002
-6.802	-6.383	-2.983
-6.806	-6.291	-3.042
-6.740	-6.259	-2.999
-6.802	-6.340	-3.063
-6.678	-6.248	-3.086
-6.777	-6.266	-3.087
-6.802	-6.231	-3.111
-6.811	-6.219	-3.114
-6.792	-6.144	-3.164
-6.795	-6.034	-3.194
-6.785	-6.009	-3.144
-6.762	-5.959	-3.121
-6.796	-5.949	-3.116
-6.729	-5.908	-3.104
-6.784	-5.867	-3.120
-6.732	-5.860	-3.162
-6.774	-5.812	-3.181
-6.783	-5.815	-3.152
-6.793	-5.902	-3.161
-6.758	-5.873	-3.198
-6.724	-5.863	-3.132
-6.716	-5.849	-3.126
-6.691	-5.889	-3.134
-6.756	-5.869	-3.114
-6.689	-5.838	-3.142
-6.810	-5.822	-3.108
-6.665	-5.870	-3.191
-6.736	-5.829	-3.225
-6.700	-5.823	-3.187
-6.735	-5.872	-3.120
-6.746	-5.840	-3.215
-6.718	-5.865	-3.242
-6.753	-5.899	-3.269
-6.772	-5.872	-3.243
-6.797	-5.871	-3.224
-6.773	-5.812	-3.178
-6.754	-5.788	-3.189
-6.718	-5.752	-3.222
-6.779	-5.730	-3.280
-6.776	-5.754	-3.277
-6.776	-5.794	-3.273
-6.756	-5.813	-3.276
-6.744	-5.832	-3.247
-6.795	-5.856	-3.312
-6.761	-5.899	-3.289
-6.782	-5.893	-3.203
-6.732	-5.904	-3.282
-6.757	-5.908	-3.264
-6.729	-5.874	-3.239
-6.741	-5.902	-3.278
-6.754	-5.905	-3.253
-6.728	-5.909	-3.200
-6.777	-5.897	-3.209
-6.760	-5.872	-3.276
-6.697	-5.827	-3.270
-6.721	-5.751	-3.280
-6.722	-5.752	-3.253
-6.707	-5.794	-3.279
-6.728	-5.760	-3.252
-6.689	-5.770	-3.280
-6.712	-5.821	-3.280
-6.737	-5.739	-3.240
-6.709	-5.717	-3.299
-6.728	-5.758	-3.224
-6.708	-5.794	-3.235
-6.711	-5.828	-3.244
-6.698	-5.807	-3.237
-6.700	-5.778	-3.172
-6.678	-5.752	-3.172
-6.745	-5.760	-3.200
-6.785	-5.720	-3.182
-6.856	-5.726	-3.194
-6.885	-5.720	-3.163
-6.897	-5.712	-3.144
-6.902	-5.717	-3.121
-6.895	-5.686	-3.100
-6.917	-5.732	-3.079
-6.916	-5.681	-3.080
-6.939	-5.712	-3.145
-6.952	-5.717	-3.135
-6.953	-5.677	-3.146
-6.928	-5.670	-3.141
-6.924	-5.701	-3.141
-6.942	-5.699	-3.144
-6.924	-5.701	-3.122
-6.916	-5.745	-3.116
-6.876	-5.669	-3.098
-6.915	-5.720	-3.112
-6.951	-5.675	-3.139
-6.971	-5.774	-3.124
-6.930	-5.720	-3.153
-6.965	-5.715	-3.177
-6.948	-5.666	-3.083
-6.966	-5.629	-3.106
-6.991	-5.639	-3.112
-6.961	-5.560	-3.141
-6.988	-5.442	-3.118
-6.998	-5.440	-3.170
-7.014	-5.454	-3.118
-7.002	-5.497	-3.128
-7.008	-5.547	-3.113
-7.016	-5.477	-3.142
-7.044	-5.592	-3.191
-7.053	-5.613	-3.172
-7.046	-5.644	-3.144
-7.080	-5.749	-3.168
-7.090	-5.784	-3.151
-7.064	-5.744	-3.147
-7.076	-5.749	-3.184
-7.054	-5.797	-3.182
-7.022	-5.899	-3.199
-7.048	-5.873	-3.138
-7.049	-5.944	-3.145
-7.109	-5.924	-3.121
-7.069	-5.936	-3.182
-7.062	-5.977	-3.177
-7.113	-6.003	-3.157
-7.122	-5.996	-3.191
-7.132	-5.985	-3.138
-7.065	-6.003	-3.200
-7.075	-6.044	-3.196
-7.128	-6.043	-3.184
-7.154	-5.944	-3.164
-7.087	-5.963	-3.128
-7.098	-5.931	-3.122
-7.145	-5.924	-3.074
-7.074	-5.939	-3.128
-7.155	-5.939	-3.107
-7.128	-6.026	-3.134
-7.163	-6.101	-3.070
-7.123	-6.172	-3.097
-7.100	-6.149	-3.089
-7.154	-6.021	-3.078
-7.166	-5.929	-3.089
-7.114	-5.996	-3.062
-7.099	-6.024	-3.047
-7.108	-6.094	-2.990
-7.098	-6.094	-3.022
-7.165	-6.245	-3.018
-7.160	-6.292	-3.018
-7.138	-6.283	-3.042
-7.161	-6.293	-3.081
-7.154	-6.281	-3.082
-7.131	-6.284	-3.006
-7.134	-6.289	-3.056
-7.102	-6.254	-2.985
-7.093	-6.194	-3.025
-7.103	-6.228	-3.029
-7.128	-6.248	-2.955
-7.027	-6.279	-2.948
-6.983	-6.283	-2.936
-7.101	-6.288	-2.930
-7.118	-6.293	-2.953
-7.097	-6.270	-2.918
-7.148	-6.277	-2.972
-7.142	-6.242	-2.970
-7.125	-6.284	-2.997
-7.084	-6.235	-3.055
-7.109	-6.263	-3.019
-7.096	-6.242	-3.014
-7.112	-6.201	-3.061
-7.064	-6.336	-3.120
-7.058	-6.393	-3.096
-7.121	-6.477	-3.111
-7.011	-6.507	-3.145
-7.005	-6.522	-3.102
-7.070	-6.594	-3.096
-7.048	-6.592	-3.091
-7.074	-6.678	-3.115
-7.139	-6.609	-3.077
-7.133	-6.684	-3.123
-7.055	-6.695	-3.098
-7.139	-6.710	-3.097
-7.152	-6.725	-3.105
-7.120	-6.724	-3.117
-7.097	-6.710	-3.115
-7.106	-6.679	-3.158
-7.110	-6.599	-3.087
-7.075	-6.591	-3.030
-7.065	-6.587	-3.083
-6.991	-6.544	-3.028
-7.047	-6.483	-3.051
-7.027	-6.446	-3.034
-7.017	-6.429	-3.053
-7.002	-6.425	-3.094
-7.012	-6.365	-3.092
-7.001	-6.417	-3.087
-7.033	-6.495	-3.111
-7.009	-6.533	-3.083
-7.013	-6.562	-3.090
-7.010	-6.552	-3.032
-7.005	-6.548	-3.037
-7.031	-6.577	-2.997
-7.004	-6.624	-3.007
-7.029	-6.589	-3.021
-7.015	-6.590	-3.031
-6.956	-6.578	-2.978
-7.011	-6.502	-2.930
-7.019	-6.459	-2.907
-7.015	-6.454	-2.960
-6.891	-6.490	-2.926
-6.994	-6.522	-2.918
-6.961	-6.440	-2.913
-6.922	-6.523	-2.898
-6.955	-6.478	-2.911
-6.956	-6.438	-2.931
-6.979	-6.406	-2.959
-6.953	-6.351	-2.850
-6.956	-6.340	-2.857
-7.012	-6.324	-2.865
-7.013	-6.340	-2.832
-6.963	-6.327	-2.853
-7.074	-6.319	-2.881
-7.074	-6.334	-2.833
-7.097	-6.420	-2.828
-7.096	-6.471	-2.818
-7.074	-6.525	-2.812
-7.099	-6.608	-2.786
-7.095	-6.636	-2.755
-7.051	-6.676	-2.804
-7.026	-6.713	-2.805
-7.022	-6.721	-2.822
-7.002	-6.750	-2.814
-7.022	-6.783	-2.794
-7.032	-6.820	-2.750
-7.020	-6.815	-2.778
-6.994	-6.782	-2.773
-6.975	-6.805	-2.790
-7.003	-6.833	-2.805
-6.979	-6.813	-2.835
-6.991	-6.793	-2.702
-6.979	-6.817	-2.735
-6.987	-6.837	-2.801
-6.980	-6.781	-2.748
-6.991	-6.764	-2.791
-6.998	-6.823	-2.776
-6.990	-6.764	-2.753
-7.031	-6.799	-2.786
-7.003	-6.845	-2.743
-6.998	-6.783	-2.776
-7.034	-6.824	-2.809
-6.980	-6.809	-2.739
-7.025	-6.796	-2.784
-6.970	-6.793	-2.794
-6.958	-6.803	-2.782
-6.913	-6.796	-2.762
-6.947	-6.785	-2.843
-6.931	-6.801	-2.857
-6.939	-6.755	-2.808
-6.933	-6.737	-2.859
-6.997	-6.677	-2.837
-7.038	-6.744	-2.906
-7.076	-6.724	-2.816
-7.090	-6.700	-2.779
-7.077	-6.679	-2.857
-7.053	-6.668	-2.834
-7.105	-6.650	-2.826
-7.087	-6.690	-2.788
-7.078	-6.682	-2.788
-7.110	-6.715	-2.801
-7.100	-6.767	-2.786
-7.072	-6.716	-2.776
-7.038	-6.740	-2.788
-7.074	-6.701	-2.748
-7.001	-6.724	-2.754
-7.006	-6.724	-2.794
-7.063	-6.689	-2.845
-7.036	-6.694	-2.799
-7.032	-6.665	-2.808
-7.034	-6.661	-2.753
-6.978	-6.669	-2.782
-7.024	-6.666	-2.808
-7.030	-6.629	-2.804
-7.008	-6.660	-2.795
-7.027	-6.667	-2.814
-7.041	-6.640	-2.858
-7.000	-6.709	-2.832
-6.924	-6.711	-2.873
-7.031	-6.678	-2.859
-7.035	-6.686	-2.863
-7.010	-6.700	-2.902
-7.020	-6.644	-2.879
-7.018	-6.570	-2.898
-6.922	-6.510	-2.893
-6.973	-6.514	-2.882
-6.979	-6.435	-2.874
-6.959	-6.415	-2.882
-6.991	-6.359	-2.873
-6.959	-6.351	-2.857
-6.938	-6.269	-2.874
-6.950	-6.275	-2.832
-6.996	-6.219	-2.843
-7.046	-6.179	-2.851
-7.068	-6.144	-2.858
-7.102	-6.112	-2.877
-7.059	-6.045	-2.848
-7.038	-6.040	-2.854
-7.119	-6.095	-2.846
-7.122	-6.153	-2.832
-7.111	-6.135	-2.779
-7.097	-6.134	-2.773
-7.073	-6.181	-2.836
-7.117	-6.211	-2.799
-7.129	-6.205	-2.812
-7.088	-6.249	-2.867
-7.080	-6.295	-2.869
-7.044	-6.276	-2.856
-7.042	-6.230	-2.904
-7.030	-6.222	-2.941
-7.020	-6.214	-2.858
-7.001	-6.174	-2.909
-6.977	-6.164	-2.887
-7.032	-6.215	-2.972
-7.001	-6.196	-2.934
-7.012	-6.240	-2.959
-7.020	-6.187	-2.921
-6.965	-6.174	-2.928
-6.965	-6.195	-2.954
-6.926	-6.223	-2.951
-6.966	-6.196	-2.983
-6.942	-6.242	-2.997
-6.974	-6.202	-3.019
-6.924	-6.257	-3.000
-6.911	-6.262	-2.957
-6.951	-6.221	-3.005
-6.967	-6.295	-3.006
-6.979	-6.270	-2.986
-6.967	-6.322	-3.011
-6.924	-6.283	-3.006
-6.963	-6.273	-3.015
-6.958	-6.276	-2.991
-6.910	-6.261	-2.991
-7.024	-6.318	-2.978
-7.052	-6.259	-3.014
-7.100	-6.261	-2.989
-7.103	-6.268	-2.907
-7.117	-6.341	-2.935
-7.112	-6.311	-2.955
-7.120	-6.307	-2.893
-7.131	-6.260	-2.934
-7.129	-6.208	-2.929
-7.114	-6.196	-2.889
-7.074	-6.196	-2.929
-7.060	-6.189	-2.893
-7.091	-6.197	-2.881
-7.070	-6.182	-2.874
-7.002	-6.220	-2.937
-7.050	-6.194	-2.934
-7.018	-6.167	-2.957
-7.026	-6.153	-2.936
-7.061	-6.156	-2.898
-7.048	-6.127	-2.924
-6.998	-6.133	-2.934
-7.051	-6.124	-2.942
-6.962	-6.096	-2.895
-7.023	-6.107	-2.888
-7.047	-6.147	-2.895
-6.982	-6.170	-2.935
-7.022	-6.248	-2.959
-6.986	-6.465	-2.995
-6.996	-6.602	-3.014
-6.999	-6.611	-2.999
-6.976	-6.746	-2.987
-6.999	-6.830	-2.999
-6.994	-6.856	-2.969
-6.980	-6.910	-3.004
-6.960	-6.941	-3.067
-6.958	-6.951	-3.063
-6.965	-7.012	-3.109
-6.960	-7.083	-3.086
-6.967	-7.061	-3.092
-6.906	-7.016	-3.034
-6.937	-7.108	-3.069
-6.937	-7.094	-3.063
-6.964	-7.110	-3.058
-6.931	-7.133	-3.073
-7.022	-7.134	-3.064
-7.054	-7.155	-3.049
-7.089	-7.158	-3.101
-7.141	-7.149	-3.146
-7.147	-7.183	-3.109
-7.122	-7.119	-3.169
-7.131	-7.195	-3.142
-7.080	-7.150	-3.178
-7.093	-7.186	-3.110
-7.080	-7.184	-3.134
-7.080	-7.164	-3.176
-7.078	-7.156	-3.139
-7.045	-7.171	-3.139
-7.070	-7.208	-3.150
-7.033	-7.158	-3.060
-7.043	-7.201	-3.020
-6.942	-7.246	-3.064
-7.013	-7.205	-3.032
-7.044	-7.253	-3.014
-7.011	-7.231	-2.954
-6.992	-7.237	-3.052
-7.001	-7.196	-3.014
-6.992	-7.208	-3.009
-7.001	-7.212	-3.048
-6.997	-7.215	-3.074
-7.006	-7.144	-3.050
-7.000	-7.198	-3.084
-6.981	-7.208	-3.109
-6.983	-7.193	-3.110
-6.979	-7.179	-3.060
-6.979	-7.178	-3.012
-7.001	-7.209	-2.998
-6.967	-7.213	-3.004
-6.941	-7.212	-2.934
-6.947	-7.214	-2.952
-6.958	-7.224	-2.906
-6.975	-7.236	-2.923
-6.925	-7.242	-2.894
-6.912	-7.230	-2.904
-6.964	-7.241	-2.889
-6.953	-7.202	-2.894
-6.990	-7.245	-2.886
-7.035	-7.243	-2.896
-7.028	-7.227	-2.824
-7.121	-7.216	-2.946
-7.154	-7.229	-2.898
-7.130	-7.265	-2.875
-7.112	-7.277	-2.857
-7.097	-7.225	-3.007
-7.072	-7.258	-3.215
-7.047	-7.191	-3.295
-7.048	-7.255	-3.330
-7.046	-7.247	-3.383
-7.043	-7.255	-3.370
-7.033	-7.286	-3.337
-7.017	-7.282	-3.305
-7.032	-7.280	-3.355
-7.007	-7.287	-3.344
-6.995	-7.228	-3.470
-6.970	-7.251	-3.494
-6.966	-7.276	-3.440
-6.981	-7.262	-3.475
-6.968	-7.254	-3.488
-6.958	-7.268	-3.476
-6.894	-7.259	-3.419
-6.887	-7.289	-3.499
-6.889	-7.284	-3.619
-6.912	-7.250	-3.719
-6.916	-7.276	-3.757
-6.950	-7.306	-3.813
-6.925	-7.222	-3.919
-6.974	-7.251	-4.010
-6.935	-7.270	-4.058
-6.968	-7.312	-4.156
-6.937	-7.295	-4.187
-6.926	-7.302	-4.267
-6.923	-7.326	-4.290
-6.905	-7.340	-4.322
-6.846	-7.337	-4.358
-6.883	-7.304	-4.370
-6.902	-7.282	-4.437
-6.891	-7.333	-4.399
-6.910	-7.301	-4.497
-6.891	-7.316	-4.534
-6.927	-7.321	-4.546
-6.928	-7.304	-4.591
-7.034	-7.299	-4.591
-7.033	-7.330	-4.578
-7.079	-7.305	-4.604
-7.125	-7.341	-4.665
-7.120	-7.324	-4.657
-7.123	-7.294	-4.664
-7.139	-7.307	-4.694
-7.175	-7.308	-4.721
-7.151	-7.301	-4.683
-7.061	-7.290	-4.673
-7.107	-7.269	-4.687
-7.090	-7.250	-4.699
-7.086	-7.262	-4.699
-7.077	-7.290	-4.671
-7.041	-7.313	-4.694
-7.021	-7.304	-4.705
-7.004	-7.314	-4.684
-6.961	-7.292	-4.740
-7.020	-7.305	-4.717
-7.028	-7.304	-4.738
-7.002	-7.330	-4.755
-7.000	-7.374	-4.722
-6.993	-7.358	-4.692
-6.993	-7.346	-4.708
-6.972	-7.291	-4.661
-6.985	-7.171	-4.714
-6.968	-7.155	-4.701
-6.985	-7.111	-4.673
-6.960	-7.096	-4.694
-6.935	-7.075	-4.695
-6.967	-7.103	-4.679
-7.000	-7.180	-4.675
-6.996	-7.265	-4.749
-7.015	-7.299	-4.746
-7.007	-7.347	-4.723
-7.036	-7.368	-4.714
-7.029	-7.357	-4.679
-7.049	-7.344	-4.735
-6.997	-7.402	-4.712
-7.031	-7.405	-4.770
-7.009	-7.376	-4.746
-6.999	-7.295	-4.767
-6.976	-7.349	-4.765
-6.992	-7.382	-4.813
-7.002	-7.375	-4.774
-7.077	-7.357	-4.811
-7.143	-7.410	-4.789
-7.200	-7.360	-4.779
-7.208	-7.348	-4.757
-7.209	-7.365	-4.804
-7.249	-7.382	-4.840
-7.220	-7.373	-4.814
-7.223	-7.354	-4.779
-7.261	-7.382	-4.793
-7.215	-7.351	-4.791
-7.223	-7.347	-4.772
-7.201	-7.344	-4.784
-7.205	-7.338	-4.799
-7.158	-7.364	-4.799
-7.172	-7.361	-4.825
-7.177	-7.350	-4.822
-7.161	-7.415	-4.826
-7.167	-7.436	-4.757
-7.165	-7.393	-4.754
-7.129	-7.327	-4.736
-7.129	-7.390	-4.819
-7.089	-7.397	-4.840
-7.064	-7.452	-4.851
-7.077	-7.402	-4.833
-7.072	-7.368	-4.834
-7.107	-7.396	-4.773
-7.081	-7.418	-4.785
-7.102	-7.383	-4.838
-7.073	-7.387	-4.844
-7.070	-7.364	-4.825
-7.057	-7.353	-4.769
-7.089	-7.314	-4.785
-7.071	-7.350	-4.767
-7.041	-7.359	-4.810
-7.033	-7.296	-4.763
-7.032	-7.319	-4.684
-6.994	-7.332	-4.705
-7.003	-7.300	-4.675
-6.985	-7.324	-4.711
-6.958	-7.328	-4.725
-6.966	-7.330	-4.678
-6.942	-7.298	-4.687
-6.972	-7.286	-4.676
-6.961	-7.316	-4.593
-6.963	-7.340	-4.596
-7.048	-7.334	-4.597
-7.088	-7.356	-4.594
-7.157	-7.391	-4.603
-7.208	-7.400	-4.616
-7.182	-7.377	-4.651
-7.231	-7.407	-4.647
-7.235	-7.377	-4.641
-7.138	-7.404	-4.588
-7.184	-7.334	-4.634
-7.192	-7.430	-4.590
-7.167	-7.389	-4.545
-7.167	-7.377	-4.558
-7.161	-7.412	-4.514
-7.149	-7.361	-4.538
-7.174	-7.374	-4.571
-7.160	-7.374	-4.572
-7.150	-7.350	-4.610
-7.093	-7.368	-4.546
-7.109	-7.337	-4.602
-7.115	-7.336	-4.639
-7.092	-7.383	-4.638
-7.090	-7.383	-4.585
-7.097	-7.380	-4.565
-7.102	-7.417	-4.507
-7.082	-7.398	-4.492
-7.084	-7.404	-4.466
-7.076	-7.399	-4.449
-7.063	-7.417	-4.380
-7.062	-7.387	-4.309
-7.047	-7.400	-4.340
-7.067	-7.426	-4.272
-7.046	-7.381	-4.249
-7.042	-7.405	-4.233
-7.055	-7.417	-4.186
-7.017	-7.365	-4.150
-7.004	-7.384	-4.158
-7.002	-7.391	-4.119
-6.966	-7.428	-4.070
-6.968	-7.354	-4.017
-6.981	-7.288	-3.962
-7.006	-7.251	-3.963
-7.029	-7.202	-3.945
-7.001	-7.156	-3.951
-7.011	-7.146	-3.923
-7.013	-7.145	-3.861
-7.035	-7.082	-3.857
-7.097	-7.112	-3.801
-7.166	-7.063	-3.802
-7.179	-6.986	-3.772
-7.202	-7.022	-3.697
-7.137	-6.993	-3.705
-7.166	-7.049	-3.637
-7.199	-7.057	-3.637
-7.126	-7.101	-3.602
-7.200	-7.169	-3.599
-7.159	-7.202	-3.524
-7.124	-7.204	-3.476
-7.169	-7.229	-3.497
-7.166	-7.207	-3.452
-7.171	-7.256	-3.435
-7.161	-7.297	-3.399
-7.149	-7.328	-3.428
-7.136	-7.317	-3.356
-7.119	-7.325	-3.327
-7.098	-7.336	-3.344
-7.117	-7.285	-3.293
-7.151	-7.332	-3.293
-6.991	-7.271	-3.261
-7.040	-7.318	-3.272
-7.050	-7.199	-3.291
-6.992	-7.276	-3.277
-6.990	-7.312	-3.308
-6.943	-7.336	-3.308
-6.914	-7.328	-3.367
-6.987	-7.304	-3.366
-7.030	-7.347	-3.370
-6.987	-7.356	-3.328
-6.990	-7.318	-3.349
-6.981	-7.318	-3.333
-6.950	-7.346	-3.351
-6.959	-7.390	-3.301
-7.007	-7.389	-3.322
-6.941	-7.389	-3.270
-7.014	-7.326	-3.293
-6.967	-7.369	-3.283
-6.975	-7.350	-3.223
-7.003	-7.393	-3.177
-6.971	-7.436	-3.213
-6.898	-7.448	-3.236
-6.869	-7.468	-3.216
-6.852	-7.438	-3.231
-6.879	-7.401	-3.154
-6.868	-7.394	-3.193
-6.875	-7.356	-3.169
-6.827	-7.371	-3.210
-6.741	-7.364	-3.190
-6.668	-7.345	-3.240
-6.625	-7.406	-3.201
-6.658	-7.421	-3.153
-6.704	-7.377	-3.173
-6.714	-7.406	-3.161
-6.716	-7.444	-3.117
-6.733	-7.432	-3.128
-6.737	-7.451	-3.158
-6.732	-7.447	-3.169
-6.733	-7.435	-3.181
-6.783	-7.452	-3.146
-6.758	-7.392	-3.168
-6.779	-7.424	-3.186
-6.771	-7.428	-3.199
-6.843	-7.450	-3.173
-6.801	-7.418	-3.128
-6.833	-7.420	-3.107
-6.852	-7.430	-3.106
-6.892	-7.373	-3.075
-6.892	-7.373	-3.101
-6.892	-7.419	-3.052
-6.887	-7.417	-3.086
-6.889	-7.448	-3.082
-6.907	-7.432	-3.094
-6.896	-7.434	-3.115
-6.899	-7.407	-3.140
-6.861	-7.406	-3.097
-6.886	-7.404	-3.115
-6.885	-7.376	-3.155
-6.887	-7.390	-3.113
-6.893	-7.404	-3.200
-6.884	-7.426	-3.202
-6.885	-7.416	-3.246
-6.895	-7.403	-3.257
-6.880	-7.394	-3.281
-6.856	-7.356	-3.295
-6.846	-7.346	-3.281
-6.856	-7.367	-3.316
-6.892	-7.397	-3.350
-6.882	-7.409	-3.321
-6.904	-7.367	-3.320
-6.877	-7.393	-3.377
-6.846	-7.316	-3.372
-6.858	-7.136	-3.394
-6.815	-7.034	-3.345
-6.844	-6.890	-3.355
-6.866	-6.798	-3.368
-6.854	-6.687	-3.371
-6.836	-6.635	-3.378
-6.857	-6.556	-3.354
-6.889	-6.447	-3.368
-6.901	-6.382	-3.402
-6.978	-6.334	-3.382
-6.983	-6.305	-3.317
-6.974	-6.280	-3.276
-7.001	-6.242	-3.299
-6.914	-6.221	-3.296
-6.827	-6.208	-3.316
-6.871	-6.196	-3.320
-6.831	-6.189	-3.314
-6.844	-6.191	-3.312
-6.947	-6.219	-3.276
-6.960	-6.230	-3.249
-6.962	-6.221	-3.288
-6.980	-6.236	-3.264
-6.967	-6.217	-3.293
-6.969	-6.234	-3.309
-6.956	-6.192	-3.287
-6.970	-6.210	-3.262
-6.966	-6.254	-3.228
-6.932	-6.226	-3.243
-6.906	-6.244	-3.211
-6.894	-6.250	-3.219
-6.877	-6.278	-3.199
-6.927	-6.252	-3.226
-6.904	-6.290	-3.244
-6.923	-6.259	-3.155
-6.912	-6.234	-3.134
-6.925	-6.265	-3.149
-6.883	-6.311	-3.138
-6.892	-6.326	-3.092
-6.904	-6.313	-3.123
-6.901	-6.312	-3.106
-6.862	-6.282	-3.112
-6.818	-6.282	-3.081
-6.892	-6.299	-3.045
-6.905	-6.288	-3.063
-6.871	-6.269	-3.061
-6.875	-6.325	-3.032
-6.887	-6.287	-3.034
-6.858	-6.267	-3.027
-6.868	-6.261	-2.971
-6.851	-6.277	-2.992
-6.866	-6.289	-2.980
-6.799	-6.278	-2.964
-6.831	-6.221	-2.935
-6.808	-6.247	-2.946
-6.817	-6.235	-2.936
-6.807	-6.229	-2.957
-6.810	-6.207	-2.940
-6.814	-6.201	-2.926
-6.865	-6.228	-2.961
-6.857	-6.218	-2.956
-6.907	-6.219	-2.988
-6.936	-6.222	-2.969
-6.855	-6.201	-2.984
-6.736	-6.241	-2.976
-6.594	-6.245	-2.981
-6.707	-6.283	-2.933
-6.674	-6.324	-2.970
-6.708	-6.347	-2.954
-6.741	-6.335	-2.940
-6.812	-6.352	-2.915
-6.926	-6.353	-2.916
-6.976	-6.342	-2.886
-6.932	-6.355	-2.826
-6.858	-6.375	-2.900
-6.860	-6.375	-2.904
-6.838	-6.389	-2.865
-6.865	-6.428	-2.851
-6.847	-6.436	-2.838
-6.812	-6.450	-2.846
-6.819	-6.471	-2.887
-6.812	-6.443	-2.905
-6.828	-6.442	-2.911
-6.834	-6.487	-2.910
-6.799	-6.509	-2.906
-6.842	-6.522	-2.898
-6.847	-6.498	-2.911
-6.803	-6.501	-2.890
-6.833	-6.490	-2.844
-6.824	-6.515	-2.843
-6.812	-6.534	-2.867
-6.858	-6.519	-2.844
-6.847	-6.535	-2.849
-6.853	-6.547	-2.833
-6.821	-6.506	-2.834
-6.816	-6.518	-2.850
-6.847	-6.543	-2.797
-6.839	-6.554	-2.837
-6.845	-6.568	-2.789
-6.825	-6.548	-2.823
-6.792	-6.555	-2.876
-6.825	-6.567	-2.859
-6.808	-6.570	-2.856
-6.811	-6.547	-2.873
-6.820	-6.587	-2.870
-6.789	-6.547	-2.866
-6.799	-6.563	-2.845
-6.778	-6.554	-2.889
-6.781	-6.552	-2.843
-6.778	-6.549	-2.884
-6.763	-6.547	-2.835
-6.779	-6.535	-2.829
-6.731	-6.532	-2.808
-6.653	-6.514	-2.792
-6.740	-6.496	-2.794
-6.778	-6.544	-2.762
-6.828	-6.545	-2.794
-6.909	-6.540	-2.731
-6.938	-6.539	-2.748
-6.923	-6.477	-2.707
-6.970	-6.492	-2.753
-6.973	-6.478	-2.754
-6.962	-6.506	-2.716
-6.967	-6.462	-2.723
-6.919	-6.461	-2.711
-6.896	-6.456	-2.742
-6.915	-6.460	-2.717
-6.906	-6.450	-2.736
-6.803	-6.485	-2.782
-6.812	-6.548	-2.788
-6.826	-6.549	-2.785
-6.770	-6.572	-2.806
-6.698	-6.620	-2.850
-6.700	-6.674	-2.817
-6.754	-6.721	-2.789
-6.801	-6.790	-2.830
-6.841	-6.796	-2.834
-6.873	-6.730	-2.819
-6.919	-6.831	-2.830
-6.891	-6.819	-2.773
-6.932	-6.858	-2.794
-6.901	-6.897	-2.832
-6.924	-6.847	-2.821
-6.926	-6.859	-2.807
-6.923	-6.897	-2.792
-6.932	-6.876	-2.784
-6.896	-6.881	-2.805
-6.921	-6.976	-2.812
-6.890	-6.924	-2.767
-6.902	-6.925	-2.812
-6.917	-6.879	-2.814
-6.894	-6.951	-2.759
-6.888	-6.932	-2.770
-6.876	-6.942	-2.739
-6.887	-6.933	-2.800
-6.854	-6.949	-2.798
-6.813	-6.957	-2.806
-6.747	-6.974	-2.765
-6.688	-6.970	-2.758
-6.664	-6.916	-2.771
-6.741	-6.967	-2.767
-6.747	-6.956	-2.782
-6.761	-6.964	-2.774
-6.749	-6.910	-2.800
-6.741	-6.894	-2.768
-6.726	-6.893	-2.726
-6.698	-6.876	-2.765
-6.752	-6.909	-2.745
-6.790	-6.907	-2.782
-6.852	-6.982	-2.753
-6.880	-6.993	-2.792
-6.918	-6.973	-2.765
-6.972	-6.955	-2.714
-7.028	-6.948	-2.757
-7.025	-6.961	-2.767
-7.097	-6.995	-2.773
-7.149	-7.010	-2.746
-7.149	-6.982	-2.760
-7.190	-7.012	-2.764
-7.194	-7.024	-2.786
-7.212	-6.991	-2.822
-7.169	-7.017	-2.861
-7.154	-7.049	-2.842
-7.181	-7.050	-2.866
-7.161	-7.038	-2.892
-7.182	-7.047	-2.911
-7.179	-7.064	-2.905
-7.181	-7.019	-2.902
-7.145	-7.041	-2.900
-7.150	-7.001	-2.914
-7.133	-6.981	-2.962
-7.154	-6.951	-2.947
-7.099	-6.981	-2.909
-7.133	-6.958	-2.936
-7.102	-6.958	-2.886
-7.050	-6.899	-2.899
-7.039	-6.897	-2.871
-7.013	-6.889	-2.892
-6.997	-6.841	-2.887
-6.890	-6.845	-2.866
-6.871	-6.812	-2.875
-6.857	-6.811	-2.854
-6.911	-6.797	-2.886
-6.961	-6.780	-2.931
-7.004	-6.783	-2.878
-6.963	-6.765	-2.913
-7.022	-6.760	-2.873
-7.039	-6.731	-2.844
-7.063	-6.739	-2.855
-7.037	-6.789	-2.850
-7.050	-6.785	-2.883
-7.046	-6.773	-2.895
-7.045	-6.805	-2.931
-7.058	-6.787	-2.886
-7.062	-6.825	-2.862
-7.030	-6.815	-2.902
-7.030	-6.873	-2.837
-7.030	-6.930	-2.847
-7.001	-6.907	-2.834
-7.013	-6.974	-2.817
-7.021	-6.992	-2.749
-7.005	-7.034	-2.795
-7.014	-7.012	-2.756
-7.031	-7.024	-2.754
-7.004	-7.034	-2.772
-6.978	-7.003	-2.713
-7.071	-7.012	-2.704
-7.129	-7.016	-2.657
-7.133	-6.981	-2.631
-7.171	-7.033	-2.667
-7.197	-7.045	-2.695
-7.205	-7.053	-2.661
-7.207	-7.049	-2.669
-7.202	-7.067	-2.676
-7.192	-7.052	-2.678
-7.180	-7.078	-2.619
-7.147	-7.084	-2.604
-7.146	-7.078	-2.664
-7.139	-7.081	-2.643
-7.112	-7.087	-2.636
-7.104	-7.093	-2.653
-7.055	-7.112	-2.633
-7.046	-7.125	-2.680
-7.049	-7.139	-2.668
-7.012	-7.137	-2.680
-7.028	-7.145	-2.756
-6.929	-7.108	-2.733
-7.083	-7.128	-2.790
-7.046	-7.135	-2.796
-7.034	-7.132	-2.816
-7.022	-7.154	-2.809
-7.003	-7.163	-2.876
-6.966	-7.135	-2.947
-6.857	-7.120	-2.972
-6.829	-7.104	-2.990
-6.723	-7.084	-3.046
-6.777	-7.113	-3.097
-6.836	-7.068	-3.059
-6.869	-7.101	-3.099
-6.907	-7.093	-3.142
-6.899	-7.086	-3.052
-6.888	-7.098	-3.143
-6.868	-7.114	-3.127
-6.870	-7.104	-3.182
-6.787	-7.116	-3.196
-6.860	-7.134	-3.201
-6.854	-7.128	-3.181
-6.902	-7.106	-3.178
-6.900	-7.132	-3.194
-6.917	-7.133	-3.178
-6.937	-7.114	-3.163
-6.931	-7.071	-3.188
-6.938	-7.061	-3.157
-6.913	-7.039	-3.171
-6.921	-7.031	-3.150
-6.912	-6.982	-3.102
-6.907	-6.975	-3.115
-6.912	-6.955	-3.101
-6.905	-6.954	-3.060
-6.911	-6.972	-3.075
-6.912	-6.968	-3.008
-6.918	-6.996	-3.046
-6.889	-7.026	-3.004
-6.886	-7.030	-2.976
-6.885	-7.024	-2.947
-6.915	-7.032	-2.987
-6.973	-7.038	-2.927
-7.016	-7.011	-2.904
-7.038	-6.996	-2.937
-7.055	-6.957	-2.886
-7.060	-6.881	-2.958
-6.972	-6.859	-2.915
-6.986	-6.872	-2.974
-6.814	-6.896	-2.974
-6.956	-6.885	-2.948
-6.978	-6.912	-2.972
-6.957	-6.892	-2.949
-6.972	-6.912	-2.962
-6.946	-6.910	-3.008
-6.971	-6.872	-2.930
-6.980	-6.903	-2.939
-6.953	-6.878	-2.977
-6.863	-6.866	-2.919
-6.801	-6.863	-2.945
-6.794	-6.874	-2.956
-6.863	-6.790	-2.925
-6.942	-6.829	-2.910
-6.997	-6.831	-2.918
-7.015	-6.839	-2.919
-7.013	-6.818	-2.934
-6.921	-6.862	-2.918
-6.912	-6.878	-2.912
-6.842	-6.860	-2.958
-6.860	-6.893	-2.930
-6.827	-6.896	-2.955
-6.865	-6.888	-2.918
-6.951	-6.862	-2.965
-6.988	-6.859	-2.947
-7.032	-6.825	-2.951
-7.081	-6.795	-2.990
-7.054	-6.809	-3.051
-7.086	-6.790	-3.045
-7.096	-6.780	-3.046
-7.094	-6.785	-3.046
-7.094	-6.808	-3.051
-7.061	-6.786	-3.067
-7.087	-6.776	-3.062
-7.115	-6.768	-3.123
-7.083	-6.755	-3.133
-7.068	-6.752	-3.146
-7.117	-6.748	-3.148
-7.080	-6.739	-3.148
-7.085	-6.741	-3.157
-7.092	-6.713	-3.126
-7.100	-6.757	-3.088
-7.114	-6.736	-3.052
-7.086	-6.723	-3.046
-7.046	-6.779	-3.064
-7.021	-6.760	-3.046
-7.043	-6.738	-3.054
-7.014	-6.709	-2.991
-7.098	-6.727	-3.008
-7.087	-6.742	-2.964
-7.100	-6.719	-2.895
-7.168	-6.747	-2.934
-7.211	-6.753	-2.968
-7.248	-6.730	-2.974
-7.258	-6.760	-3.001
-7.266	-6.755	-3.004
-7.290	-6.739	-2.981
-7.288	-6.734	-2.987
-7.231	-6.697	-2.962
-7.187	-6.724	-2.963
-7.070	-6.737	-2.898
-6.965	-6.750	-2.956
-6.910	-6.742	-2.880
-6.886	-6.757	-2.889
-6.810	-6.771	-2.851
-6.732	-6.710	-2.880
-6.717	-6.712	-2.900
-6.701	-6.731	-2.861
-6.783	-6.713	-2.861
-6.871	-6.748	-2.861
-6.861	-6.731	-2.827
-6.882	-6.722	-2.828
-6.946	-6.717	-2.809
-6.940	-6.741	-2.779
-6.958	-6.728	-2.748
-6.973	-6.711	-2.704
-6.952	-6.724	-2.692
-7.015	-6.709	-2.677
-7.043	-6.722	-2.639
-7.061	-6.709	-2.625
-7.073	-6.728	-2.668
-7.078	-6.734	-2.647
-7.065	-6.725	-2.664
-7.070	-6.731	-2.648
-7.041	-6.689	-2.687
-7.048	-6.710	-2.665
-7.031	-6.705	-2.626
-7.038	-6.709	-2.651
-7.044	-6.718	-2.602
-7.066	-6.695	-2.604
-7.024	-6.694	-2.601
-6.956	-6.714	-2.596
-6.996	-6.709	-2.598
-7.017	-6.736	-2.585
-7.033	-6.753	-2.606
-7.024	-6.776	-2.605
-7.006	-6.777	-2.600
-7.011	-6.783	-2.615
-7.025	-6.788	-2.661
-7.006	-6.750	-2.645
-7.026	-6.756	-2.621
-7.024	-6.772	-2.629
-6.991	-6.759	-2.687
-7.007	-6.759	-2.621
-7.048	-6.757	-2.663
-7.076	-6.766	-2.675
-7.066	-6.823	-2.680
-7.075	-6.801	-2.632
-7.152	-6.779	-2.635
-7.139	-6.779	-2.668
-7.168	-6.779	-2.678
-7.132	-6.752	-2.668
-7.126	-6.749	-2.685
-7.137	-6.734	-2.629
-7.133	-6.717	-2.650
-7.122	-6.726	-2.664
-7.100	-6.713	-2.637
-7.053	-6.733	-2.597
-7.107	-6.747	-2.589
-7.126	-6.783	-2.593
-7.131	-6.757	-2.607
-7.125	-6.750	-2.615
-7.148	-6.746	-2.605
-7.118	-6.782	-2.653
-7.132	-6.787	-2.631
-7.136	-6.785	-2.628
-7.134	-6.804	-2.606
-7.136	-6.795	-2.652
-7.111	-6.805	-2.625
-7.122	-6.814	-2.630
-7.103	-6.800	-2.662
-7.090	-6.799	-2.700
-7.106	-6.798	-2.647
-7.084	-6.795	-2.680
-7.072	-6.771	-2.692
-7.074	-6.793	-2.733
-7.060	-6.792	-2.708
-7.082	-6.826	-2.727
-7.070	-6.800	-2.666
-7.069	-6.816	-2.637
-7.087	-6.799	-2.649
-7.072	-6.821	-2.684
-7.066	-6.812	-2.658
-7.051	-6.811	-2.633
-7.060	-6.808	-2.638
-7.027	-6.823	-2.577
-7.026	-6.813	-2.594
-7.032	-6.817	-2.562
-7.037	-6.794	-2.553
-7.036	-6.792	-2.537
-7.037	-6.815	-2.603
-7.051	-6.791	-2.607
-7.039	-6.724	-2.608
-7.002	-6.711	-2.638
-7.066	-6.755	-2.617
-7.110	-6.703	-2.683
-7.141	-6.676	-2.666
-7.163	-6.715	-2.665
-7.179	-6.726	-2.681
-7.197	-6.724	-2.666
-7.195	-6.696	-2.678
-7.208	-6.716	-2.626
-7.193	-6.689	-2.662
-7.172	-6.669	-2.663
-7.186	-6.679	-2.658
-7.223	-6.633	-2.667
-7.183	-6.672	-2.664
-7.180	-6.660	-2.694
-7.165	-6.652	-2.693
-7.152	-6.711	-2.685
-7.158	-6.673	-2.694
-7.154	-6.696	-2.653
-7.148	-6.644	-2.608
-7.135	-6.668	-2.619
-7.123	-6.651	-2.670
-7.139	-6.612	-2.640
-7.106	-6.626	-2.637
-7.087	-6.573	-2.633
-7.114	-6.548	-2.669
-7.093	-6.504	-2.653
-7.087	-6.525	-2.632
-7.086	-6.538	-2.656
-7.076	-6.516	-2.636
-7.084	-6.496	-2.636
-7.064	-6.458	-2.555
-7.064	-6.506	-2.642
-7.057	-6.506	-2.627
-7.063	-6.493	-2.659
-7.059	-6.504	-2.639
-7.047	-6.499	-2.654
-7.025	-6.492	-2.689
-7.043	-6.485	-2.709
-7.028	-6.503	-2.736
-7.011	-6.492	-2.723
-6.973	-6.485	-2.769
-6.936	-6.460	-2.782
-6.897	-6.455	-2.805
-6.922	-6.376	-2.764
-6.915	-6.400	-2.814
-6.854	-6.403	-2.779
-6.877	-6.406	-2.797
-6.909	-6.395	-2.838
-6.873	-6.407	-2.828
-6.934	-6.387	-2.855
-6.958	-6.368	-2.865
-7.026	-6.313	-2.851
-7.037	-6.338	-2.813
-7.041	-6.338	-2.800
-7.087	-6.348	-2.780
-7.059	-6.349	-2.760
-7.046	-6.322	-2.765
-7.030	-6.313	-2.759
-7.003	-6.317	-2.762
-7.011	-6.308	-2.779
-7.026	-6.297	-2.779
-7.001	-6.304	-2.763
-7.023	-6.239	-2.778
-7.026	-6.267	-2.762
-7.027	-6.261	-2.741
-6.991	-6.278	-2.780
-7.006	-6.283	-2.770
-6.977	-6.249	-2.772
-7.004	-6.236	-2.729
-6.984	-6.239	-2.761
-6.941	-6.250	-2.773
-6.923	-6.290	-2.777
-6.949	-6.268	-2.798
-6.923	-6.266	-2.777
-6.885	-6.272	-2.706
-6.891	-6.291	-2.744
-6.916	-6.264	-2.736
-6.918	-6.283	-2.732
-6.892	-6.270	-2.674
-6.897	-6.259	-2.731
-6.903	-6.286	-2.698
-6.914	-6.280	-2.683
-6.895	-6.262	-2.685
-6.874	-6.270	-2.633
-6.842	-6.253	-2.648
-6.855	-6.258	-2.606
-6.824	-6.243	-2.641
-6.761	-6.229	-2.679
-6.785	-6.237	-2.654
-6.752	-6.219	-2.655
-6.829	-6.200	-2.664
-6.829	-6.207	-2.655
-6.823	-6.211	-2.707
-6.795	-6.190	-2.709
-6.794	-6.219	-2.721
-6.815	-6.217	-2.740
-6.801	-6.212	-2.667
-6.876	-6.173	-2.649
-6.882	-6.167	-2.665
-6.923	-6.158	-2.672
-6.929	-6.190	-2.663
-6.924	-6.203	-2.667
-6.964	-6.205	-2.629
-6.971	-6.173	-2.667
-6.983	-6.138	-2.655
-6.970	-6.145	-2.650
-7.012	-6.171	-2.612
-6.989	-6.161	-2.641
-6.963	-6.175	-2.650
-6.962	-6.182	-2.684
-6.889	-6.161	-2.681
-6.885	-6.080	-2.702
-6.883	-6.100	-2.714
-6.844	-6.159	-2.745
-6.795	-6.146	-2.741
-6.778	-6.161	-2.762
-6.804	-6.150	-2.724
-6.802	-6.144	-2.778
-6.770	-6.148	-2.783
-6.760	-6.160	-2.791
-6.790	-6.143	-2.809
-6.783	-6.138	-2.782
-6.787	-6.133	-2.779
-6.770	-6.104	-2.773
-6.746	-6.100	-2.789
-6.701	-6.106	-2.823
-6.711	-6.092	-2.797
-6.705	-6.108	-2.804
-6.697	-6.114	-2.799
-6.685	-6.118	-2.832
-6.707	-6.099	-2.807
-6.687	-6.103	-2.795
-6.717	-6.118	-2.778
-6.703	-6.076	-2.819
-6.711	-6.110	-2.838
-6.690	-6.074	-2.818
-6.656	-6.076	-2.808
-6.665	-6.094	-2.810
-6.668	-6.081	-2.835
-6.638	-6.081	-2.859
-6.614	-6.106	-2.875
-6.603	-6.081	-2.876
-6.600	-6.130	-2.881
-6.608	-6.097	-2.918
-6.622	-6.117	-2.926
-6.634	-6.124	-2.914
-6.647	-6.101	-2.873
-6.631	-6.102	-2.874
-6.647	-6.120	-2.871
-6.680	-6.113	-2.852
-6.729	-6.138	-2.910
-6.778	-6.137	-2.902
-6.763	-6.141	-2.879
-6.802	-6.118	-2.943
-6.816	-6.100	-2.929
-6.839	-6.120	-2.948
-6.918	-6.113	-2.976
-6.937	-6.137	-2.991
-6.952	-6.105	-3.014
-6.933	-6.100	-3.017
-6.950	-6.079	-3.034
-6.945	-6.096	-3.068
-6.919	-6.091	-3.093
-6.870	-6.109	-3.101
-6.872	-6.106	-3.100
-6.888	-6.086	-3.097
-6.887	-6.056	-3.118
-6.888	-6.053	-3.125
-6.860	-6.020	-3.113
-6.873	-5.996	-3.116
-6.910	-6.046	-3.113
-6.914	-6.032	-3.078
-6.909	-6.059	-3.118
-6.883	-6.070	-3.126
-6.869	-6.078	-3.158
-6.872	-6.031	-3.163
-6.875	-6.048	-3.162
-6.873	-6.073	-3.112
-6.832	-6.050	-3.187
-6.832	-6.015	-3.168
-6.822	-6.040	-3.174
-6.782	-6.028	-3.208
-6.787	-5.998	-3.170
-6.816	-5.966	-3.210
-6.802	-5.970	-3.176
-6.806	-5.959	-3.210
-6.788	-5.923	-3.245
-6.791	-5.972	-3.209
-6.771	-5.953	-3.233
-6.755	-5.945	-3.258
-6.761	-5.960	-3.243
-6.776	-5.934	-3.288
-6.734	-5.902	-3.280
-6.744	-5.902	-3.235
-6.760	-5.888	-3.293
-6.747	-5.849	-3.279
-6.745	-5.851	-3.269
-6.764	-5.842	-3.247
-6.804	-5.874	-3.272
-6.879	-5.844	-3.277
-6.962	-5.854	-3.291
-6.996	-5.834	-3.303
-7.024	-5.807	-3.235
-6.984	-5.793	-3.254
-6.977	-5.747	-3.249
-6.994	-5.783	-3.261
-6.976	-5.755	-3.234
-6.940	-5.706	-3.246
-6.910	-5.739	-3.226
-6.856	-5.740	-3.214
-6.852	-5.732	-3.195
-6.833	-5.724	-3.185
-6.816	-5.730	-3.195
-6.817	-5.722	-3.189
-6.757	-5.745	-3.219
-6.750	-5.751	-3.195
-6.760	-5.740	-3.165
-6.783	-5.742	-3.202
-6.781	-5.736	-3.196
-6.776	-5.706	-3.190
-6.709	-5.748	-3.199
-6.786	-5.733	-3.179
-6.775	-5.758	-3.187
-6.776	-5.723	-3.168
-6.818	-5.744	-3.219
-6.804	-5.745	-3.220
-6.719	-5.756	-3.197
-6.722	-5.759	-3.247
-6.720	-5.741	-3.240
-6.738	-5.741	-3.250
-6.745	-5.757	-3.276
-6.734	-5.756	-3.274
-6.716	-5.733	-3.236
-6.702	-5.743	-3.229
-6.653	-5.721	-3.202
-6.667	-5.754	-3.223
-6.673	-5.754	-3.224
-6.685	-5.695	-3.221
-6.716	-5.714	-3.248
-6.717	-5.718	-3.224
-6.734	-5.698	-3.234
-6.721	-5.721	-3.241
-6.701	-5.685	-3.256
-6.687	-5.693	-3.254
-6.649	-5.667	-3.273
-6.680	-5.649	-3.258
-6.679	-5.649	-3.288
-6.661	-5.605	-3.286
-6.690	-5.600	-3.304
-6.666	-5.630	-3.290
-6.635	-5.629	-3.297
-6.623	-5.632	-3.309
-6.619	-5.614	-3.294
-6.685	-5.617	-3.292
-6.747	-5.601	-3.333
-6.780	-5.590	-3.306
-6.811	-5.595	-3.324
-6.849	-5.558	-3.283
-6.868	-5.593	-3.287
-6.902	-5.594	-3.276
-6.783	-5.587	-3.332
-6.824	-5.564	-3.318
-6.833	-5.597	-3.316
-6.835	-5.585	-3.299
-6.834	-5.598	-3.337
-6.829	-5.594	-3.275
-6.806	-5.575	-3.342
-6.831	-5.585	-3.327
-6.826	-5.550	-3.340
-6.802	-5.549	-3.322
-6.807	-5.566	-3.350
-6.813	-5.577	-3.363
-6.832	-5.588	-3.360
-6.797	-5.549	-3.360
-6.819	-5.567	-3.354
-6.812	-5.580	-3.370
-6.793	-5.538	-3.380
-6.753	-5.574	-3.399
-6.755	-5.565	-3.379
-6.773	-5.546	-3.413
-6.779	-5.574	-3.409
-6.757	-5.612	-3.404
-6.760	-5.586	-3.390
-6.764	-5.574	-3.419
-6.762	-5.584	-3.404
-6.768	-5.568	-3.424
-6.774	-5.582	-3.428
-6.765	-5.579	-3.445
-6.787	-5.575	-3.454
-6.769	-5.566	-3.440
-6.721	-5.554	-3.393
-6.667	-5.521	-3.392
-6.676	-5.516	-3.427
-6.683	-5.551	-3.394
-6.675	-5.551	-3.398
-6.674	-5.550	-3.403
-6.701	-5.558	-3.422
-6.737	-5.584	-3.426
-6.737	-5.563	-3.390
-6.751	-5.562	-3.429
-6.726	-5.562	-3.435
-6.745	-5.554	-3.437
-6.741	-5.577	-3.397
-6.721	-5.553	-3.407
-6.712	-5.578	-3.435
-6.700	-5.585	-3.427
-6.686	-5.580	-3.421
-6.676	-5.574	-3.427
-6.757	-5.581	-3.434
-6.803	-5.578	-3.440
-6.844	-5.599	-3.436
-6.861	-5.600	-3.406
-6.909	-5.587	-3.414
-6.915	-5.579	-3.396
-6.934	-5.582	-3.372
-6.902	-5.597	-3.404
-6.916	-5.596	-3.335
-6.949	-5.585	-3.348
-6.927	-5.591	-3.377
-6.917	-5.587	-3.356
-6.906	-5.594	-3.381
-6.877	-5.578	-3.406
-6.887	-5.538	-3.416
-6.877	-5.560	-3.394
-6.865	-5.586	-3.409
-6.880	-5.606	-3.398
-6.896	-5.602	-3.424
-6.875	-5.620	-3.442
-6.877	-5.604	-3.458
-6.870	-5.592	-3.473
-6.885	-5.600	-3.456
-6.873	-5.576	-3.496
-6.861	-5.533	-3.425
-6.859	-5.609	-3.442
-6.845	-5.595	-3.419
-6.842	-5.589	-3.418
-6.837	-5.604	-3.476
-6.823	-5.626	-3.467
-6.818	-5.660	-3.465
-6.783	-5.632	-3.461
-6.793	-5.652	-3.500
-6.814	-5.633	-3.409
-6.845	-5.652	-3.444
-6.841	-5.604	-3.449
-6.817	-5.612	-3.392
-6.817	-5.612	-3.429
-6.800	-5.593	-3.438
-6.804	-5.589	-3.407
-6.823	-5.622	-3.458
-6.824	-5.620	-3.459
-6.808	-5.596	-3.462
-6.799	-5.595	-3.461
-6.795	-5.592	-3.479
-6.770	-5.632	-3.478
-6.762	-5.585	-3.494
-6.782	-5.563	-3.507
-6.792	-5.563	-3.479
-6.783	-5.561	-3.486
-6.781	-5.589	-3.468
-6.774	-5.622	-3.482
-6.769	-5.600	-3.487
-6.782	-5.585	-3.512
-6.830	-5.612	-3.515
-6.809	-5.608	-3.556
-6.828	-5.608	-3.543
-6.813	-5.618	-3.548
-6.802	-5.621	-3.543
-6.780	-5.620	-3.542
-6.791	-5.609	-3.518
-6.758	-5.622	-3.568
-6.766	-5.597	-3.551
-6.779	-5.648	-3.561
-6.771	-5.633	-3.550
-6.763	-5.640	-3.564
-6.723	-5.620	-3.566
-6.719	-5.619	-3.579
-6.737	-5.604	-3.589
-6.689	-5.594	-3.592
-6.715	-5.561	-3.593
-6.689	-5.609	-3.570
-6.682	-5.594	-3.553
-6.688	-5.574	-3.620
-6.684	-5.579	-3.622
-6.675	-5.578	-3.610
-6.671	-5.601	-3.578
-6.682	-5.607	-3.622
-6.675	-5.597	-3.632
-6.676	-5.610	-3.659
-6.667	-5.591	-3.668
-6.652	-5.548	-3.670
-6.645	-5.535	-3.684
-6.659	-5.543	-3.697
-6.651	-5.498	-3.711
-6.656	-5.557	-3.695
-6.615	-5.564	-3.691
-6.632	-5.564	-3.670
-6.689	-5.583	-3.711
-6.696	-5.623	-3.709
-6.735	-5.646	-3.695
-6.759	-5.669	-3.690
-6.737	-5.685	-3.694
-6.744	-5.672	-3.680
-6.754	-5.728	-3.663
-6.735	-5.734	-3.663
-6.734	-5.756	-3.663
-6.715	-5.779	-3.632
-6.720	-5.755	-3.659
-6.742	-5.786	-3.664
-6.731	-5.806	-3.616
-6.692	-5.850	-3.664
-6.695	-5.877	-3.636
-6.657	-5.898	-3.602
-6.677	-5.927	-3.645
-6.670	-5.906	-3.635
-6.651	-5.938	-3.616
-6.641	-5.942	-3.564
-6.639	-5.914	-3.602
-6.657	-5.940	-3.575
-6.668	-5.921	-3.670
-6.649	-5.956	-3.644
-6.666	-5.939	-3.641
-6.644	-5.929	-3.629
-6.661	-5.947	-3.624
-6.660	-5.951	-3.588
-6.635	-5.932	-3.636
-6.624	-5.934	-3.620
-6.618	-5.935	-3.617
-6.610	-5.932	-3.605
-6.623	-5.952	-3.599
-6.592	-5.951	-3.556
-6.619	-5.960	-3.553
-6.693	-5.944	-3.536
-6.739	-5.943	-3.487
-6.785	-5.917	-3.555
-6.799	-5.905	-3.570
-6.813	-5.855	-3.548
-6.801	-5.860	-3.532
-6.782	-5.880	-3.522
-6.761	-5.871	-3.529
-6.750	-5.888	-3.477
-6.735	-5.862	-3.521
-6.726	-5.836	-3.522
-6.725	-5.851	-3.491
-6.714	-5.872	-3.488
-6.689	-5.854	-3.516
-6.663	-5.859	-3.489
-6.646	-5.811	-3.475
-6.632	-5.855	-3.386
-6.631	-5.825	-3.383
-6.634	-5.832	-3.462
-6.650	-5.857	-3.458
-6.618	-5.858	-3.488
-6.632	-5.830	-3.479
-6.614	-5.849	-3.467
-6.599	-5.843	-3.461
-6.603	-5.836	-3.449
-6.616	-5.846	-3.470
-6.623	-5.873	-3.467
-6.602	-5.880	-3.460
-6.609	-5.840	-3.459
-6.594	-5.849	-3.439
-6.575	-5.852	-3.453
-6.609	-5.856	-3.456
-6.610	-5.870	-3.397
-6.602	-5.894	-3.438
-6.591	-5.936	-3.446
-6.651	-5.914	-3.441
-6.678	-5.951	-3.424
-6.723	-5.966	-3.368
-6.731	-5.958	-3.413
-6.743	-5.926	-3.428
-6.760	-5.967	-3.429
-6.757	-5.994	-3.422
-6.753	-6.001	-3.440
-6.738	-5.989	-3.439
-6.706	-5.993	-3.471
-6.711	-5.946	-3.419
-6.702	-5.958	-3.481
-6.680	-6.002	-3.454
-6.672	-6.003	-3.452
-6.659	-6.030	-3.489
-6.656	-6.018	-3.451
-6.646	-6.000	-3.486
-6.653	-5.998	-3.453
-6.644	-6.011	-3.516
-6.638	-5.969	-3.467
-6.605	-5.991	-3.496
-6.608	-5.997	-3.468
-6.598	-6.001	-3.448
-6.608	-5.998	-3.416
-6.616	-6.018	-3.474
-6.588	-6.030	-3.475
-6.584	-6.030	-3.461
-6.591	-6.035	-3.515
-6.575	-6.046	-3.497
-6.566	-6.042	-3.492
-6.570	-6.047	-3.508
-6.571	-6.036	-3.478
-6.565	-6.043	-3.489
-6.569	-6.074	-3.505
-6.595	-6.085	-3.508
-6.606	-6.057	-3.516
-6.603	-6.068	-3.502
-6.644	-6.061	-3.507
-6.694	-6.031	-3.488
-6.717	-6.073	-3.495
-6.735	-6.058	-3.509
-6.733	-6.048	-3.506
-6.743	-6.058	-3.509
-6.732	-6.043	-3.538
-6.725	-6.046	-3.541
-6.722	-6.048	-3.549
-6.713	-6.044	-3.526
-6.702	-6.033	-3.524
-6.708	-6.048	-3.532
-6.697	-6.040	-3.546
-6.706	-6.019	-3.539
-6.690	-6.041	-3.549
-6.673	-6.045	-3.549
-6.675	-6.053	-3.510
-6.646	-6.060	-3.568
-6.633	-6.059	-3.563
-6.619	-6.056	-3.587
-6.606	-6.030	-3.565
-6.595	-6.013	-3.548
-6.585	-6.011	-3.560
-6.569	-6.038	-3.561
-6.546	-6.026	-3.568
-6.559	-6.041	-3.535
-6.569	-6.027	-3.546
-6.541	-6.023	-3.558
-6.566	-6.006	-3.537
-6.577	-6.006	-3.556
-6.578	-6.018	-3.590
-6.565	-6.010	-3.448
-6.566	-5.984	-3.495
-6.584	-5.981	-3.469
-6.580	-5.971	-3.474
-6.571	-5.969	-3.501
-6.561	-5.978	-3.528
-6.577	-5.988	-3.502
-6.606	-5.975	-3.505
-6.670	-5.962	-3.454
-6.681	-5.974	-3.551
-6.732	-5.961	-3.534
-6.730	-5.943	-3.516
-6.752	-5.951	-3.560
-6.739	-5.938	-3.519
-6.739	-5.918	-3.540
-6.763	-5.965	-3.548
-6.761	-5.952	-3.527
-6.754	-5.893	-3.521
-6.733	-5.950	-3.508
-6.728	-5.906	-3.532
-6.725	-5.958	-3.526
-6.699	-5.949	-3.498
-6.680	-5.946	-3.510
-6.676	-5.932	-3.456
-6.664	-5.922	-3.529
-6.639	-5.968	-3.524
-6.629	-5.955	-3.503
-6.629	-5.968	-3.490
-6.625	-5.961	-3.486
-6.588	-5.956	-3.482
-6.590	-5.937	-3.488
-6.598	-5.957	-3.468
-6.596	-5.961	-3.470
-6.585	-5.966	-3.471
-6.611	-5.950	-3.456
-6.607	-5.944	-3.485
-6.589	-5.923	-3.502
-6.583	-5.928	-3.465
-6.575	-5.904	-3.509
-6.571	-5.917	-3.472
-6.585	-5.917	-3.454
-6.594	-5.851	-3.476
-6.572	-5.923	-3.481
-6.584	-5.889	-3.493
-6.577	-5.895	-3.524
-6.591	-5.905	-3.499
-6.597	-5.939	-3.517
-6.610	-5.937	-3.481
-6.658	-5.895	-3.484
-6.700	-5.947	-3.429
-6.730	-5.910	-3.463
-6.755	-5.895	-3.474
-6.743	-5.927	-3.506
-6.751	-5.890	-3.470
-6.741	-5.888	-3.441
-6.722	-5.923	-3.482
-6.712	-5.893	-3.460
-6.704	-5.914	-3.505
-6.656	-5.925	-3.495
-6.675	-5.943	-3.513
-6.705	-5.943	-3.484
-6.669	-5.934	-3.501
-6.659	-5.946	-3.449
-6.644	-5.949	-3.459
-6.633	-5.956	-3.475
-6.640	-5.955	-3.494
-6.617	-5.942	-3.506
-6.626	-5.932	-3.488
-6.595	-5.942	-3.478
-6.578	-5.961	-3.511
-6.589	-5.984	-3.480
-6.601	-6.018	-3.548
-6.608	-6.032	-3.521
-6.618	-6.042	-3.558
-6.557	-6.069	-3.495
-6.564	-6.080	-3.497
-6.555	-6.079	-3.490
-6.545	-6.078	-3.490
-6.545	-6.060	-3.478
-6.513	-6.050	-3.533
-6.502	-6.051	-3.526
-6.506	-6.092	-3.491
-6.518	-6.056	-3.538
-6.559	-6.102	-3.526
-6.565	-6.087	-3.491
-6.559	-6.117	-3.514
-6.562	-6.142	-3.490
-6.570	-6.149	-3.499
-6.557	-6.139	-3.501
-6.568	-6.150	-3.459
-6.630	-6.149	-3.509
-6.663	-6.184	-3.514
-6.701	-6.182	-3.494
-6.698	-6.164	-3.523
-6.718	-6.179	-3.493
-6.707	-6.166	-3.509
-6.703	-6.139	-3.501
-6.685	-6.141	-3.531
-6.690	-6.141	-3.524
-6.687	-6.135	-3.513
-6.693	-6.143	-3.482
-6.689	-6.135	-3.506
-6.672	-6.148	-3.481
-6.664	-6.130	-3.484
-6.656	-6.128	-3.499
-6.644	-6.128	-3.507
-6.645	-6.168	-3.498
-6.635	-6.144	-3.508
-6.605	-6.160	-3.489
-6.566	-6.148	-3.509
-6.551	-6.145	-3.501
-6.550	-6.129	-3.492
-6.547	-6.157	-3.504
-6.549	-6.136	-3.521
-6.537	-6.122	-3.499
-6.502	-6.106	-3.491
-6.533	-6.108	-3.498
-6.519	-6.106	-3.489
-6.511	-6.113	-3.491
-6.535	-6.098	-3.509
-6.520	-6.081	-3.500
-6.526	-6.093	-3.497
-6.512	-6.079	-3.506
-6.509	-6.085	-3.429
-6.497	-6.062	-3.518
-6.536	-6.063	-3.545
-6.537	-6.055	-3.495
-6.515	-6.032	-3.481
-6.517	-6.023	-3.498
-6.513	-6.016	-3.497
-6.517	-6.011	-3.497
-6.522	-6.019	-3.506
-6.608	-5.981	-3.536
-6.684	-6.011	-3.528
-6.699	-6.022	-3.508
-6.729	-5.994	-3.510
-6.711	-6.006	-3.494
-6.725	-5.997	-3.483
-6.728	-6.014	-3.499
-6.720	-6.018	-3.474
-6.656	-5.972	-3.527
-6.678	-6.014	-3.531
-6.683	-6.020	-3.514
-6.665	-6.005	-3.490
-6.671	-6.032	-3.531
-6.630	-6.042	-3.516
-6.629	-6.022	-3.532
-6.620	-6.044	-3.495
-6.604	-6.059	-3.518
-6.608	-6.061	-3.538
-6.592	-6.029	-3.548
-6.556	-6.069	-3.566
-6.554	-6.083	-3.562
-6.542	-6.059	-3.520
-6.565	-6.078	-3.526
-6.548	-6.041	-3.510
-6.545	-6.056	-3.537
-6.518	-6.034	-3.527
-6.549	-6.038	-3.518
-6.540	-6.029	-3.549
-6.527	-6.045	-3.560
-6.542	-6.057	-3.536
-6.525	-6.056	-3.566
-6.524	-6.055	-3.564
-6.509	-6.070	-3.564
-6.502	-6.053	-3.578
-6.523	-6.056	-3.536
-6.526	-6.008	-3.549
-6.550	-6.003	-3.579
-6.540	-5.983	-3.561
-6.538	-5.983	-3.576
-6.542	-5.962	-3.547
-6.538	-5.965	-3.550
-6.547	-5.965	-3.547
-6.632	-5.895	-3.577
-6.674	-5.909	-3.586
-6.691	-5.907	-3.603
-6.713	-5.935	-3.567
-6.721	-5.925	-3.566
-6.736	-5.953	-3.578
-6.730	-5.973	-3.567
-6.742	-5.950	-3.545
-6.703	-5.950	-3.555
-6.700	-5.952	-3.529
-6.659	-5.942	-3.553
-6.663	-5.915	-3.544
-6.664	-5.924	-3.526
-6.697	-5.940	-3.554
-6.653	-5.915	-3.538
-6.654	-5.893	-3.520
-6.648	-5.892	-3.476
-6.648	-5.902	-3.523
-6.625	-5.863	-3.508
-6.631	-5.893	-3.512
-6.600	-5.901	-3.471
-6.606	-5.866	-3.496
-6.589	-5.883	-3.453
-6.590	-5.871	-3.465
-6.591	-5.865	-3.480
-6.589	-5.872	-3.498
-6.561	-5.868	-3.475
-6.564	-5.892	-3.488
-6.559	-5.923	-3.508
-6.537	-5.927	-3.475
-6.587	-5.923	-3.528
-6.571	-5.898	-3.480
-6.576	-5.950	-3.477
-6.565	-5.949	-3.509
-6.578	-5.923	-3.506
-6.563	-5.924	-3.497
-6.589	-5.940	-3.501
-6.585	-5.945	-3.532
