0.319	0.152	-0.433
0.326	0.158	-0.363
0.306	0.119	-0.429
0.209	0.057	-0.516
0.051	-0.107	-0.716
0.061	-0.103	-0.644
0.120	-0.074	-0.496
0.129	-0.082	-0.487
0.132	-0.090	-0.450
0.036	-0.219	-0.606
-0.020	-0.212	-0.567
-0.044	-0.237	-0.637
0.024	-0.162	-0.511
0.000	-0.267	-0.758
0.003	-0.264	-0.793
-0.034	-0.230	-0.690
0.030	-0.086	-0.361
0.068	0.005	-0.354
0.153	0.050	-0.234
0.224	0.065	-0.313
0.192	0.024	-0.397
0.191	0.033	-0.413
0.023	-0.191	-0.622
-0.137	-0.314	-0.712
-0.259	-0.496	-1.036
-0.261	-0.529	-1.382
-0.412	-0.713	-1.669
-0.394	-0.655	-1.536
-0.356	-0.662	-1.399
-0.220	-0.432	-0.763
-0.219	-0.411	-0.710
-0.175	-0.277	-0.575
0.015	-0.111	-0.447
-0.132	-0.327	-0.888
-0.099	-0.374	-1.310
-0.157	-0.465	-1.594
-0.052	-0.225	-0.858
-0.258	-0.512	-1.428
-0.340	-0.684	-1.521
-0.048	-0.240	-0.701
-0.070	-0.227	-0.844
-0.036	-0.151	-0.778
-0.046	-0.062	-0.552
-0.027	0.016	-0.403
0.003	-0.078	-0.575
0.040	0.006	-0.470
-0.025	-0.126	-0.565
-0.024	-0.120	-0.504
0.053	0.070	-0.349
-0.185	-0.226	-0.695
-0.184	-0.222	-0.625
-0.192	-0.291	-0.729
-0.170	-0.231	-0.593
-0.231	-0.311	-0.732
-0.231	-0.234	-0.626
-0.124	-0.026	-0.352
-0.160	-0.223	-0.642
-0.126	-0.150	-0.491
-0.123	-0.192	-0.514
-0.122	-0.110	-0.375
-0.128	-0.111	-0.437
-0.096	-0.065	-0.416
-0.165	-0.193	-0.601
-0.144	-0.171	-0.561
-0.005	0.065	-0.228
-0.086	-0.066	-0.411
-0.118	-0.024	-0.337
-0.105	-0.015	-0.359
-0.068	0.039	-0.255
-0.099	-0.066	-0.402
-0.047	0.027	-0.284
-0.129	-0.071	-0.418
-0.126	0.012	-0.212
-0.013	0.048	-0.323
-0.122	-0.070	-0.311
-0.117	-0.058	-0.283
-0.094	-0.076	-0.353
-0.033	0.089	-0.041
-0.051	0.039	-0.143
-0.020	0.057	-0.112
0.003	0.080	-0.051
-0.018	-0.027	-0.240
-0.015	0.034	-0.175
-0.078	-0.004	-0.207
-0.042	0.063	-0.086
-0.074	-0.040	-0.241
-0.003	0.070	-0.075
-0.021	-0.027	-0.238
-0.033	0.032	-0.155
-0.041	0.036	-0.163
-0.034	-0.000	-0.187
-0.019	-0.051	-0.246
-0.082	-0.127	-0.315
-0.110	-0.043	-0.184
-0.166	-0.111	-0.303
-0.118	0.003	-0.117
-0.185	-0.147	-0.299
-0.186	-0.179	-0.293
-0.213	-0.267	-0.458
-0.191	-0.210	-0.354
-0.185	-0.171	-0.339
-0.138	-0.077	-0.270
-0.007	-0.062	-0.382
-0.076	-0.102	-0.295
-0.066	-0.127	-0.338
-0.072	-0.120	-0.318
-0.089	-0.073	-0.201
-0.141	-0.124	-0.304
-0.116	-0.076	-0.186
-0.112	-0.120	-0.257
-0.051	0.003	-0.060
-0.072	-0.063	-0.188
-0.039	0.032	-0.069
-0.073	0.013	-0.045
-0.097	-0.041	-0.084
0.037	0.047	-0.130
-0.153	-0.168	-0.252
-0.143	-0.179	-0.277
-0.096	-0.130	-0.274
-0.070	-0.018	-0.075
-0.100	-0.069	-0.073
0.025	0.114	0.181
-0.031	0.036	0.039
-0.020	0.055	0.087
0.009	0.032	0.039
0.053	0.056	0.099
-0.008	-0.029	-0.052
-0.045	-0.080	-0.119
-0.003	0.058	0.063
-0.152	-0.131	-0.143
-0.135	-0.083	-0.098
-0.109	-0.079	-0.086
-0.113	-0.062	-0.062
-0.157	-0.145	-0.146
-0.164	-0.126	-0.019
-0.214	-0.253	-0.282
-0.196	-0.167	-0.182
-0.207	-0.233	-0.242
-0.188	-0.241	-0.239
-0.008	-0.139	-0.281
-0.025	-0.114	-0.178
0.007	-0.095	-0.205
-0.067	-0.156	-0.170
-0.086	-0.156	-0.215
-0.145	-0.128	-0.145
-0.160	-0.088	-0.090
-0.181	-0.181	-0.211
-0.207	-0.185	-0.232
-0.232	-0.301	-0.448
-0.189	-0.229	-0.316
-0.148	-0.198	-0.352
-0.013	0.047	0.048
-0.044	0.010	0.080
-0.024	0.034	0.131
-0.049	-0.017	0.003
-0.044	-0.056	-0.018
0.085	0.135	0.229
-0.013	-0.060	0.052
0.039	0.020	0.066
0.063	0.053	0.136
0.107	0.154	0.306
0.058	0.054	0.147
0.120	0.143	0.309
0.151	0.091	0.183
0.228	0.187	0.336
0.174	0.142	0.250
0.130	0.176	0.377
0.053	0.073	0.213
0.096	0.148	0.306
0.002	-0.042	0.086
0.022	-0.021	0.093
-0.059	-0.096	0.080
-0.101	-0.104	0.024
-0.104	-0.102	0.005
-0.067	-0.016	0.086
-0.058	-0.017	0.117
-0.023	-0.014	0.116
0.117	0.193	0.270
-0.091	-0.125	-0.105
0.014	-0.102	-0.205
-0.132	-0.166	-0.147
-0.125	-0.157	-0.166
-0.191	-0.204	-0.211
-0.166	-0.147	-0.144
-0.193	-0.268	-0.276
-0.168	-0.207	-0.149
-0.133	-0.224	-0.270
-0.055	-0.071	-0.025
-0.082	-0.158	-0.234
-0.019	-0.026	-0.070
-0.056	-0.057	-0.120
-0.038	-0.042	-0.109
0.172	0.225	0.139
-0.003	-0.011	-0.105
-0.046	-0.093	-0.183
-0.076	-0.091	-0.163
-0.053	0.013	0.008
-0.015	0.051	0.027
0.050	0.176	0.239
0.083	0.104	0.066
0.224	0.287	0.288
0.132	0.126	0.181
0.142	0.113	0.111
0.107	0.078	0.133
0.108	0.102	0.173
0.132	0.118	0.228
0.129	0.055	0.101
0.166	0.062	0.036
0.108	0.061	0.158
0.063	0.046	0.151
0.029	-0.015	0.009
0.040	0.077	0.152
0.012	0.023	0.122
0.098	0.139	0.296
0.086	0.093	0.208
0.021	-0.021	0.048
0.161	0.096	0.025
-0.028	-0.044	-0.014
-0.000	0.001	0.068
0.018	-0.044	0.004
0.049	0.046	0.155
-0.013	-0.119	-0.078
-0.007	-0.119	-0.075
0.046	0.036	0.173
-0.002	-0.110	-0.061
0.030	-0.021	0.020
0.002	-0.096	-0.145
0.035	-0.081	-0.076
0.009	-0.098	-0.049
-0.041	-0.157	-0.108
-0.083	-0.220	-0.225
-0.110	-0.219	-0.220
-0.105	-0.187	-0.156
0.053	-0.045	-0.181
0.000	0.002	-0.035
-0.041	-0.019	-0.048
-0.050	-0.077	-0.157
-0.037	-0.044	-0.064
-0.116	-0.165	-0.180
-0.090	-0.055	-0.090
-0.194	-0.108	-0.240
-0.172	-0.007	-0.103
-0.243	-0.173	-0.280
-0.135	-0.060	-0.143
-0.085	-0.063	-0.202
-0.054	-0.031	-0.124
-0.095	-0.033	-0.029
-0.040	0.021	0.052
0.035	0.069	0.089
0.061	0.050	-0.019
0.104	0.273	0.049
0.084	0.193	-0.041
0.124	0.356	0.233
0.089	0.268	0.026
0.113	0.372	0.025
0.076	0.218	-0.094
0.067	0.202	-0.196
0.044	0.059	-0.364
-0.044	0.088	-0.247
-0.045	0.062	-0.135
-0.047	-0.078	-0.206
-0.041	-0.015	-0.152
-0.079	-0.230	-0.334
0.037	0.037	-0.017
-0.027	-0.130	-0.095
0.028	-0.124	-0.073
0.014	-0.177	-0.170
0.030	-0.222	-0.312
0.075	-0.123	-0.147
0.157	-0.032	0.184
0.050	-0.245	0.354
-0.180	-0.712	-0.390
-0.204	-0.733	-0.632
0.124	-0.213	0.055
0.171	-0.107	0.069
-0.107	-0.391	-0.374
-0.250	-0.577	-0.668
-0.239	-0.580	-0.662
-0.141	-0.500	-0.580
-0.059	-0.460	-0.414
-0.018	-0.449	-0.362
0.043	-0.400	-0.310
0.009	-0.385	-0.316
-0.084	-0.342	-0.319
-0.300	-0.424	-0.500
-0.426	-0.333	-0.227
-0.381	-0.090	0.059
-0.439	-0.208	-0.212
-0.543	-0.441	-0.517
-0.398	-0.348	-0.230
-0.170	0.119	0.574
-0.183	0.075	0.289
-0.175	0.019	0.080
-0.389	0.027	-0.024
-0.666	-0.219	-0.270
-0.673	-0.185	-0.219
-0.605	-0.117	-0.023
-0.445	-0.040	0.174
-0.326	-0.101	0.205
-0.268	-0.210	0.357
-0.254	-0.204	0.303
-0.207	-0.056	0.439
-0.220	-0.097	0.271
-0.310	-0.036	0.211
-0.406	-0.156	0.060
-0.339	-0.162	0.088
-0.279	-0.167	0.114
-0.187	-0.126	0.257
-0.106	-0.131	0.205
-0.068	-0.106	0.252
0.013	-0.047	0.286
-0.015	-0.086	0.194
-0.036	-0.064	0.197
-0.045	-0.058	0.104
-0.123	0.040	0.122
-0.446	-0.294	-0.226
-0.434	-0.253	-0.205
-0.425	-0.309	-0.345
-0.319	-0.231	-0.163
-0.062	0.040	0.263
-0.055	-0.006	0.179
-0.050	0.012	0.201
-0.045	0.001	0.171
-0.053	0.114	0.270
-0.078	0.111	0.166
-0.048	0.224	0.330
-0.046	0.201	0.208
0.062	0.346	0.331
0.051	0.246	0.183
0.079	0.241	0.187
0.070	0.233	0.143
0.091	0.293	0.213
0.028	0.288	0.190
0.027	0.285	0.217
0.114	0.315	0.143
-0.045	0.249	0.188
-0.030	0.211	0.073
0.006	0.475	0.062
-0.023	0.594	0.042
-0.098	0.507	-0.060
0.015	0.738	0.265
0.032	0.642	0.214
0.130	0.673	0.310
0.130	0.530	0.096
0.119	0.389	-0.146
0.201	0.515	0.086
0.143	0.399	-0.060
0.207	0.449	-0.155
0.131	0.395	-0.155
0.104	0.401	-0.131
0.064	0.345	-0.132
0.119	0.388	0.046
0.092	0.248	-0.104
0.118	0.215	-0.063
0.132	0.123	-0.151
0.185	0.213	-0.029
0.204	0.284	0.025
0.268	0.336	0.024
0.322	0.310	0.019
0.357	0.340	0.083
0.353	0.270	0.090
0.404	0.288	0.074
0.408	0.335	0.161
0.374	0.275	0.084
0.392	0.346	0.206
0.388	0.322	0.141
0.453	0.416	0.289
0.405	0.326	0.095
0.388	0.248	0.040
0.458	0.377	0.329
0.434	0.273	0.201
0.459	0.278	0.123
0.461	0.297	0.121
0.428	0.349	0.153
0.350	0.275	0.023
0.345	0.358	0.152
0.247	0.222	-0.022
0.301	0.301	0.122
0.130	0.142	-0.104
-0.077	-0.058	-0.286
-0.172	-0.178	-0.422
-0.101	-0.123	-0.309
-0.058	-0.083	-0.250
-0.014	-0.036	-0.139
0.172	0.167	-0.031
0.013	-0.066	-0.160
-0.004	-0.100	-0.180
-0.028	-0.106	-0.208
-0.139	-0.194	-0.342
-0.273	-0.332	-0.477
-0.316	-0.281	-0.341
-0.403	-0.406	-0.480
-0.357	-0.371	-0.392
-0.360	-0.458	-0.457
-0.306	-0.424	-0.406
-0.243	-0.411	-0.396
-0.143	-0.330	-0.291
0.080	-0.202	-0.154
0.007	-0.270	-0.113
0.090	-0.180	-0.001
0.126	-0.134	-0.035
0.162	-0.125	-0.070
0.198	-0.073	-0.016
0.268	0.043	0.176
0.269	-0.040	0.103
0.265	-0.019	0.143
0.256	-0.012	0.177
0.319	0.037	0.227
0.440	0.122	0.148
0.358	0.090	0.185
0.384	0.153	0.300
0.393	0.113	0.313
0.383	0.180	0.419
0.341	0.063	0.212
0.398	0.196	0.399
0.285	-0.017	0.138
0.278	0.069	0.211
0.242	0.042	0.187
0.156	-0.121	0.116
0.092	-0.189	0.023
0.102	-0.134	0.094
0.218	0.061	0.216
0.066	-0.101	-0.010
0.129	-0.038	0.007
0.138	-0.046	0.022
0.151	0.029	0.099
0.146	-0.024	0.083
0.145	0.064	0.233
0.065	-0.100	0.009
0.019	-0.230	-0.165
-0.002	-0.280	-0.141
0.019	-0.202	-0.012
0.202	-0.021	0.019
0.042	-0.184	-0.110
0.053	-0.197	-0.153
0.061	-0.223	-0.164
0.051	-0.202	-0.057
0.061	-0.239	-0.127
0.077	-0.130	0.032
0.109	-0.135	-0.086
0.220	0.063	0.081
0.182	-0.018	-0.018
0.201	0.002	0.039
0.185	-0.048	-0.030
0.247	0.002	0.033
0.287	0.150	0.153
0.337	0.203	0.136
0.412	0.268	0.259
0.337	0.174	0.233
0.355	0.174	0.286
0.438	0.371	0.613
0.330	0.277	0.416
0.267	0.175	0.267
0.317	0.215	0.342
0.213	0.092	0.192
0.242	0.175	0.249
0.364	0.432	0.527
0.257	0.192	0.280
0.235	0.160	0.221
0.223	0.158	0.213
0.204	0.146	0.189
0.166	0.089	0.140
0.201	0.151	0.259
0.114	0.026	0.144
0.081	0.053	0.218
-0.004	-0.108	-0.044
0.020	-0.048	-0.005
-0.026	-0.114	-0.076
-0.012	-0.094	-0.060
0.027	-0.046	-0.009
0.031	0.002	-0.021
0.026	-0.024	-0.132
-0.001	-0.052	-0.147
0.012	-0.048	-0.077
-0.043	-0.161	-0.190
-0.001	-0.054	-0.037
-0.019	-0.108	-0.191
0.067	0.044	-0.025
0.052	-0.013	-0.099
0.069	-0.014	-0.060
0.147	0.139	0.173
0.112	-0.020	-0.085
0.132	0.016	-0.094
0.103	0.008	-0.113
0.131	0.039	-0.072
0.130	-0.011	-0.155
0.161	0.049	-0.027
0.109	-0.065	-0.219
0.159	0.100	-0.046
0.111	0.040	-0.131
0.089	-0.023	-0.164
0.086	-0.116	-0.443
0.055	-0.135	-0.353
0.062	-0.076	-0.244
0.091	0.012	-0.197
0.157	0.122	-0.109
0.102	0.021	-0.229
0.064	-0.044	-0.217
0.132	-0.047	-0.399
-0.003	-0.102	-0.284
-0.036	-0.091	-0.258
-0.053	-0.106	-0.251
-0.015	-0.004	-0.108
-0.114	-0.185	-0.346
-0.072	-0.150	-0.296
0.089	0.063	-0.122
-0.097	-0.210	-0.408
-0.096	-0.141	-0.317
-0.124	-0.175	-0.353
-0.094	-0.126	-0.253
-0.164	-0.285	-0.481
-0.096	-0.213	-0.391
-0.172	-0.291	-0.426
-0.164	-0.235	-0.407
-0.032	-0.016	-0.278
-0.161	-0.212	-0.438
-0.172	-0.238	-0.418
-0.148	-0.229	-0.367
-0.108	-0.114	-0.169
-0.168	-0.221	-0.426
-0.121	-0.138	-0.333
-0.188	-0.181	-0.345
-0.169	-0.178	-0.284
-0.137	-0.174	-0.267
-0.062	-0.116	-0.197
0.046	-0.037	-0.272
-0.053	-0.046	-0.210
-0.047	0.043	-0.127
-0.038	-0.004	-0.180
-0.048	-0.007	-0.118
-0.061	-0.064	-0.204
-0.008	0.066	0.003
-0.018	0.067	-0.066
0.053	0.181	0.104
0.008	0.113	0.028
0.011	0.104	0.031
0.482	0.426	0.209
0.043	0.092	-0.004
-0.016	0.059	-0.071
-0.066	-0.028	-0.204
0.009	0.119	-0.016
-0.037	0.065	0.048
-0.097	0.078	0.092
-0.082	0.140	0.182
0.015	0.286	0.437
-0.045	0.180	0.249
0.016	0.303	0.387
-0.019	0.200	0.234
0.024	0.234	0.347
0.029	0.242	0.409
-0.039	0.137	0.271
-0.076	-0.003	0.018
-0.109	0.072	0.179
-0.137	0.079	0.184
-0.195	-0.012	0.019
-0.325	-0.236	-0.315
-0.291	-0.329	-0.436
-0.234	-0.182	-0.149
-0.148	-0.072	0.025
-0.102	0.056	0.198
-0.175	-0.083	-0.022
-0.121	-0.060	-0.000
0.034	0.114	0.115
-0.157	-0.124	-0.058
-0.071	-0.046	0.062
-0.009	0.002	0.049
-0.113	-0.001	0.084
-0.207	-0.206	-0.289
-0.203	-0.180	-0.377
-0.304	-0.398	-0.619
-0.251	-0.222	-0.281
-0.224	-0.195	-0.193
-0.216	-0.204	-0.262
-0.190	-0.213	-0.446
-0.184	-0.165	-0.314
-0.026	-0.010	-0.085
-0.014	-0.056	-0.197
-0.013	-0.016	-0.114
-0.198	-0.141	-0.290
-0.180	-0.032	-0.133
-0.209	-0.073	-0.186
-0.144	0.013	-0.055
-0.183	-0.103	-0.185
-0.192	-0.112	-0.174
-0.223	-0.144	-0.237
-0.222	-0.121	-0.235
-0.214	-0.154	-0.331
-0.212	-0.159	-0.247
-0.210	-0.146	-0.194
-0.267	-0.254	-0.266
-0.141	-0.101	-0.007
-0.200	-0.189	-0.161
-0.205	-0.171	-0.164
-0.259	-0.209	-0.178
-0.301	-0.291	-0.253
-0.327	-0.321	-0.283
-0.329	-0.337	-0.260
-0.284	-0.238	-0.211
-0.287	-0.218	-0.213
-0.176	-0.054	0.021
-0.195	-0.169	-0.100
-0.088	-0.098	0.023
-0.059	-0.014	0.007
-0.193	-0.224	-0.216
-0.184	-0.193	-0.194
-0.202	-0.228	-0.251
0.127	0.092	0.168
0.124	0.047	0.147
-0.203	-0.210	-0.100
-0.212	-0.222	-0.158
-0.186	-0.157	-0.180
-0.151	-0.108	-0.123
-0.109	-0.100	-0.024
-0.008	0.007	0.146
-0.037	-0.069	0.048
0.024	0.065	0.223
0.045	0.045	0.096
-0.065	-0.011	0.033
0.090	0.110	0.086
0.012	0.010	0.090
0.033	0.028	0.109
-0.034	-0.022	0.056
-0.094	-0.028	0.024
-0.026	0.013	0.063
0.031	0.150	0.238
0.117	0.121	0.223
0.037	0.039	0.136
-0.001	0.093	0.238
-0.111	-0.076	-0.024
-0.123	-0.071	-0.074
-0.169	-0.109	-0.049
-0.127	-0.009	0.109
-0.104	-0.099	0.030
-0.136	-0.083	0.031
-0.177	-0.121	0.010
-0.126	-0.063	0.152
-0.040	-0.030	0.008
-0.130	-0.061	0.111
-0.108	-0.106	0.101
-0.085	-0.139	0.024
0.078	0.174	0.517
0.078	0.165	0.458
0.038	0.126	0.392
-0.001	0.076	0.333
0.017	0.203	0.538
0.039	0.153	0.371
0.249	0.283	0.608
0.425	0.367	0.579
0.296	0.298	0.533
0.384	0.424	0.663
0.177	0.266	0.482
-0.050	0.071	0.145
0.124	0.017	0.010
-0.107	-0.126	-0.016
-0.091	-0.058	0.084
-0.064	0.035	0.232
-0.071	0.025	0.135
-0.047	0.083	0.142
-0.071	0.016	0.059
-0.025	0.038	0.068
0.088	0.167	0.279
0.103	0.104	0.149
0.559	0.528	0.639
0.055	0.221	0.400
0.017	0.110	0.115
0.238	0.232	0.210
0.187	0.224	0.246
0.429	0.315	0.326
0.373	0.285	0.231
-0.040	0.058	0.066
-0.158	-0.024	-0.060
0.004	0.201	0.177
-0.163	-0.052	-0.046
-0.213	-0.239	-0.374
-0.244	-0.274	-0.341
-0.255	-0.314	-0.392
-0.282	-0.295	-0.363
-0.272	-0.223	-0.250
-0.251	-0.212	-0.289
-0.216	-0.160	-0.192
-0.074	-0.118	-0.080
-0.046	-0.074	0.011
-0.114	-0.144	-0.161
-0.048	0.054	0.147
-0.072	-0.036	-0.015
-0.091	-0.127	-0.152
0.134	0.189	0.183
-0.160	-0.188	-0.254
-0.125	-0.144	-0.257
-0.154	-0.155	-0.236
-0.133	-0.067	-0.144
0.253	0.164	0.080
-0.078	-0.075	-0.150
-0.069	-0.096	-0.177
0.078	0.066	0.071
0.446	0.245	0.181
0.066	0.094	0.141
-0.024	-0.070	-0.123
0.053	0.028	0.002
0.090	0.000	0.082
0.088	0.104	0.129
0.030	0.098	0.083
-0.056	0.058	-0.015
-0.007	0.052	-0.180
-0.046	0.076	-0.028
-0.022	0.115	0.030
-0.047	0.041	-0.053
0.219	0.250	0.160
0.229	0.271	0.156
-0.043	0.141	0.044
-0.091	0.073	-0.059
-0.105	0.034	-0.102
-0.135	-0.040	-0.186
-0.152	-0.070	-0.201
-0.025	0.034	-0.304
-0.174	-0.063	-0.261
-0.187	-0.086	-0.279
-0.168	-0.055	-0.203
-0.123	0.047	-0.038
-0.108	0.022	-0.082
-0.055	0.109	0.108
-0.095	-0.011	-0.116
-0.089	-0.004	-0.110
-0.122	-0.029	-0.177
-0.152	-0.042	-0.198
-0.141	-0.023	-0.153
-0.164	-0.045	-0.075
-0.201	-0.083	-0.122
-0.227	-0.155	-0.198
-0.234	-0.088	-0.078
-0.219	-0.106	-0.163
-0.113	0.074	-0.032
-0.149	-0.012	-0.171
-0.091	0.051	-0.099
-0.012	0.162	0.080
-0.030	0.014	-0.107
0.148	0.155	-0.100
0.041	0.095	0.017
0.067	0.130	-0.010
0.037	0.141	0.012
0.063	0.186	0.092
-0.007	0.063	0.007
0.123	0.213	0.280
0.261	0.252	0.281
0.053	0.159	0.147
-0.012	0.030	-0.067
-0.001	0.028	-0.057
0.058	0.142	0.187
0.081	0.091	0.138
0.128	0.129	0.118
0.075	0.082	0.053
0.086	0.148	0.166
0.008	0.039	-0.048
0.033	0.070	0.072
-0.052	-0.067	-0.153
-0.087	-0.115	-0.167
-0.046	-0.069	-0.135
-0.036	-0.049	-0.111
0.035	-0.032	-0.212
-0.019	-0.104	-0.120
-0.082	-0.168	-0.155
-0.094	-0.258	-0.205
-0.091	-0.109	-0.098
-0.105	-0.141	-0.146
-0.039	-0.043	-0.048
-0.079	-0.066	-0.036
0.025	0.051	0.131
0.146	0.219	0.289
0.010	-0.043	0.003
0.010	-0.003	0.001
-0.020	-0.031	-0.067
0.021	0.039	0.105
-0.015	-0.094	-0.065
-0.005	-0.061	0.027
-0.131	-0.229	-0.185
-0.137	-0.231	-0.209
-0.131	-0.207	-0.224
-0.074	-0.132	-0.186
0.008	-0.057	-0.142
0.081	0.043	0.128
0.207	0.167	0.369
0.125	0.064	0.198
0.084	0.049	0.160
0.099	0.019	0.065
0.128	0.130	0.192
0.080	0.080	0.121
0.112	0.076	0.190
0.048	-0.029	0.060
0.083	0.045	0.158
0.038	0.044	0.155
0.057	0.067	0.200
0.142	0.220	0.356
0.142	0.006	0.144
0.135	0.041	0.209
0.160	-0.005	0.167
0.217	0.044	0.272
0.157	-0.043	0.127
0.169	0.021	0.207
0.219	0.040	0.155
0.132	0.000	0.208
-0.137	-0.258	-0.064
-0.131	-0.241	-0.056
-0.155	-0.351	-0.222
-0.127	-0.259	-0.119
-0.017	-0.179	-0.101
-0.064	-0.201	0.047
-0.035	-0.237	0.008
-0.056	-0.400	-0.345
-0.089	-0.421	-0.285
-0.134	-0.467	-0.351
-0.133	-0.350	-0.176
-0.158	-0.415	-0.334
-0.084	-0.276	-0.261
-0.082	-0.183	-0.214
-0.069	-0.148	-0.128
-0.050	-0.126	-0.090
-0.089	-0.187	-0.125
-0.076	-0.181	0.019
-0.097	-0.254	-0.087
-0.069	-0.197	0.001
-0.074	-0.228	-0.063
0.023	-0.092	0.054
0.079	-0.042	-0.050
0.030	-0.058	0.035
0.022	-0.046	0.098
0.012	-0.105	-0.005
0.054	-0.045	0.125
0.067	-0.040	0.123
0.082	0.058	0.222
0.018	-0.021	0.064
0.029	-0.007	0.109
0.234	0.204	0.282
0.059	-0.012	0.130
0.083	0.026	0.150
0.023	-0.046	0.045
0.059	0.043	0.130
0.046	0.003	0.031
0.092	0.128	0.201
0.065	0.017	0.076
0.035	0.008	0.086
0.024	0.023	0.094
-0.017	-0.009	-0.001
-0.047	-0.016	-0.007
-0.083	-0.079	-0.050
-0.015	0.045	0.109
-0.046	-0.079	-0.069
-0.048	-0.093	-0.065
-0.083	-0.040	-0.045
-0.084	0.063	-0.027
-0.156	-0.032	-0.151
-0.189	-0.113	-0.175
-0.142	-0.042	0.015
-0.120	-0.070	-0.049
-0.083	-0.006	-0.066
-0.070	0.026	-0.051
-0.071	-0.039	-0.148
-0.066	-0.056	-0.091
-0.071	-0.086	-0.126
-0.024	0.001	-0.028
-0.056	-0.078	-0.290
-0.090	-0.053	-0.237
0.029	0.076	-0.160
-0.105	-0.057	-0.119
-0.062	-0.021	-0.081
0.005	0.045	-0.056
0.013	0.173	0.137
0.004	0.098	-0.017
0.018	0.062	-0.071
0.061	0.172	-0.025
0.097	0.202	0.047
0.192	0.368	0.217
0.092	0.211	-0.061
0.113	0.241	-0.004
0.068	0.179	-0.023
0.073	0.221	0.034
0.080	0.168	-0.051
0.141	0.309	0.123
0.146	0.280	0.042
0.241	0.392	0.210
0.148	0.239	0.018
0.154	0.254	0.064
0.202	0.363	0.254
0.062	0.160	-0.069
0.032	0.168	-0.065
-0.013	0.143	-0.059
-0.040	0.146	0.036
-0.101	0.034	-0.105
-0.095	0.078	0.017
-0.131	-0.049	-0.155
-0.094	0.025	-0.146
-0.135	-0.048	-0.223
-0.103	-0.102	-0.241
-0.053	-0.028	-0.219
-0.014	0.060	-0.006
-0.012	0.128	0.144
-0.043	0.043	0.037
-0.028	0.117	0.095
-0.040	0.063	-0.033
0.013	0.106	0.117
-0.041	0.045	0.062
-0.035	0.033	0.016
0.025	0.161	0.137
0.029	0.121	0.118
0.063	0.136	0.178
0.047	0.049	0.104
0.099	0.117	0.236
0.125	0.095	0.235
0.164	0.204	0.417
0.084	0.049	0.201
0.082	0.034	0.258
0.067	0.007	0.264
0.029	-0.052	0.216
0.176	0.141	0.321
0.050	0.022	0.248
0.098	0.051	0.260
0.143	0.074	0.298
0.214	0.155	0.364
0.204	0.122	0.301
0.232	0.233	0.427
0.185	0.194	0.317
0.195	0.283	0.457
0.084	0.144	0.283
0.066	0.119	0.281
0.046	0.054	0.211
0.049	0.060	0.206
0.110	0.216	0.387
-0.031	-0.017	0.127
-0.053	-0.034	0.117
-0.105	-0.078	0.055
-0.115	-0.116	0.053
-0.153	-0.194	-0.076
-0.125	-0.119	0.052
-0.143	-0.146	-0.004
-0.028	-0.008	0.132
-0.081	-0.109	0.004
-0.070	-0.118	0.034
0.083	0.095	0.248
-0.051	-0.164	-0.070
-0.064	-0.151	-0.083
-0.103	-0.165	-0.083
-0.111	-0.104	-0.021
-0.154	-0.203	-0.113
-0.063	-0.076	0.083
-0.110	-0.241	-0.165
-0.083	-0.216	-0.110
-0.126	-0.207	-0.114
-0.088	-0.122	-0.045
-0.025	-0.067	0.036
-0.026	-0.117	0.005
-0.002	-0.100	0.031
0.011	-0.111	-0.048
0.092	0.054	0.175
0.068	0.042	0.088
0.061	0.028	0.086
0.058	0.023	-0.037
0.040	0.059	-0.049
0.088	0.101	-0.073
0.045	0.141	0.061
0.078	0.191	0.110
0.055	0.131	0.083
0.153	0.287	0.324
0.115	0.221	0.220
0.103	0.270	0.269
0.135	0.209	0.033
0.015	0.095	0.049
0.008	0.082	0.093
-0.046	0.000	-0.051
-0.042	0.091	0.122
-0.102	-0.048	-0.119
-0.112	-0.056	-0.170
-0.150	-0.155	-0.269
-0.161	-0.147	-0.191
-0.128	-0.107	-0.159
-0.110	-0.043	-0.059
-0.051	0.113	0.180
-0.098	0.043	0.056
-0.077	0.047	0.096
-0.104	-0.096	-0.046
-0.096	-0.083	-0.043
-0.136	-0.126	-0.116
-0.148	-0.110	-0.106
0.045	0.106	0.075
-0.100	-0.099	-0.069
-0.091	-0.081	-0.107
-0.166	-0.124	-0.179
-0.260	-0.223	-0.242
-0.303	-0.271	-0.342
-0.206	-0.141	-0.188
-0.228	-0.260	-0.321
-0.190	-0.209	-0.262
-0.149	-0.209	-0.205
-0.068	-0.104	-0.094
-0.043	-0.107	-0.179
0.004	-0.009	-0.007
-0.017	0.004	-0.032
-0.018	-0.009	-0.076
0.141	0.216	0.145
-0.034	-0.079	-0.145
0.065	-0.026	-0.190
-0.031	-0.046	-0.148
0.094	0.226	0.238
-0.001	0.161	0.214
0.049	0.299	0.420
0.046	0.250	0.364
0.058	0.231	0.341
0.075	0.166	0.215
0.071	0.072	0.137
0.004	-0.047	-0.048
0.001	0.008	-0.002
-0.067	-0.098	-0.149
-0.070	-0.119	-0.110
0.128	0.167	0.207
-0.114	-0.224	-0.272
-0.095	-0.196	-0.263
-0.124	-0.180	-0.179
-0.072	-0.087	0.045
-0.121	-0.224	-0.188
-0.141	-0.271	-0.189
-0.162	-0.330	-0.336
-0.111	-0.124	-0.027
-0.129	-0.121	-0.030
-0.080	-0.020	0.091
-0.145	-0.195	-0.172
-0.135	-0.224	-0.229
-0.164	-0.267	-0.263
-0.152	-0.242	-0.254
0.010	0.016	-0.064
-0.154	-0.210	-0.296
-0.126	-0.187	-0.262
-0.145	-0.248	-0.296
-0.136	-0.199	-0.187
-0.105	-0.196	-0.186
-0.019	-0.018	0.016
-0.060	-0.098	-0.144
-0.058	-0.071	-0.128
0.014	-0.100	-0.254
-0.076	-0.154	-0.144
-0.095	-0.173	-0.140
-0.098	-0.169	-0.234
-0.038	-0.014	-0.115
-0.019	-0.014	-0.162
0.093	0.140	0.044
0.051	0.034	-0.072
0.047	0.047	-0.031
0.095	0.087	-0.007
0.102	0.100	-0.009
0.140	0.164	0.006
0.101	0.156	0.074
0.121	0.220	0.213
0.107	0.188	0.183
0.104	0.218	0.265
0.056	0.165	0.153
0.085	0.279	0.322
0.017	0.153	0.171
0.025	0.124	0.160
0.139	0.166	0.079
-0.016	0.017	0.073
-0.032	-0.031	0.064
-0.072	-0.062	0.029
-0.021	0.045	0.223
-0.061	-0.026	0.132
-0.012	0.021	0.226
-0.077	-0.098	0.095
-0.003	0.008	0.310
0.067	0.052	0.273
-0.001	0.029	0.334
-0.041	0.103	0.432
-0.076	0.015	0.323
-0.020	0.092	0.427
-0.138	-0.188	0.019
-0.097	-0.127	0.117
-0.150	-0.192	-0.086
-0.132	-0.097	0.038
0.025	0.040	0.044
-0.118	-0.172	-0.067
-0.091	-0.157	-0.032
-0.086	-0.179	-0.091
-0.028	-0.059	0.045
-0.005	-0.019	0.012
0.044	0.094	0.205
0.038	-0.011	0.090
0.078	0.068	0.161
0.021	-0.040	0.016
0.033	0.001	0.076
0.047	0.052	0.144
0.031	0.038	0.111
0.041	0.017	0.139
0.010	-0.042	0.097
0.009	-0.001	0.193
0.015	-0.042	0.144
0.111	0.126	0.299
0.115	0.041	0.132
0.112	0.075	0.186
0.014	-0.051	0.060
-0.001	-0.051	0.099
0.117	0.043	0.057
-0.030	-0.115	-0.005
-0.013	-0.060	0.035
-0.057	-0.092	-0.003
-0.081	-0.095	0.022
-0.132	-0.201	-0.106
-0.108	-0.165	-0.072
-0.174	-0.286	-0.231
-0.151	-0.241	-0.178
-0.109	-0.115	-0.043
-0.159	-0.195	-0.228
-0.124	-0.173	-0.205
-0.089	-0.191	-0.202
-0.095	-0.185	-0.183
-0.101	-0.238	-0.246
-0.085	-0.141	-0.096
-0.160	-0.223	-0.268
-0.086	-0.118	-0.169
-0.176	-0.293	-0.329
-0.145	-0.243	-0.261
0.043	-0.056	-0.195
-0.093	-0.181	-0.228
-0.056	-0.160	-0.266
-0.004	-0.096	-0.232
0.039	-0.000	-0.065
-0.001	-0.065	-0.112
0.003	-0.091	-0.155
-0.030	-0.124	-0.210
-0.018	-0.091	-0.197
-0.017	-0.030	-0.136
-0.020	-0.019	-0.132
0.002	-0.007	-0.085
-0.045	-0.123	-0.221
0.061	0.020	-0.098
0.023	-0.068	-0.233
0.023	-0.038	-0.193
0.196	0.235	0.076
0.091	0.091	-0.086
0.150	0.096	-0.050
0.127	0.030	-0.160
0.130	0.112	0.011
0.064	0.004	-0.165
0.106	0.143	0.014
0.030	0.050	-0.089
0.032	0.038	-0.092
0.061	0.020	-0.094
0.005	-0.033	-0.137
-0.038	-0.040	-0.121
-0.076	-0.096	-0.269
0.004	0.061	-0.013
-0.017	-0.028	-0.147
-0.034	-0.088	-0.172
0.075	0.095	-0.011
-0.084	-0.169	-0.320
-0.058	-0.136	-0.241
-0.093	-0.134	-0.260
-0.048	-0.013	-0.101
-0.047	-0.048	-0.149
0.026	0.008	-0.046
-0.063	-0.136	-0.251
-0.033	-0.076	-0.135
-0.038	-0.051	-0.106
-0.029	-0.020	-0.091
0.001	-0.050	-0.223
-0.043	-0.136	-0.220
-0.022	-0.041	-0.053
0.013	-0.082	-0.133
0.096	0.049	0.083
0.087	0.011	-0.045
0.088	0.060	-0.004
0.267	0.279	0.132
0.138	0.075	0.080
0.109	0.064	0.043
0.099	0.017	-0.009
0.139	0.121	0.128
0.110	0.065	0.021
0.137	0.163	0.116
0.123	0.141	0.095
0.141	0.152	0.118
0.284	0.239	0.011
0.131	0.108	0.014
0.157	0.168	0.090
0.166	0.184	0.077
0.171	0.242	0.170
0.077	0.149	0.026
0.114	0.204	0.154
0.009	0.038	-0.053
0.000	0.023	-0.043
0.074	0.093	-0.090
-0.046	0.011	-0.059
-0.033	0.064	0.010
-0.029	0.022	0.002
0.053	0.188	0.352
0.021	0.072	0.187
-0.008	0.046	0.163
0.103	0.270	0.375
-0.054	0.032	0.104
-0.062	0.035	0.162
-0.089	-0.061	0.045
-0.041	0.051	0.234
-0.102	-0.123	-0.053
-0.060	-0.062	-0.012
-0.124	-0.161	-0.174
-0.073	-0.130	-0.154
-0.030	-0.147	-0.217
-0.130	-0.169	-0.131
-0.104	-0.087	0.008
-0.109	-0.093	-0.033
-0.044	0.076	0.149
-0.010	0.089	0.151
0.013	0.043	0.108
-0.058	-0.141	-0.157
-0.011	-0.095	-0.090
0.120	-0.026	-0.112
0.013	-0.053	-0.002
0.026	-0.002	0.029
0.019	0.009	-0.004
0.044	0.057	0.107
0.062	-0.007	0.001
0.075	0.034	0.052
0.057	0.029	0.049
0.061	0.091	0.069
0.051	0.120	0.099
0.027	0.054	0.048
0.023	0.082	0.093
-0.024	-0.038	-0.080
-0.023	0.005	0.021
-0.041	-0.000	-0.024
-0.006	0.028	-0.020
-0.017	0.016	-0.025
-0.038	-0.045	-0.009
-0.027	-0.006	0.079
-0.079	-0.135	-0.077
-0.026	-0.008	0.066
-0.095	-0.121	-0.119
-0.054	-0.073	-0.129
-0.026	0.003	-0.039
-0.052	-0.004	0.063
-0.015	0.120	0.362
-0.098	-0.055	0.072
-0.107	-0.113	-0.027
-0.144	-0.202	-0.239
-0.174	-0.215	-0.277
-0.153	-0.091	-0.121
-0.163	-0.125	-0.143
-0.090	-0.135	-0.176
-0.086	-0.135	-0.143
-0.068	-0.111	-0.138
-0.101	-0.170	-0.219
-0.113	-0.117	-0.171
-0.122	-0.105	-0.162
-0.099	-0.060	-0.071
-0.134	-0.202	-0.256
-0.107	-0.116	-0.058
-0.098	-0.129	-0.135
-0.096	-0.021	0.016
-0.105	-0.061	-0.146
0.014	0.112	0.058
-0.003	0.075	0.021
0.082	0.151	0.141
0.179	0.189	0.170
0.175	0.179	0.152
0.199	0.221	0.133
0.181	0.282	0.195
0.178	0.274	0.201
0.083	0.151	0.080
0.176	0.341	0.323
0.037	0.157	0.110
0.158	0.240	0.079
0.042	0.180	0.138
0.054	0.205	0.124
0.022	0.196	0.133
0.011	0.193	0.182
-0.013	0.115	0.087
0.025	0.164	0.177
-0.017	0.104	0.052
0.003	0.177	0.195
-0.058	0.106	0.068
-0.066	0.098	0.085
-0.087	0.071	0.135
-0.112	-0.019	-0.011
-0.027	-0.014	-0.111
-0.122	-0.045	-0.046
-0.114	-0.003	-0.032
-0.138	-0.027	-0.057
-0.107	0.047	0.101
-0.164	-0.091	-0.072
-0.086	0.040	0.098
-0.058	-0.010	0.034
0.005	0.065	0.077
-0.042	0.041	0.018
-0.063	0.015	0.007
-0.076	0.008	0.027
-0.120	-0.076	-0.015
-0.121	-0.088	-0.011
-0.115	-0.068	-0.044
-0.034	0.048	0.102
-0.025	-0.014	-0.073
0.027	0.014	0.040
0.026	0.018	0.039
0.036	-0.005	-0.043
0.105	0.050	-0.024
0.093	0.110	0.110
0.109	0.188	0.138
0.156	0.239	0.213
0.115	0.164	0.169
0.043	-0.009	-0.056
0.089	0.082	0.096
0.054	-0.008	-0.034
0.064	0.036	-0.019
0.039	0.019	-0.055
0.111	0.141	0.071
0.194	0.290	0.300
0.042	0.033	-0.003
0.012	-0.025	-0.127
-0.016	-0.028	-0.100
-0.030	-0.019	-0.071
-0.059	-0.031	-0.102
-0.020	0.097	0.156
-0.119	-0.130	-0.090
-0.064	-0.066	-0.066
-0.123	-0.202	-0.261
-0.139	-0.196	-0.209
-0.107	-0.175	-0.258
-0.101	-0.139	-0.219
-0.067	-0.157	-0.293
-0.153	-0.143	-0.086
-0.134	-0.101	-0.006
-0.171	-0.173	-0.102
-0.154	-0.099	-0.011
-0.161	-0.147	-0.155
-0.139	-0.018	0.049
-0.214	-0.183	-0.136
-0.231	-0.266	-0.260
-0.178	-0.222	-0.204
-0.092	-0.055	0.147
-0.297	-0.484	-0.463
-0.267	-0.325	-0.347
-0.217	-0.250	-0.055
-0.129	-0.198	-0.069
-0.044	0.005	0.098
0.047	0.079	0.215
0.190	0.303	0.487
0.156	0.234	0.535
0.265	0.262	0.433
0.179	0.256	0.669
0.358	0.342	0.369
0.183	0.147	0.084
0.340	0.390	-0.028
0.152	0.124	-0.069
0.163	0.106	-0.075
0.124	0.059	-0.076
0.194	0.181	0.136
0.111	-0.095	-0.155
-0.068	-0.425	-0.677
-0.151	-0.555	-0.948
-0.063	-0.240	-0.702
-0.025	-0.227	-0.729
0.071	-0.137	-0.527
0.034	-0.130	-0.525
0.055	-0.006	-0.134
-0.031	-0.114	-0.260
-0.093	-0.203	-0.295
-0.162	-0.430	-0.682
-0.115	-0.356	-0.628
-0.125	-0.293	-0.384
-0.142	-0.220	-0.200
-0.198	-0.324	-0.567
-0.246	-0.299	-0.509
-0.213	-0.191	-0.292
-0.260	-0.222	-0.300
-0.413	-0.485	-0.580
-0.478	-0.553	-0.516
-0.468	-0.650	-0.534
-0.337	-0.471	-0.267
-0.183	-0.262	0.018
0.029	0.179	0.507
0.008	0.136	0.374
-0.053	0.081	0.320
-0.093	-0.007	0.132
-0.108	0.030	0.256
-0.115	-0.030	0.138
-0.084	0.035	0.268
-0.113	-0.049	0.082
-0.056	0.056	0.216
-0.012	0.043	0.105
0.071	0.212	0.332
0.072	0.178	0.205
0.148	0.280	0.354
0.107	0.151	0.176
0.170	0.187	0.230
0.036	0.003	0.027
0.041	-0.019	0.013
0.011	-0.008	-0.026
0.066	0.057	-0.007
0.136	0.174	0.193
0.152	0.191	0.231
0.145	0.125	0.089
0.169	0.106	0.066
0.181	0.135	0.132
0.236	0.188	0.152
0.350	0.420	0.579
0.162	0.073	0.255
0.122	-0.001	0.124
-0.248	-0.572	-0.629
-0.243	-0.456	-0.770
-0.203	-0.353	-0.611
-0.088	-0.323	-0.645
-0.062	-0.293	-0.630
-0.007	-0.211	-0.491
0.027	-0.196	-0.466
0.046	-0.067	-0.192
-0.105	-0.172	-0.149
-0.250	-0.467	-0.526
-0.217	-0.413	-0.426
0.104	0.224	0.440
0.099	0.311	0.445
0.001	0.031	0.129
-0.087	-0.045	0.101
-0.043	0.055	0.314
-0.144	-0.111	0.062
-0.080	0.095	0.316
-0.139	-0.014	0.009
-0.105	-0.021	-0.018
-0.142	-0.154	-0.130
-0.125	-0.131	-0.053
-0.076	-0.066	0.058
-0.020	-0.049	0.018
0.194	0.214	0.186
0.086	0.152	0.183
0.115	0.136	0.124
0.079	0.066	0.151
0.066	-0.002	0.095
0.063	0.042	0.163
0.087	0.063	0.212
0.143	0.140	0.248
0.156	0.208	0.282
0.154	0.186	0.127
0.198	0.250	0.250
0.136	0.146	0.132
0.212	0.287	0.327
0.173	0.214	0.182
0.186	0.227	0.211
0.125	0.171	0.193
0.126	0.157	0.187
0.122	0.099	0.092
0.047	0.040	0.045
0.041	0.051	0.097
-0.017	-0.031	-0.001
-0.002	0.069	0.085
-0.014	0.035	0.003
0.050	0.121	0.152
-0.000	-0.018	-0.001
0.053	0.105	0.170
0.013	0.052	0.098
-0.057	0.004	-0.004
-0.108	-0.045	-0.108
-0.083	-0.053	-0.058
0.073	0.108	-0.031
-0.104	-0.072	-0.089
-0.091	-0.045	-0.089
-0.131	-0.076	-0.093
-0.123	-0.019	-0.076
-0.150	-0.065	-0.144
-0.096	-0.016	-0.036
-0.085	-0.088	-0.126
-0.036	0.022	0.013
-0.058	-0.091	-0.155
-0.026	-0.017	-0.083
-0.030	-0.020	-0.078
-0.003	-0.022	-0.006
0.129	0.036	-0.097
0.016	-0.055	-0.028
0.009	-0.079	-0.054
0.036	-0.051	-0.020
0.058	0.030	0.075
0.086	0.086	0.084
0.126	0.159	0.238
0.110	0.080	0.118
0.137	0.161	0.245
0.125	0.103	0.113
0.189	0.205	0.180
0.160	0.178	0.112
0.167	0.181	0.151
0.320	0.326	0.191
0.170	0.149	0.109
0.167	0.164	0.118
0.130	0.126	0.057
0.154	0.173	0.150
0.085	0.090	0.037
0.152	0.175	0.162
0.105	0.046	-0.009
0.116	0.046	0.009
0.211	0.236	0.202
0.039	0.027	-0.082
0.023	0.036	-0.051
-0.011	-0.050	-0.088
0.003	0.023	0.063
-0.050	-0.078	-0.059
-0.036	0.001	0.059
-0.065	-0.076	-0.050
-0.056	-0.040	-0.055
0.044	0.040	-0.131
-0.048	-0.022	0.004
0.001	0.044	0.109
0.025	0.014	0.077
0.037	0.088	0.162
-0.027	-0.042	-0.022
-0.040	0.033	0.030
-0.118	-0.100	-0.149
-0.119	-0.085	-0.107
0.046	0.036	-0.060
-0.115	-0.121	-0.102
-0.092	-0.079	-0.052
-0.069	-0.084	-0.107
-0.023	0.039	0.019
-0.041	-0.017	-0.068
-0.050	-0.041	-0.017
-0.006	0.043	0.106
-0.039	-0.035	-0.014
-0.033	0.015	0.026
-0.064	-0.032	-0.091
-0.000	0.072	0.071
-0.036	-0.048	-0.066
-0.022	-0.064	-0.044
0.059	-0.013	-0.076
0.027	0.003	0.046
0.051	0.070	0.122
0.073	0.077	0.086
0.135	0.148	0.168
0.058	0.042	0.081
0.017	0.004	0.043
0.135	0.063	-0.027
-0.025	-0.060	-0.016
-0.030	-0.047	-0.020
-0.104	-0.119	-0.123
-0.088	-0.073	-0.052
-0.113	-0.186	-0.178
-0.036	-0.059	0.004
-0.077	-0.139	-0.109
-0.068	-0.150	-0.102
-0.013	-0.009	0.081
-0.048	-0.068	-0.078
-0.064	-0.061	-0.087
-0.081	-0.099	-0.105
-0.111	-0.098	-0.058
-0.159	-0.194	-0.184
-0.150	-0.161	-0.116
-0.175	-0.233	-0.222
-0.115	-0.095	-0.097
-0.170	-0.156	-0.227
-0.159	-0.160	-0.242
-0.180	-0.226	-0.268
-0.157	-0.204	-0.250
-0.138	-0.220	-0.324
-0.167	-0.204	-0.255
-0.132	-0.128	-0.146
-0.078	-0.032	-0.086
-0.028	0.087	0.072
-0.080	-0.073	-0.178
-0.028	-0.020	-0.039
-0.015	0.006	0.006
-0.026	-0.003	0.001
0.041	0.009	-0.107
-0.003	0.012	-0.057
-0.008	0.063	0.003
0.011	0.044	-0.024
0.062	0.127	0.146
0.030	0.022	-0.010
0.053	0.045	0.012
0.016	0.012	-0.056
0.040	0.081	0.009
0.039	0.089	-0.004
0.017	0.056	-0.029
0.024	0.096	0.057
-0.018	-0.018	-0.116
-0.014	0.014	-0.030
-0.056	-0.054	-0.126
-0.052	-0.040	-0.155
-0.024	0.020	-0.120
-0.037	0.027	-0.080
0.008	0.082	0.033
-0.029	0.021	-0.051
0.034	0.092	0.023
-0.033	-0.039	-0.153
-0.024	-0.010	-0.079
-0.044	-0.010	-0.040
-0.051	-0.065	-0.140
-0.050	-0.067	-0.179
-0.107	-0.139	-0.208
-0.087	-0.090	-0.056
-0.102	-0.176	-0.140
-0.107	-0.151	-0.030
-0.089	-0.149	-0.030
0.013	0.031	0.175
-0.067	-0.091	0.003
-0.029	-0.010	0.098
-0.073	-0.077	0.016
-0.109	-0.145	0.013
-0.049	-0.026	0.217
-0.059	-0.118	0.116
-0.004	-0.100	0.043
-0.035	-0.112	0.084
0.007	-0.083	0.050
0.035	-0.039	0.029
0.065	0.073	0.160
0.143	0.101	0.200
0.166	0.139	0.334
0.140	0.087	0.264
0.189	0.189	0.430
0.200	0.153	0.303
0.254	0.321	0.502
0.191	0.183	0.284
0.260	0.271	0.388
0.188	0.179	0.339
0.162	0.146	0.355
0.157	0.102	0.217
0.171	0.114	0.246
0.126	0.069	0.188
0.118	0.108	0.221
0.071	0.078	0.162
0.091	0.116	0.252
0.159	0.252	0.460
0.056	0.019	0.132
0.143	0.076	0.076
0.000	-0.026	0.079
-0.014	0.003	0.092
-0.015	-0.007	0.029
0.015	0.064	0.103
0.020	-0.007	0.032
0.051	0.080	0.187
0.017	0.000	0.069
0.013	0.055	0.172
-0.039	-0.041	0.010
-0.014	0.054	0.078
-0.075	-0.029	-0.050
-0.021	0.006	0.047
0.032	-0.009	-0.075
-0.083	-0.079	-0.001
-0.082	-0.062	0.019
-0.115	-0.139	-0.095
-0.120	-0.013	0.074
-0.143	-0.046	-0.053
-0.068	0.040	0.044
-0.109	-0.052	-0.014
-0.078	-0.049	0.006
-0.036	-0.021	0.015
-0.055	0.003	0.081
-0.007	0.070	0.145
-0.036	0.030	0.034
0.054	0.135	0.203
-0.031	-0.011	0.063
-0.005	0.033	0.131
0.134	0.249	0.377
-0.012	0.003	0.064
0.026	0.050	0.053
0.010	0.059	0.038
0.065	0.125	0.087
0.069	0.159	0.141
0.109	0.205	0.288
0.083	0.121	0.150
0.116	0.189	0.295
0.070	0.078	0.110
0.067	0.113	0.149
-0.005	0.034	-0.002
-0.010	0.073	0.002
0.141	0.211	0.080
-0.037	-0.001	-0.029
-0.088	-0.028	-0.054
-0.093	-0.048	-0.083
-0.021	0.044	0.024
-0.008	0.011	-0.049
0.053	0.156	0.118
0.021	0.059	-0.025
0.083	0.133	0.053
0.028	0.013	-0.034
0.017	0.023	0.002
-0.004	0.003	-0.035
-0.055	-0.017	0.006
-0.115	-0.067	-0.094
-0.115	-0.052	-0.115
-0.129	-0.045	-0.099
-0.141	-0.126	-0.176
0.011	-0.022	-0.182
-0.109	-0.090	-0.096
-0.063	-0.070	-0.107
-0.085	-0.076	-0.061
-0.057	-0.042	-0.109
-0.064	-0.041	-0.152
-0.047	-0.022	-0.115
-0.047	-0.031	-0.094
-0.018	0.050	0.073
-0.074	-0.108	-0.151
0.017	0.063	0.097
0.018	0.014	-0.002
0.110	0.184	0.181
0.099	0.128	0.017
0.117	0.182	0.061
0.155	0.202	0.057
0.063	0.109	0.006
0.081	0.144	0.101
0.051	0.097	0.051
0.100	0.220	0.213
0.049	0.163	0.077
0.042	0.131	0.035
0.160	0.325	0.265
-0.018	0.043	0.027
-0.006	0.051	0.024
-0.020	0.008	-0.040
0.023	0.111	0.089
0.038	0.110	-0.004
0.085	0.175	0.016
0.113	0.243	0.190
0.080	0.092	-0.022
0.112	0.125	0.026
0.061	0.059	-0.020
0.066	0.094	0.055
0.006	0.006	-0.093
0.035	0.100	-0.018
-0.006	0.031	-0.116
0.028	0.035	-0.047
0.078	0.079	-0.028
0.053	0.046	-0.027
0.061	0.098	0.035
0.049	0.073	0.201
0.080	0.105	0.216
0.120	0.231	0.343
-0.015	-0.009	0.042
-0.001	0.014	0.061
0.005	0.003	0.107
0.001	-0.007	0.120
-0.067	-0.109	-0.023
-0.099	-0.125	-0.025
-0.048	-0.113	-0.155
-0.078	-0.086	-0.097
-0.047	0.018	-0.007
-0.060	-0.069	-0.121
0.024	0.082	0.150
0.043	0.035	0.065
0.088	0.101	0.132
0.104	0.094	0.112
0.086	0.121	0.138
0.075	0.136	0.102
0.056	0.100	0.035
0.054	0.109	0.127
0.056	0.023	0.009
0.130	0.103	0.137
0.092	0.054	0.057
0.087	0.037	0.029
0.152	0.075	-0.105
0.089	0.066	-0.019
0.096	0.123	0.103
0.077	0.065	0.077
0.118	0.179	0.256
0.089	0.112	0.130
0.074	0.119	0.131
0.053	0.063	0.020
0.018	0.065	0.003
0.061	0.058	-0.142
-0.027	-0.013	-0.113
-0.005	0.026	0.015
-0.067	-0.090	-0.175
-0.032	0.030	-0.002
-0.060	-0.048	-0.148
-0.071	-0.003	-0.086
-0.126	-0.042	-0.169
-0.095	-0.004	-0.073
-0.032	-0.012	-0.127
-0.078	-0.042	-0.087
-0.037	0.027	0.034
-0.043	-0.036	-0.056
-0.009	0.087	0.095
-0.051	-0.021	-0.086
-0.071	-0.026	-0.066
-0.046	-0.013	-0.039
-0.076	-0.053	-0.019
-0.032	-0.015	0.039
-0.091	-0.109	-0.075
-0.067	-0.018	-0.006
-0.097	-0.058	-0.102
-0.066	-0.032	-0.065
-0.075	-0.052	-0.001
-0.073	-0.095	-0.015
0.010	0.049	0.172
-0.022	-0.042	0.039
0.012	-0.033	0.018
0.091	0.045	0.023
0.050	0.061	0.071
0.054	0.065	0.129
0.028	0.002	0.043
0.047	0.098	0.154
-0.002	0.017	0.048
0.020	0.030	0.041
0.149	0.139	0.012
0.115	0.170	0.108
0.194	0.301	0.267
0.153	0.174	0.098
0.168	0.214	0.201
0.090	0.080	0.064
0.076	0.042	0.038
0.124	0.049	-0.063
0.068	0.051	0.035
0.071	0.121	0.132
0.054	0.062	0.066
0.092	0.133	0.211
0.005	-0.033	0.019
-0.007	-0.033	0.019
-0.045	-0.092	-0.036
-0.071	-0.078	-0.018
0.004	0.142	0.214
-0.142	-0.117	-0.058
-0.150	-0.197	-0.130
-0.118	-0.207	-0.121
-0.118	-0.180	-0.063
-0.084	-0.195	-0.109
-0.069	-0.094	0.029
-0.115	-0.146	-0.052
-0.083	-0.073	0.050
-0.172	-0.203	-0.060
-0.156	-0.228	-0.099
-0.144	-0.200	-0.044
-0.113	-0.151	-0.001
-0.080	-0.153	-0.061
-0.157	-0.163	-0.046
-0.125	-0.099	0.004
-0.093	-0.093	-0.035
-0.073	-0.048	0.072
-0.072	-0.143	-0.019
0.026	0.001	0.173
0.026	-0.043	0.075
0.063	0.034	0.120
0.036	0.013	-0.008
0.063	0.077	0.043
0.147	0.118	-0.037
-0.025	-0.047	-0.018
-0.003	-0.036	-0.027
0.014	-0.053	-0.046
0.007	-0.016	0.018
0.024	0.031	0.016
0.065	0.134	0.141
0.069	0.099	0.072
0.109	0.103	0.092
0.245	0.200	0.059
0.122	0.086	0.052
0.096	0.096	0.107
0.030	0.025	0.038
0.110	0.113	0.112
0.023	-0.010	-0.052
-0.000	-0.036	-0.097
0.009	-0.021	-0.049
-0.031	-0.033	-0.021
-0.032	-0.027	0.023
-0.047	-0.088	-0.101
-0.048	-0.019	-0.002
-0.120	-0.114	-0.138
-0.093	-0.130	-0.131
0.017	0.023	0.040
-0.150	-0.203	-0.158
-0.136	-0.155	-0.093
-0.116	-0.104	-0.010
-0.106	-0.065	0.019
-0.092	-0.068	-0.032
-0.052	-0.041	0.119
0.060	0.099	0.227
-0.087	-0.134	-0.024
-0.074	-0.133	-0.041
-0.098	-0.145	-0.066
-0.093	-0.078	-0.002
-0.131	-0.115	-0.047
-0.080	-0.074	-0.023
-0.092	-0.095	-0.028
-0.044	-0.072	0.009
0.043	-0.027	-0.084
-0.035	-0.078	-0.049
0.031	0.068	0.107
0.017	0.003	-0.017
0.087	0.172	0.246
0.017	0.042	0.081
0.059	0.053	0.065
0.113	0.036	-0.024
0.107	0.109	0.153
0.132	0.186	0.238
0.092	0.148	0.153
0.136	0.172	0.159
0.057	0.092	0.122
0.014	-0.037	-0.053
-0.005	-0.049	-0.067
-0.009	-0.005	0.009
0.021	0.055	0.065
-0.020	0.005	-0.040
0.013	0.094	0.026
0.029	0.141	0.099
0.037	0.113	0.057
0.033	0.081	0.062
-0.063	-0.018	-0.057
-0.027	0.051	0.044
-0.076	-0.037	-0.091
-0.067	0.038	0.025
-0.140	-0.084	-0.145
-0.128	-0.112	-0.185
-0.127	-0.108	-0.207
-0.137	-0.115	-0.160
-0.122	-0.070	-0.084
-0.118	-0.098	-0.099
-0.075	0.013	-0.004
-0.148	-0.098	-0.188
-0.123	-0.095	-0.185
-0.085	-0.043	-0.104
-0.079	-0.032	-0.029
-0.087	-0.016	0.009
-0.146	-0.081	-0.113
-0.141	-0.050	-0.087
-0.165	-0.105	-0.144
-0.143	-0.076	-0.134
-0.114	-0.053	-0.162
-0.096	-0.012	-0.097
-0.051	0.047	0.050
-0.062	-0.010	-0.061
-0.009	0.047	0.033
0.006	0.066	0.080
0.021	0.040	0.015
0.013	0.051	0.020
0.018	0.064	0.036
0.063	0.199	0.155
0.051	0.144	0.066
0.024	0.108	0.071
0.076	0.064	-0.092
-0.021	0.006	-0.037
-0.009	0.014	-0.010
0.032	0.023	-0.066
0.139	0.200	0.124
0.078	0.140	0.098
0.056	0.088	0.076
0.055	0.102	0.088
0.025	0.005	-0.014
0.058	0.093	0.119
-0.009	-0.018	0.002
-0.012	-0.045	-0.049
0.011	-0.003	-0.047
-0.017	-0.008	-0.044
0.021	0.039	0.052
-0.003	-0.055	-0.076
0.057	0.027	0.027
0.002	-0.080	-0.099
-0.022	-0.081	-0.105
-0.029	-0.058	-0.138
-0.079	-0.122	-0.157
-0.036	-0.087	-0.083
-0.048	-0.132	-0.172
-0.012	-0.087	-0.093
-0.015	-0.048	-0.037
-0.034	-0.095	-0.059
0.019	0.022	0.019
-0.067	-0.073	-0.107
-0.048	-0.065	-0.102
-0.077	-0.122	-0.134
-0.101	-0.148	-0.109
-0.022	-0.128	-0.186
-0.081	-0.116	-0.086
-0.073	-0.090	-0.119
-0.007	-0.005	-0.018
-0.011	0.000	-0.029
0.054	0.055	0.042
0.053	0.031	0.050
0.148	0.122	0.167
0.092	0.045	0.055
0.157	0.178	0.232
0.123	0.141	0.137
0.160	0.227	0.213
0.108	0.130	0.116
0.139	0.170	0.184
0.089	0.092	0.094
0.107	0.113	0.139
0.117	0.109	0.108
0.142	0.137	0.145
0.127	0.132	0.102
0.134	0.156	0.121
0.085	0.121	0.078
0.083	0.079	0.062
0.065	0.029	0.005
0.064	0.028	0.031
0.034	-0.004	0.020
-0.005	-0.033	-0.023
0.051	0.104	0.141
-0.070	-0.104	-0.098
0.023	-0.090	-0.209
-0.026	-0.079	-0.037
0.026	-0.078	-0.110
0.007	-0.066	-0.014
0.019	-0.077	-0.101
-0.055	-0.142	-0.139
-0.042	-0.115	-0.107
-0.095	-0.189	-0.124
-0.082	-0.153	-0.056
-0.100	-0.179	-0.088
-0.093	-0.146	0.017
-0.124	-0.232	-0.156
-0.083	-0.174	-0.107
-0.087	-0.208	-0.184
-0.028	-0.109	0.024
-0.030	-0.140	0.008
0.026	-0.070	0.121
-0.018	-0.133	0.043
0.038	-0.009	0.238
-0.018	-0.088	0.118
-0.013	-0.093	0.005
-0.005	-0.033	0.063
0.057	0.028	0.148
0.064	0.034	0.157
0.073	0.027	0.146
0.189	0.065	0.034
0.075	0.021	0.101
0.113	0.129	0.207
0.112	0.185	0.216
0.105	0.165	0.225
0.066	0.047	0.053
0.119	0.137	0.191
0.090	0.084	0.112
0.108	0.127	0.170
0.119	0.117	0.095
0.128	0.154	0.102
0.118	0.142	0.124
0.115	0.138	0.102
0.100	0.135	0.096
0.081	0.074	0.017
0.102	0.109	0.075
0.073	0.049	-0.056
0.070	0.126	0.056
0.028	0.073	-0.051
0.012	0.068	-0.014
0.140	0.177	-0.012
-0.048	-0.005	-0.065
-0.042	0.012	-0.035
-0.076	-0.054	-0.135
-0.050	-0.009	-0.068
-0.067	-0.066	-0.144
-0.048	0.012	-0.051
-0.071	-0.054	-0.158
-0.005	0.024	0.008
-0.054	-0.048	-0.104
0.013	0.064	0.004
-0.041	-0.023	-0.144
-0.061	-0.047	-0.138
-0.079	-0.017	-0.036
-0.113	-0.112	-0.145
-0.069	-0.057	-0.080
-0.013	-0.009	-0.014
0.015	0.048	0.013
0.012	0.023	-0.056
0.050	0.109	0.070
0.036	0.046	-0.003
0.083	0.122	0.082
0.041	0.065	-0.007
0.082	0.104	0.063
0.245	0.330	0.206
0.104	0.144	0.037
0.088	0.101	0.000
0.084	0.054	-0.026
0.144	0.156	0.117
0.118	0.146	0.063
0.217	0.276	0.203
0.152	0.157	0.071
0.132	0.131	0.067
0.195	0.176	-0.002
0.089	0.106	0.070
0.084	0.124	0.086
0.053	0.063	-0.038
0.078	0.128	0.023
0.004	0.068	-0.016
-0.017	0.030	-0.036
-0.019	0.049	-0.018
-0.058	-0.025	-0.059
-0.061	0.010	0.015
-0.119	-0.074	-0.079
-0.074	0.015	0.016
-0.094	-0.031	-0.121
-0.093	-0.024	-0.098
-0.023	-0.056	-0.228
-0.076	-0.053	-0.115
-0.029	0.016	-0.036
-0.044	-0.008	-0.062
-0.026	0.060	0.066
-0.083	-0.059	-0.102
-0.107	-0.058	-0.107
-0.145	-0.095	-0.135
-0.131	-0.086	-0.115
0.027	0.006	-0.173
-0.049	-0.014	-0.027
-0.050	-0.032	-0.084
-0.077	-0.068	-0.157
-0.058	-0.047	-0.101
-0.078	-0.042	0.009
0.009	0.114	0.235
-0.027	-0.005	0.039
-0.042	0.013	0.085
0.009	0.158	0.336
0.006	0.088	0.185
-0.040	-0.026	-0.084
-0.077	-0.071	-0.182
-0.046	0.041	-0.016
-0.046	-0.004	-0.078
0.003	0.042	-0.070
0.004	0.004	-0.093
0.073	0.045	-0.031
0.105	0.098	-0.104
0.021	0.060	-0.018
0.039	0.075	0.053
0.029	0.025	0.030
0.052	0.075	0.089
-0.009	-0.018	-0.038
0.042	0.115	0.121
-0.006	0.032	-0.059
-0.015	0.034	-0.048
-0.015	0.018	-0.057
-0.046	-0.024	-0.106
-0.034	-0.050	-0.186
-0.115	-0.124	-0.162
-0.134	-0.127	-0.105
-0.138	-0.146	-0.128
-0.124	-0.108	-0.084
-0.145	-0.156	-0.175
-0.091	-0.041	-0.037
-0.156	-0.187	-0.240
-0.146	-0.218	-0.262
-0.108	-0.160	-0.175
-0.115	-0.136	-0.139
-0.131	-0.124	-0.224
-0.166	-0.135	-0.195
-0.151	-0.108	-0.144
-0.152	-0.148	-0.213
-0.130	-0.084	-0.055
-0.164	-0.142	-0.098
-0.140	-0.144	-0.120
-0.153	-0.146	-0.095
-0.162	-0.124	-0.090
-0.139	-0.142	-0.272
-0.176	-0.170	-0.290
-0.075	-0.047	-0.125
-0.075	-0.054	-0.042
-0.063	-0.072	-0.133
-0.134	-0.178	-0.349
-0.118	-0.246	-0.474
-0.071	-0.178	-0.450
-0.040	-0.136	-0.369
-0.030	-0.018	-0.236
0.021	-0.004	-0.283
0.018	-0.002	-0.284
0.200	0.193	-0.135
0.101	0.165	0.110
0.089	0.186	0.230
0.062	0.102	0.078
0.032	0.134	0.062
0.005	0.084	-0.033
0.046	0.173	0.141
-0.029	0.013	-0.077
0.068	0.204	0.206
0.006	0.110	0.143
0.021	0.105	0.099
0.091	0.202	0.212
0.036	0.048	-0.034
-0.005	0.043	-0.033
-0.044	-0.045	-0.079
-0.003	-0.043	-0.089
-0.046	-0.140	-0.131
-0.099	-0.195	-0.141
-0.124	-0.256	-0.209
-0.126	-0.181	-0.103
-0.184	-0.239	-0.224
-0.143	-0.131	-0.140
-0.074	-0.090	-0.064
-0.005	0.011	0.134
-0.016	-0.024	0.052
0.043	0.016	0.057
0.041	0.003	0.053
0.058	0.057	0.100
0.129	0.158	0.146
-0.003	0.045	0.107
-0.061	-0.054	0.029
-0.090	-0.110	-0.083
-0.146	-0.235	-0.291
-0.118	-0.132	-0.094
-0.064	0.035	0.159
-0.087	-0.053	-0.075
-0.079	-0.032	-0.036
-0.058	-0.109	-0.139
0.004	-0.036	0.033
0.003	-0.091	-0.076
0.040	0.051	0.201
0.083	0.067	0.111
0.192	0.248	0.316
0.067	-0.014	-0.113
0.083	0.005	-0.127
0.092	0.090	0.122
0.114	0.141	0.290
0.084	-0.022	0.083
0.060	-0.057	0.024
0.064	-0.034	0.061
0.098	0.005	0.021
0.251	0.221	0.162
0.206	0.285	0.294
0.181	0.232	0.240
0.118	0.125	0.070
0.100	0.093	0.037
0.030	-0.070	-0.085
-0.032	-0.128	-0.101
-0.105	-0.254	-0.259
-0.066	-0.164	-0.144
-0.124	-0.270	-0.309
-0.101	-0.144	-0.131
-0.115	-0.182	-0.286
-0.112	-0.253	-0.351
-0.045	-0.055	-0.039
-0.100	-0.099	-0.158
-0.127	-0.120	-0.156
-0.123	-0.215	-0.308
-0.049	-0.142	-0.179
-0.124	-0.245	-0.296
-0.122	-0.243	-0.260
-0.006	-0.092	-0.178
-0.074	-0.041	-0.016
-0.094	-0.023	-0.023
-0.145	-0.170	-0.237
-0.162	-0.123	-0.168
-0.177	-0.117	-0.244
-0.150	-0.029	-0.128
-0.057	0.109	0.022
0.032	0.287	0.269
0.039	0.245	0.181
0.098	0.303	0.226
0.063	0.254	0.223
0.108	0.272	0.277
0.130	0.286	0.212
0.110	0.197	0.081
0.105	0.055	-0.217
-0.005	-0.011	-0.192
0.025	0.101	-0.035
0.014	0.048	0.023
0.059	0.173	0.305
0.073	0.186	0.208
0.181	0.307	0.315
0.109	0.182	0.121
0.099	0.183	0.063
0.181	0.232	-0.040
0.061	0.130	0.008
0.073	0.186	0.146
0.061	0.108	0.056
0.042	0.112	0.142
-0.022	-0.047	-0.020
0.003	0.068	0.207
-0.041	0.005	0.095
-0.031	0.054	0.200
-0.108	-0.040	0.150
-0.083	-0.011	0.110
-0.070	0.040	0.083
-0.084	-0.033	0.049
-0.109	-0.087	-0.063
-0.083	-0.114	-0.138
-0.009	0.024	-0.016
-0.095	-0.132	-0.096
-0.373	-0.607	-0.820
-0.444	-0.693	-0.996
-0.285	-0.317	-0.624
-0.153	-0.220	-0.632
-0.047	-0.042	-0.428
-0.122	-0.147	-0.537
-0.014	0.051	-0.286
-0.129	-0.131	-0.501
0.004	0.008	-0.509
-0.105	-0.126	-0.532
-0.059	-0.182	-0.744
-0.130	-0.201	-0.609
-0.038	-0.141	-0.375
-0.137	-0.182	-0.234
-0.257	-0.514	-0.747
-0.418	-0.864	-1.171
-0.143	-0.455	-0.531
0.139	0.243	0.381
0.091	0.188	0.207
0.077	0.170	0.304
0.170	0.355	0.552
0.157	0.285	0.516
0.154	0.282	0.466
0.112	0.107	0.095
0.118	0.079	-0.036
0.115	0.111	-0.010
0.235	0.449	0.484
0.151	0.272	0.313
0.145	0.203	0.184
0.025	-0.010	-0.278
0.047	0.044	-0.146
0.021	0.031	-0.152
0.006	0.052	-0.098
0.031	0.184	0.093
0.014	0.123	0.187
0.065	0.123	0.255
0.017	0.087	0.274
0.025	0.056	0.190
-0.162	-0.374	-0.377
-0.172	-0.369	-0.272
-0.096	-0.160	0.166
-0.089	-0.136	0.061
-0.158	-0.280	-0.157
-0.107	-0.153	0.083
-0.146	-0.269	-0.084
-0.055	-0.153	0.111
-0.065	-0.159	0.171
-0.054	-0.167	0.086
-0.058	-0.166	0.036
0.009	-0.008	0.225
-0.017	-0.009	0.191
-0.046	-0.061	0.159
-0.049	-0.086	0.130
-0.062	-0.104	0.097
-0.079	-0.109	0.091
-0.078	-0.073	0.116
-0.101	-0.060	0.105
-0.079	0.027	0.238
-0.104	-0.032	0.092
-0.050	0.098	0.244
-0.087	0.046	0.145
0.065	0.289	0.467
0.032	0.213	0.386
0.097	0.208	0.345
0.065	0.113	0.217
0.105	0.209	0.357
0.113	0.229	0.371
0.134	0.310	0.435
0.056	0.209	0.299
0.080	0.237	0.324
0.064	0.164	0.225
0.191	0.320	0.449
0.188	0.307	0.452
0.236	0.367	0.656
0.186	0.317	0.479
0.113	0.153	0.167
-0.031	-0.154	-0.344
-0.004	-0.025	-0.027
0.030	0.030	0.238
0.083	0.252	0.578
0.012	0.032	0.100
0.013	0.015	0.071
-0.102	-0.171	-0.197
-0.072	-0.113	-0.084
-0.127	-0.157	-0.075
-0.137	-0.174	-0.069
-0.120	-0.171	-0.068
-0.076	-0.195	-0.161
-0.066	-0.222	-0.206
-0.072	-0.195	-0.143
-0.088	-0.146	-0.114
-0.086	-0.179	-0.168
0.014	-0.074	-0.163
-0.165	-0.299	-0.279
-0.136	-0.309	-0.332
-0.165	-0.280	-0.268
-0.122	-0.085	-0.028
-0.106	-0.017	0.002
-0.095	-0.016	0.070
-0.110	-0.167	-0.128
-0.088	-0.077	0.003
-0.045	0.030	0.146
-0.021	0.106	0.343
-0.121	-0.096	0.022
-0.022	0.163	0.502
-0.032	0.175	0.469
-0.030	0.132	0.478
0.060	0.124	0.348
-0.032	0.076	0.378
0.021	0.167	0.484
0.032	0.158	0.428
0.025	0.091	0.296
0.008	-0.049	-0.011
0.078	0.085	0.156
0.056	0.041	0.136
0.078	0.127	0.233
0.101	0.235	0.347
0.014	0.085	0.086
0.053	0.088	0.081
0.001	-0.022	-0.014
0.057	0.078	0.165
0.035	0.006	0.070
0.120	0.170	0.256
0.108	0.174	0.231
0.116	0.225	0.276
0.077	0.151	0.171
0.051	0.109	0.128
0.029	0.058	0.110
0.022	0.028	0.064
0.112	0.092	0.029
-0.036	-0.016	0.035
-0.089	-0.035	0.001
-0.127	-0.118	-0.092
-0.076	-0.058	0.029
-0.063	-0.112	-0.047
-0.033	-0.028	0.106
-0.031	-0.060	0.012
0.014	0.075	0.209
-0.020	-0.030	0.014
-0.043	-0.033	0.050
-0.078	-0.105	-0.038
0.002	0.010	0.103
-0.004	-0.000	0.055
0.001	-0.015	-0.008
-0.001	0.002	-0.069
-0.072	0.011	-0.004
-0.073	0.041	0.039
-0.111	-0.069	-0.099
-0.067	-0.018	-0.067
-0.070	-0.021	-0.071
0.014	0.131	0.102
0.052	0.170	0.149
0.142	0.323	0.333
0.119	0.249	0.163
0.202	0.389	0.301
0.092	0.225	0.125
0.067	0.210	0.137
0.019	0.119	0.058
0.036	0.050	-0.082
0.035	0.093	-0.049
0.036	0.089	-0.076
0.123	0.204	0.006
0.105	0.112	-0.068
0.115	0.112	-0.042
0.093	0.066	-0.091
0.053	0.027	-0.141
0.080	0.015	-0.153
0.112	0.137	0.013
0.051	0.055	-0.140
0.100	0.115	-0.036
0.021	-0.010	-0.129
0.037	0.003	-0.094
0.019	-0.015	-0.107
0.018	-0.003	-0.095
0.136	0.081	-0.147
-0.029	-0.044	-0.174
-0.052	-0.050	-0.172
-0.101	-0.096	-0.152
-0.082	-0.061	-0.077
-0.103	-0.171	-0.214
-0.063	-0.031	0.020
-0.065	-0.067	-0.075
-0.029	0.024	0.044
-0.073	-0.069	-0.116
0.007	0.082	0.092
-0.094	-0.064	0.012
-0.105	-0.077	-0.017
-0.099	-0.061	0.041
-0.097	-0.074	0.020
0.037	0.143	0.182
-0.099	-0.045	-0.029
-0.096	-0.023	-0.020
-0.096	-0.053	0.001
-0.085	-0.025	0.073
-0.084	-0.048	0.017
-0.019	0.018	0.117
-0.035	-0.019	-0.004
0.040	0.075	0.041
0.074	0.083	-0.011
0.127	0.193	0.150
0.153	0.179	0.076
0.095	0.059	0.047
0.097	0.013	-0.026
0.066	-0.068	-0.127
0.041	-0.018	-0.061
0.059	0.006	-0.107
0.170	0.172	0.076
0.173	0.115	0.021
0.246	0.197	0.153
0.179	0.074	0.019
0.210	0.158	0.149
0.144	0.096	0.077
0.118	0.105	0.083
0.045	-0.022	-0.094
0.059	-0.041	-0.101
0.123	0.003	-0.106
0.080	0.037	0.039
0.089	0.131	0.118
0.069	0.067	0.057
0.028	-0.025	-0.081
-0.029	-0.155	-0.251
-0.052	-0.170	-0.159
-0.125	-0.283	-0.277
-0.126	-0.275	-0.276
-0.138	-0.325	-0.321
-0.123	-0.249	-0.221
-0.068	-0.050	0.039
-0.078	-0.106	-0.014
-0.101	-0.202	-0.135
-0.100	-0.280	-0.242
-0.042	-0.184	-0.174
-0.038	-0.220	-0.230
-0.049	-0.219	-0.175
-0.011	-0.103	-0.038
-0.000	0.013	0.034
-0.094	-0.133	-0.110
-0.053	-0.047	0.062
-0.113	-0.291	-0.342
-0.050	-0.253	-0.293
0.032	-0.033	0.117
-0.069	-0.285	-0.070
-0.251	-0.693	-0.698
-0.163	-0.444	-0.654
-0.036	-0.379	-0.731
0.056	-0.323	-0.685
0.024	-0.371	-0.861
0.081	-0.271	-0.645
0.058	-0.348	-0.751
0.035	-0.378	-0.754
0.021	-0.381	-0.791
-0.006	-0.350	-0.743
0.018	-0.298	-0.730
0.099	-0.105	-0.462
0.127	-0.026	-0.373
0.212	0.126	-0.111
0.145	-0.016	-0.229
0.218	0.132	-0.147
