0.532	1.349	1.652
0.558	1.241	1.330
0.505	1.158	1.355
0.509	1.137	1.405
0.471	0.940	0.989
0.533	0.978	1.395
0.404	0.805	0.954
0.355	0.792	0.935
0.357	0.814	0.821
0.226	0.538	0.485
0.186	0.481	0.455
-0.049	0.144	-0.319
-0.230	-0.010	-0.161
0.300	0.631	0.879
0.482	0.797	1.034
0.373	0.703	0.791
0.208	0.458	0.418
0.108	0.355	0.248
0.211	0.463	0.310
0.014	0.221	0.128
0.054	0.281	0.135
0.067	0.299	0.121
0.094	0.378	0.203
0.059	0.243	0.020
0.079	0.275	0.012
0.153	0.369	0.143
0.269	0.448	0.220
0.360	0.516	0.327
0.308	0.427	0.117
0.267	0.460	0.132
0.231	0.327	0.043
0.154	0.130	-0.192
0.183	-0.037	-0.434
0.093	-0.198	-0.440
0.182	-0.078	-0.345
0.261	0.019	-0.294
0.419	0.278	0.099
0.462	0.288	0.132
0.481	0.359	0.252
0.620	0.525	0.342
0.424	0.385	0.311
0.381	0.395	0.340
0.301	0.304	0.201
0.261	0.324	0.244
0.219	0.163	0.046
0.259	0.214	0.183
0.250	0.310	0.316
0.132	0.105	0.017
0.121	0.114	-0.013
0.116	0.078	-0.094
0.202	0.225	0.141
0.179	0.164	0.082
0.116	0.116	0.012
0.253	0.238	0.033
0.032	-0.024	-0.178
0.014	-0.019	-0.153
-0.006	-0.088	-0.265
0.028	-0.020	-0.231
0.011	-0.133	-0.467
0.093	-0.051	-0.378
0.185	0.004	-0.193
0.216	0.021	-0.165
0.262	0.173	0.084
0.166	0.004	-0.259
0.070	-0.060	-0.369
0.037	-0.047	-0.270
0.114	0.037	-0.164
0.284	0.189	0.044
0.113	-0.093	-0.337
0.036	-0.232	-0.582
0.025	-0.264	-0.613
0.093	-0.242	-0.503
0.185	-0.051	-0.243
0.347	0.245	0.002
0.156	-0.002	-0.227
0.200	0.025	-0.171
0.181	0.031	-0.271
0.308	0.099	0.019
0.084	0.108	-0.286
-0.073	-0.115	-0.592
-0.067	-0.086	-0.395
-0.025	-0.103	-0.428
0.086	-0.008	-0.302
-0.026	-0.120	-0.489
-0.038	-0.175	-0.596
-0.039	-0.150	-0.508
0.034	-0.062	-0.450
0.143	0.055	-0.250
0.232	0.056	-0.372
0.089	-0.022	-0.309
0.080	0.016	-0.215
0.048	-0.080	-0.460
-0.022	-0.145	-0.482
-0.041	-0.210	-0.553
-0.047	-0.255	-0.593
-0.068	-0.247	-0.436
-0.119	-0.271	-0.388
-0.192	-0.338	-0.645
-0.173	-0.270	-0.630
-0.077	-0.165	-0.405
-0.054	-0.179	-0.421
-0.020	-0.066	-0.234
-0.052	-0.121	-0.427
-0.017	-0.038	-0.314
-0.020	-0.068	-0.500
-0.023	-0.084	-0.412
-0.075	-0.217	-0.447
-0.218	-0.355	-0.669
-0.198	-0.306	-0.580
-0.148	-0.303	-0.545
-0.093	-0.224	-0.434
0.075	-0.098	-0.316
0.003	-0.092	-0.221
-0.053	-0.088	-0.231
-0.035	-0.131	-0.362
0.079	-0.063	-0.140
0.443	0.073	-0.062
0.326	0.021	-0.002
-0.119	-0.108	-0.306
-0.163	-0.177	-0.438
-0.141	-0.199	-0.526
0.670	0.123	0.236
0.686	0.216	0.511
0.488	0.183	0.369
0.454	0.156	0.208
0.464	0.241	0.322
0.408	0.134	0.285
0.358	0.117	0.304
0.326	0.054	0.140
-0.097	-0.076	-0.303
-0.123	-0.057	-0.269
-0.099	-0.150	-0.368
-5.161	-6.524	-8.715
-9.358	-10.570	-10.570
0.262	0.360	4.262
0.323	0.370	4.024
0.194	0.291	3.882
-8.890	-10.570	-10.570
-9.545	-10.570	-10.570
3.252	2.096	5.058
-2.608	-3.901	-1.152
-4.158	-5.604	-3.368
1.977	1.755	5.183
-9.028	-10.570	-10.570
-3.279	-4.186	-1.521
-0.521	-1.343	1.224
-0.829	-1.499	1.066
-7.633	-9.552	-10.570
-8.634	-10.286	-10.570
-7.669	-8.982	-9.917
-6.724	-7.773	-8.259
-7.496	-8.603	-9.282
-6.655	-7.336	-7.288
-7.870	-8.894	-10.457
-7.889	-8.714	-10.370
2.372	4.397	7.589
2.198	4.289	7.412
2.013	4.070	7.042
1.933	4.018	6.983
1.832	3.767	6.756
5.174	5.734	8.007
2.209	3.869	6.829
1.534	3.443	6.171
1.410	3.363	5.950
-6.147	-6.828	-7.937
-8.475	-9.428	-10.570
-4.052	-4.171	-4.234
5.331	6.076	7.998
3.120	4.666	7.356
1.999	2.618	4.273
-8.470	-9.151	-10.570
-8.355	-8.855	-10.570
5.763	6.724	8.811
2.209	4.524	7.182
2.285	4.453	7.150
2.037	4.414	6.880
1.779	4.056	6.364
5.347	6.139	7.875
4.997	5.804	7.379
4.631	5.559	7.200
3.530	4.645	6.602
1.565	3.317	5.598
0.849	2.788	4.790
3.189	3.771	5.037
2.924	3.485	4.635
2.141	3.187	4.945
3.226	3.836	4.955
-6.807	-7.299	-8.436
-9.314	-10.156	-10.570
1.743	2.222	3.407
3.441	4.049	5.472
4.021	4.564	5.715
2.034	3.436	5.566
3.989	4.552	5.877
1.620	3.062	5.207
-5.986	-6.499	-8.156
1.334	2.944	5.153
1.073	2.765	4.868
1.190	2.645	4.684
0.965	2.538	4.457
-8.985	-10.220	-10.570
-8.769	-9.786	-10.570
-8.803	-9.585	-10.570
-5.918	-6.234	-7.022
-8.237	-8.971	-10.570
-8.100	-8.703	-10.570
-7.928	-8.226	-10.523
-1.552	-1.015	0.462
2.830	3.820	5.461
1.886	2.953	4.516
-5.317	-5.199	-6.450
-7.247	-7.314	-8.646
-6.872	-6.565	-7.547
-7.511	-7.169	-8.842
-7.167	-6.665	-7.946
-7.254	-6.653	-8.352
-7.165	-6.411	-7.877
-7.033	-6.129	-7.418
-6.879	-5.994	-6.982
-6.377	-5.375	-5.436
-5.822	-4.704	-4.187
-5.773	-4.607	-3.938
-5.725	-4.530	-3.691
-5.798	-4.629	-3.825
4.861	7.723	10.564
4.369	7.171	10.564
3.861	6.702	10.564
3.529	6.347	10.442
2.684	5.649	9.600
2.490	5.420	9.360
-7.771	-7.335	-8.060
2.495	5.454	9.350
2.364	5.247	8.859
2.032	4.891	8.534
2.178	4.803	8.517
-7.751	-7.763	-9.049
1.909	4.540	8.227
1.648	2.881	5.699
2.323	4.560	8.176
1.768	4.137	7.636
1.317	3.771	6.967
1.203	3.669	6.775
1.195	3.427	6.531
1.099	3.267	6.226
2.444	3.926	6.862
-7.181	-7.690	-9.306
-7.506	-7.905	-8.804
1.705	3.576	6.262
1.505	3.353	5.960
-8.317	-9.196	-10.570
-8.541	-9.117	-10.570
3.565	4.697	7.627
2.042	3.834	6.538
1.697	3.526	6.127
1.451	3.422	5.749
1.572	3.307	5.839
1.533	3.306	5.666
4.079	4.403	5.848
3.211	3.769	5.379
1.216	2.899	4.977
-7.236	-8.190	-9.590
1.291	2.870	4.865
1.178	2.663	4.389
0.983	2.481	4.121
0.984	2.336	4.058
-0.983	-1.796	-1.799
0.890	2.327	3.809
0.902	2.224	3.485
0.760	2.095	3.473
1.171	2.257	3.976
-1.060	-1.871	-2.106
1.024	2.237	3.548
1.020	2.172	3.299
0.927	2.053	3.185
0.923	2.064	3.272
1.592	2.242	3.652
-8.917	-10.341	-10.570
1.029	2.171	3.643
0.928	2.022	3.419
0.761	1.861	3.081
0.746	1.815	3.075
-4.260	-5.059	-4.745
0.898	1.980	3.182
0.902	1.888	2.995
0.906	1.874	2.831
1.500	1.443	2.127
1.328	1.173	1.899
0.889	1.904	2.691
0.797	1.717	2.449
0.715	1.656	2.350
0.651	1.571	2.314
0.584	1.444	1.950
0.633	1.418	1.950
-1.548	-2.593	-2.978
-1.058	-2.260	-2.695
0.779	1.558	1.948
1.075	1.598	2.072
0.734	1.428	1.597
0.282	-0.802	-1.413
2.212	2.186	2.468
0.585	1.326	1.408
0.514	1.228	1.277
0.451	1.071	1.032
0.468	1.076	1.111
0.512	0.955	1.030
0.305	0.848	0.878
0.394	0.827	0.912
2.289	1.925	1.745
0.302	0.801	0.812
-8.180	-10.269	-10.570
0.408	0.844	1.169
0.393	0.850	1.242
3.291	2.518	2.486
-2.227	-3.180	-3.613
-0.018	0.422	0.721
-0.034	0.372	0.649
2.251	1.235	0.782
-9.640	-10.570	-10.570
2.368	1.446	3.171
0.698	0.997	3.581
1.105	1.235	3.578
0.398	0.839	3.216
1.376	1.371	3.529
-9.355	-10.570	-10.570
0.530	0.975	3.482
0.964	1.042	3.711
1.222	1.319	3.896
-9.358	-10.570	-10.570
-9.287	-10.570	-10.570
1.033	1.533	4.338
1.476	1.384	3.900
3.886	3.330	5.481
-9.149	-10.570	-10.570
-8.520	-9.907	-10.570
1.786	2.521	5.358
3.951	3.701	6.176
-6.330	-7.214	-7.360
-8.732	-9.996	-10.570
-8.521	-9.573	-10.570
-7.897	-8.955	-10.570
-8.006	-8.931	-10.335
2.062	2.295	4.493
-8.565	-9.470	-10.570
4.611	4.970	7.330
2.142	3.727	6.897
2.398	3.767	6.855
-8.594	-9.302	-10.570
-8.545	-9.097	-10.570
-7.870	-8.288	-9.787
-2.588	-2.433	-2.359
2.463	4.329	7.454
3.745	5.022	8.033
-8.633	-9.298	-10.570
4.853	5.683	8.258
1.950	3.815	6.772
2.982	4.354	7.355
2.734	4.043	6.945
2.994	4.147	6.974
2.867	3.442	5.518
3.883	4.534	6.919
3.051	3.857	6.331
-8.958	-9.716	-10.570
-8.922	-9.438	-10.570
-7.761	-8.149	-9.745
2.908	3.338	5.312
1.936	2.261	4.166
-8.589	-9.020	-10.570
-8.525	-8.774	-10.570
-5.742	-5.562	-5.666
-4.988	-4.799	-4.637
-6.179	-6.023	-6.262
6.209	7.314	9.994
2.926	4.911	8.339
2.376	4.484	7.832
3.423	5.008	8.188
-8.249	-8.397	-9.534
-6.764	-6.535	-6.871
2.145	3.340	6.091
-7.523	-7.380	-8.119
4.625	6.084	9.493
-8.475	-8.797	-10.570
-8.315	-8.495	-9.532
-8.087	-8.173	-9.301
4.563	6.057	9.580
2.387	4.671	8.557
-8.269	-8.334	-9.357
-8.240	-8.202	-9.197
-8.200	-8.115	-8.930
4.690	5.932	9.200
-7.891	-7.885	-8.388
5.744	6.810	10.135
-8.388	-8.452	-9.174
-8.417	-8.468	-9.188
-8.356	-8.227	-8.887
-8.167	-8.025	-8.560
2.339	4.875	9.054
-8.079	-8.057	-8.405
3.630	5.439	9.892
2.081	4.529	8.906
1.906	4.205	8.469
4.993	6.114	9.906
1.609	3.655	7.747
-7.799	-8.038	-7.879
-6.831	-7.038	-7.487
-7.578	-7.885	-7.960
-6.633	-6.707	-6.034
4.752	5.943	9.958
-8.255	-8.451	-9.089
-1.868	-1.292	0.546
-4.356	-3.987	-2.176
3.501	4.559	8.220
0.644	1.649	5.121
1.268	3.110	7.158
-8.112	-8.507	-9.385
-0.682	-0.043	2.278
-8.228	-8.572	-9.194
-8.253	-8.409	-9.081
-8.179	-8.208	-8.912
-8.070	-7.982	-8.450
-7.844	-7.671	-7.776
-7.743	-7.575	-7.542
-7.683	-7.445	-7.250
2.402	5.114	10.278
-2.508	-1.450	2.419
5.407	7.093	10.564
-7.974	-7.793	-7.224
-7.298	-6.968	-6.602
1.817	2.804	6.799
-7.731	-7.322	-6.005
-7.920	-7.509	-6.551
-6.738	-6.219	-4.896
-7.406	-6.953	-6.001
-7.776	-7.251	-5.999
4.663	6.303	10.564
0.117	1.711	6.731
3.540	5.178	10.226
4.902	6.416	10.564
-8.077	-7.744	-6.513
-5.698	-4.617	-1.779
-8.119	-7.934	-6.882
-7.999	-7.665	-6.208
-7.942	-7.615	-6.709
-7.550	-7.452	-6.619
-0.223	1.503	5.937
-0.582	0.579	5.140
-8.331	-8.257	-7.314
1.774	4.287	9.694
1.380	3.516	8.653
-1.588	-0.119	3.368
1.719	4.058	9.183
1.752	3.962	8.937
2.656	4.482	9.225
0.910	3.247	7.704
1.954	3.675	8.361
1.581	3.317	7.724
1.534	3.184	7.376
1.674	3.130	7.065
0.576	2.574	6.355
1.459	2.772	6.474
-1.109	-0.709	2.086
1.561	1.979	4.287
-8.753	-9.454	-10.570
1.267	3.186	6.669
-6.880	-7.309	-8.202
3.220	3.825	6.408
3.655	4.730	7.753
3.099	4.305	7.338
0.845	2.913	5.774
1.503	3.119	6.219
1.189	3.005	5.764
0.693	2.588	4.987
0.695	2.564	4.921
0.755	2.507	4.799
1.033	2.544	5.022
1.208	2.530	4.750
0.706	2.232	4.100
0.678	2.177	3.913
0.602	1.957	3.473
0.757	1.921	3.523
0.860	1.838	3.352
0.568	1.754	2.984
0.503	1.743	2.913
0.337	1.462	2.390
0.348	1.418	2.251
0.524	1.472	2.467
3.418	3.072	3.928
2.673	2.569	3.327
0.322	1.170	1.523
0.153	0.997	1.416
0.201	1.022	1.523
-8.098	-9.842	-10.570
0.954	1.596	3.125
0.534	1.401	2.672
0.425	1.352	2.456
0.436	1.353	2.327
-5.906	-7.355	-9.506
-8.696	-10.383	-10.570
-8.760	-10.203	-10.570
0.977	2.261	3.541
0.816	2.130	3.314
-8.573	-9.867	-10.570
-8.655	-9.647	-10.570
3.137	3.368	4.466
4.007	4.219	5.232
3.250	3.861	5.529
2.879	3.543	5.218
2.622	3.365	4.782
2.543	3.330	4.666
2.475	3.312	4.591
0.690	2.095	3.224
2.270	2.941	4.221
2.032	2.696	3.832
1.884	2.581	3.624
1.813	2.446	3.290
0.338	1.568	2.285
1.596	2.239	3.090
1.962	2.335	3.073
1.315	1.958	2.580
1.259	1.903	2.446
1.181	1.799	2.269
0.699	1.470	1.862
1.294	1.669	1.842
1.167	1.545	1.866
1.056	1.532	1.822
0.974	1.390	1.547
0.923	1.342	1.471
-0.207	0.686	0.544
0.896	1.202	1.348
0.787	1.184	1.225
0.736	1.131	1.065
0.632	0.903	0.723
-0.439	0.296	-0.176
0.700	0.765	0.520
0.658	0.689	0.489
0.615	0.620	0.292
0.645	0.670	0.353
0.657	0.725	0.423
-0.411	-0.007	-0.505
-0.509	-0.029	-0.626
0.578	0.561	0.244
0.543	0.504	0.077
0.593	0.532	0.141
0.610	0.610	0.223
0.597	0.489	0.067
0.496	0.414	0.040
0.407	0.315	-0.119
0.374	0.288	-0.233
0.513	0.341	-0.341
0.474	0.347	-0.262
-7.961	-10.474	10.564
-4.819	-6.291	-7.117
0.335	-0.583	-0.994
2.196	1.420	1.112
2.027	1.146	2.802
3.176	2.050	3.650
3.580	2.609	4.185
2.635	1.939	3.394
2.959	2.347	3.696
2.792	2.155	3.456
3.417	2.500	3.643
3.411	2.633	3.867
1.969	1.531	2.761
2.285	1.882	3.028
2.477	2.059	2.999
2.692	1.872	2.642
2.787	2.146	3.173
-1.306	-0.380	1.098
-1.342	-0.427	0.840
-1.288	-0.444	0.782
-1.242	-0.527	0.605
-1.186	-0.553	0.570
-1.113	-0.464	0.655
3.095	2.094	2.408
2.285	1.580	1.890
-1.502	-0.841	0.036
1.232	0.908	1.383
2.200	1.487	1.695
3.273	2.261	2.370
2.166	1.471	1.567
-0.472	-0.335	0.587
1.748	1.121	1.059
0.317	-0.439	-0.802
-10.570	-10.570	-10.570
-8.044	-9.435	-8.507
-0.657	-0.094	3.733
-1.011	-0.234	3.219
-2.313	-2.574	-0.202
-7.957	-9.443	-9.260
-7.045	-8.464	-7.824
0.711	0.019	2.437
3.629	3.115	5.523
-7.984	-9.373	-9.834
-6.869	-8.013	-7.666
2.109	1.723	3.978
3.185	2.556	4.579
4.257	3.607	5.546
4.056	3.892	5.836
0.829	0.705	2.471
0.312	0.125	1.834
3.515	3.239	4.878
3.597	3.195	4.744
3.368	3.224	4.810
1.814	1.683	3.040
-3.986	-4.220	-2.963
-10.297	-10.570	10.564
-9.474	-10.485	-10.570
-9.692	-10.570	-10.570
3.531	3.719	5.819
0.569	2.127	4.443
0.447	2.050	4.267
2.623	3.105	5.147
3.222	3.325	5.057
3.647	3.604	5.158
-0.014	1.368	3.232
-0.013	1.400	3.170
-0.007	1.308	2.912
2.028	2.358	4.101
1.733	2.090	3.851
0.207	1.196	2.945
-0.088	1.050	2.656
-0.323	0.808	2.186
0.033	0.854	2.363
0.020	0.804	2.374
-0.019	0.707	2.177
-0.040	0.685	2.080
-0.346	0.539	1.577
0.005	0.618	1.793
0.110	0.716	1.951
0.297	0.971	2.118
0.021	0.672	1.667
-0.147	0.642	1.473
0.211	0.720	1.732
0.184	0.658	1.611
0.190	0.633	1.444
0.138	0.607	1.417
-0.143	0.551	1.162
0.149	0.571	1.251
0.243	0.654	1.305
0.302	0.689	1.314
0.299	0.665	1.212
0.367	0.709	1.235
0.400	0.684	0.975
0.345	0.622	1.028
0.410	0.708	1.127
0.383	0.592	0.920
0.324	0.555	0.797
0.304	0.552	0.816
0.268	0.469	0.658
0.281	0.494	0.751
0.256	0.425	0.631
0.191	0.370	0.538
0.222	0.480	0.656
0.341	0.646	0.764
0.283	0.469	0.573
0.279	0.459	0.553
0.197	0.327	0.355
0.043	0.151	0.138
0.017	0.038	-0.007
-0.041	-0.061	-0.101
-0.046	-0.048	-0.098
0.001	-0.044	-0.334
-0.170	-0.138	-0.308
-0.073	-0.026	-0.153
-0.058	-0.106	-0.261
-0.010	-0.051	-0.195
-0.024	-0.021	-0.167
0.005	-0.086	-0.351
-0.024	-0.150	-0.412
0.042	-0.135	-0.493
-0.042	-0.159	-0.326
-0.052	-0.104	-0.224
-0.086	-0.185	-0.314
-0.133	-0.246	-0.405
-0.109	-0.187	-0.324
-0.085	-0.151	-0.346
0.062	0.027	-0.189
0.234	0.253	0.018
0.294	0.119	-0.079
-2.579	-4.283	-4.092
1.178	-0.448	-0.223
-9.363	-10.570	-10.570
-6.435	-8.052	-8.720
-4.235	-5.520	-4.480
0.912	-0.205	1.027
2.539	1.387	2.562
-0.247	-1.407	-0.320
0.773	1.476	3.509
0.659	1.330	2.993
0.468	1.169	2.872
0.578	1.306	3.024
0.617	1.301	2.975
0.456	1.163	2.556
0.414	1.165	2.468
0.326	1.010	2.172
0.303	0.935	2.034
0.290	0.883	2.034
0.283	0.835	1.899
0.278	0.839	1.872
0.277	0.762	1.631
0.141	0.655	1.526
0.182	0.737	1.664
0.153	0.617	1.465
0.127	0.563	1.404
0.098	0.543	1.383
0.085	0.474	1.202
0.045	0.414	1.110
0.166	0.490	1.064
-0.005	0.297	1.012
0.017	0.374	1.091
0.006	0.319	0.957
0.011	0.346	0.923
-0.005	0.331	0.873
0.001	0.340	0.823
0.082	0.423	0.887
0.281	0.598	0.885
0.091	0.407	0.752
0.083	0.427	0.776
0.071	0.349	0.635
0.112	0.396	0.665
0.135	0.402	0.625
0.193	0.430	0.696
0.220	0.514	0.815
0.243	0.444	0.724
0.264	0.442	0.645
0.255	0.399	0.555
0.307	0.417	0.553
0.516	0.561	0.842
0.476	0.486	0.703
0.441	0.478	0.601
0.412	0.440	0.565
0.385	0.410	0.506
0.454	0.432	0.641
1.398	0.963	1.191
1.283	0.801	0.870
1.266	0.790	0.869
1.237	0.749	0.851
1.278	0.748	0.969
1.319	0.884	0.997
0.023	-0.011	-0.013
0.022	0.011	0.006
1.036	0.538	0.529
1.008	0.514	0.586
0.988	0.441	0.508
-0.000	-0.106	0.009
-0.097	-0.168	-0.120
0.734	0.218	0.220
0.655	0.186	0.075
0.561	0.073	-0.006
0.481	-0.049	-0.194
0.498	-0.008	-0.135
0.510	0.037	-0.029
0.512	0.032	-0.028
0.504	0.043	0.082
0.465	0.051	0.092
0.400	0.002	-0.013
0.367	-0.025	-0.051
0.433	-0.023	-0.195
0.354	-0.059	-0.038
0.389	0.099	0.106
0.382	0.043	-0.045
0.384	0.068	-0.012
0.476	0.106	0.026
0.535	0.149	-0.001
0.566	0.270	0.155
0.540	0.279	0.167
0.598	0.335	0.022
0.645	0.323	-0.068
0.703	0.292	-0.027
0.692	0.275	-0.038
0.758	0.299	-0.046
0.780	0.296	-0.059
0.743	0.253	-0.044
0.805	0.342	0.103
0.765	0.247	0.056
0.640	0.213	-0.059
0.583	0.253	0.101
0.561	0.190	-0.082
0.472	0.085	-0.063
0.478	0.094	0.034
0.569	0.260	0.159
-0.510	-0.568	-0.711
-0.573	-0.604	-0.759
-0.416	-0.618	-0.819
0.247	-0.213	-0.456
0.238	-0.174	-0.334
0.368	-0.011	-0.330
0.147	-0.247	-0.488
0.115	-0.286	-0.623
0.085	-0.306	-0.513
0.120	-0.350	-0.607
0.092	-0.333	-0.439
0.078	-0.325	-0.327
0.039	-0.360	-0.488
0.033	-0.334	-0.485
-0.017	-0.354	-0.456
-0.024	-0.363	-0.455
0.026	-0.294	-0.346
0.030	-0.284	-0.406
-0.083	-0.340	-0.458
-0.035	-0.248	-0.316
0.155	-0.174	-0.356
0.171	-0.159	-0.185
0.199	0.021	-0.039
0.312	0.218	0.068
0.661	0.283	-0.071
0.963	0.250	-0.742
1.536	0.576	-0.434
2.252	1.093	0.158
1.406	0.636	-0.247
0.994	0.306	-0.637
0.816	0.191	-0.721
1.418	0.731	-0.115
1.745	1.059	0.305
-10.570	-10.570	-10.570
1.189	0.771	3.516
-7.189	-8.109	-7.880
-7.942	-8.849	-9.848
-7.153	-8.045	-8.359
-4.772	-5.694	-3.548
2.125	1.626	4.176
-0.125	0.627	3.824
-0.145	0.632	3.683
-0.129	0.522	3.376
2.603	2.267	4.548
2.081	1.878	4.407
2.070	1.888	4.271
1.705	1.644	3.956
1.387	1.392	3.654
2.545	2.222	3.980
2.248	1.918	3.721
0.120	0.475	2.975
-10.570	-10.570	-10.570
-10.368	-10.570	-10.570
-9.989	-10.570	-10.570
2.028	2.411	5.508
-2.214	-2.581	-0.953
-1.136	-1.500	-0.421
-9.349	-10.036	-10.570
-9.173	-9.669	-10.570
1.444	2.786	5.915
1.438	2.809	5.944
2.714	2.736	4.803
-8.281	-8.600	-9.481
3.761	4.454	6.755
1.248	2.979	5.807
1.236	1.666	3.641
2.097	2.249	4.091
3.068	3.503	5.358
1.958	2.520	4.298
3.072	3.729	5.586
3.216	3.840	5.539
3.554	4.013	5.496
4.030	4.244	5.551
-9.195	-9.497	-10.570
-6.838	-6.856	-7.367
3.796	4.369	5.874
3.528	4.078	5.582
4.068	4.266	5.706
3.572	4.022	5.339
3.501	4.055	5.315
3.245	3.744	4.860
3.260	3.742	4.783
3.385	3.770	4.986
3.376	3.729	4.868
2.790	3.231	4.254
2.526	2.871	3.566
2.216	2.648	3.477
2.126	2.621	3.558
2.347	2.749	3.745
1.977	2.340	3.273
1.638	2.038	2.838
1.666	2.064	2.802
1.454	1.894	2.612
-1.305	0.308	1.559
-1.175	0.414	1.628
2.779	2.583	3.082
1.783	1.885	2.283
1.516	1.661	2.074
1.388	1.565	2.056
1.537	1.695	2.263
1.905	1.938	2.598
1.404	1.637	2.259
1.043	1.250	1.707
0.963	1.188	1.661
1.507	1.710	2.142
2.116	1.969	2.264
1.542	1.669	1.912
0.880	1.047	1.300
0.944	1.147	1.383
0.962	1.032	1.188
1.581	1.270	1.216
1.911	1.602	1.582
1.391	1.455	1.455
1.260	1.324	1.303
1.101	1.142	1.115
1.495	1.462	1.555
1.036	1.065	1.279
-1.447	-0.437	0.577
-1.468	-0.537	0.224
-1.409	-0.560	0.151
-1.716	-1.830	-0.606
0.569	0.373	1.608
-0.927	-0.267	1.824
-1.952	-0.794	1.207
-1.746	-0.752	1.206
-1.738	-0.758	1.181
-1.319	-0.623	1.239
-1.381	-0.688	1.308
0.241	0.386	2.236
0.088	-0.266	0.666
-5.805	-6.294	-5.561
-6.158	-7.258	-6.771
1.425	0.933	1.810
-6.947	-7.724	-7.500
-6.989	-7.855	-9.278
-5.645	-6.308	-6.108
1.576	1.339	2.251
2.390	2.073	3.032
2.254	1.918	2.844
0.027	-0.208	0.655
1.212	0.980	1.784
-2.678	-2.964	-2.220
0.960	0.646	1.331
0.446	0.076	0.717
-1.593	-1.846	-1.253
2.578	2.419	3.071
2.843	2.698	3.219
2.677	2.570	3.185
2.821	2.679	3.206
3.676	3.176	3.686
3.167	2.872	3.272
2.571	2.445	2.819
2.375	2.338	2.677
2.415	2.315	2.633
2.285	2.121	2.371
2.739	2.413	2.552
1.965	1.913	2.255
1.733	1.728	2.052
1.686	1.590	1.669
-8.073	-8.592	-9.141
1.164	1.080	1.288
0.987	0.846	1.070
-9.026	-9.940	-10.570
-10.277	-10.570	-10.570
-10.570	-10.570	-10.570
-6.748	-7.322	-7.144
-4.577	-5.012	-3.650
-2.939	-3.099	-1.482
-6.536	-7.088	-7.524
-9.054	-9.907	-10.570
-3.556	-3.795	-2.295
-1.285	-1.280	0.465
3.196	3.312	5.057
-4.016	-3.968	-2.440
-5.871	-6.507	-7.343
-4.742	-5.095	-4.977
-2.883	-2.895	-1.522
4.218	4.353	5.836
-4.134	-4.121	-2.875
-5.715	-6.249	-6.488
-4.804	-5.028	-4.789
1.865	2.141	3.714
2.230	2.518	4.073
-3.906	-3.640	-2.276
-7.866	-8.366	-10.363
-6.801	-7.047	-8.288
-5.008	-5.078	-5.388
-0.517	-0.347	1.053
-0.322	0.131	1.668
3.570	4.194	5.656
4.419	5.011	6.409
5.265	5.603	6.789
5.723	6.050	7.235
4.751	5.343	6.574
4.244	4.886	6.111
4.114	4.746	6.002
2.030	2.433	3.574
2.098	3.406	5.478
1.248	2.895	4.538
0.828	2.494	4.005
0.798	2.413	3.881
3.781	4.057	4.973
3.054	3.231	4.127
3.715	4.049	5.088
3.496	3.904	4.877
3.362	3.784	4.678
2.791	3.053	3.864
-0.402	-0.287	0.393
2.036	2.113	2.730
1.019	1.149	1.846
2.117	2.331	3.031
0.461	0.607	1.254
2.098	2.177	2.825
2.428	2.544	3.232
2.383	2.630	3.340
2.113	2.341	2.867
1.897	2.135	2.586
1.459	1.614	2.016
1.763	1.850	2.279
-0.066	-0.031	0.294
0.914	1.005	1.339
0.046	0.095	0.462
1.203	1.141	1.540
1.220	1.203	1.633
-0.474	-0.487	-0.123
-1.283	-1.289	-0.919
0.281	0.319	0.675
0.322	0.431	0.853
2.332	2.388	2.525
1.767	1.790	2.059
2.762	2.437	2.616
1.784	1.754	2.012
2.219	2.367	2.650
2.206	2.330	2.490
2.108	2.160	2.347
2.457	2.229	2.293
1.896	1.942	2.329
1.812	1.889	2.229
1.621	1.677	1.914
1.661	1.618	1.742
1.723	1.666	1.872
1.677	1.639	1.965
1.312	1.387	1.650
-0.770	-0.124	0.617
-0.910	-0.242	0.505
-1.047	-0.415	0.338
-1.459	-0.668	0.038
1.538	1.322	1.305
1.149	0.970	0.981
1.065	0.908	0.809
-0.010	0.162	0.719
-0.911	-0.514	0.232
-5.309	-5.690	-5.911
0.635	0.509	0.347
0.896	0.752	0.523
-0.339	-0.479	-0.754
0.043	-0.166	-0.404
0.195	0.028	-0.013
0.620	0.409	0.299
0.616	0.450	0.234
0.796	0.633	0.466
0.198	0.192	0.499
0.825	0.678	0.565
0.803	0.611	0.196
0.544	0.409	0.133
0.475	0.392	0.072
0.885	0.654	0.206
-0.501	-0.315	0.041
0.973	0.851	0.575
0.883	0.670	0.182
-0.031	0.000	0.092
-2.228	-1.199	-1.043
-2.040	-1.209	-1.122
1.056	0.750	0.373
1.069	0.797	0.317
0.944	0.713	0.170
-2.272	-1.386	-1.444
-2.164	-1.208	-1.344
-0.505	-0.158	0.135
-1.805	-1.105	-1.011
-1.782	-1.023	-0.990
-0.879	-0.684	-0.525
-0.941	-0.738	-0.510
1.580	1.089	0.670
1.030	0.458	-0.185
1.070	0.569	-0.137
1.326	0.922	0.259
-5.212	-5.810	-6.655
-1.089	-1.629	-2.272
1.142	0.729	0.162
0.947	0.543	0.074
0.202	-0.168	-0.668
-4.182	-4.622	-5.042
-2.524	-2.960	-3.293
0.694	0.366	0.087
-1.180	-1.465	-1.816
-0.430	-0.758	-1.411
0.900	0.597	0.254
1.124	0.896	0.593
0.876	0.722	0.538
-7.361	-7.722	-8.221
1.138	1.073	0.822
-2.810	-3.024	-3.573
-2.612	-2.952	-3.533
-5.314	-5.688	-6.223
-4.461	-4.839	-5.209
-1.332	-1.658	-2.036
-1.406	-1.733	-2.062
-8.848	-10.169	-10.570
1.424	1.172	1.734
2.150	1.999	2.563
2.010	1.920	2.517
1.487	1.496	2.308
-0.622	0.205	1.312
2.367	2.050	2.392
1.879	1.662	2.013
1.957	1.810	2.089
0.038	0.502	1.559
-0.935	-0.076	0.786
0.987	1.028	1.895
1.035	0.797	0.961
1.785	1.598	1.933
0.871	0.940	1.706
0.664	0.735	1.551
0.677	0.705	1.538
2.090	1.820	2.011
1.820	1.546	1.688
1.522	1.241	1.260
1.711	1.366	1.426
1.515	1.159	1.191
1.340	1.047	1.142
1.100	0.914	1.092
1.021	0.864	1.048
0.972	0.853	1.066
1.103	0.891	1.135
1.176	0.973	1.170
0.642	0.557	0.933
0.348	0.182	0.288
-2.404	-2.708	-2.772
0.034	-0.174	2.147
0.302	0.343	3.254
0.974	0.895	3.533
0.171	0.040	2.327
-1.397	-1.548	0.527
-5.276	-5.587	-3.944
0.751	0.841	3.409
0.455	0.401	2.507
-0.000	-0.034	1.864
-10.320	-10.570	-10.570
-7.615	-8.357	-8.390
1.330	1.682	4.341
1.243	1.477	3.994
2.105	2.101	3.972
2.725	2.813	4.642
2.476	2.425	4.100
2.714	2.618	4.192
1.881	1.944	3.760
1.006	1.339	3.282
0.781	1.156	3.113
2.173	2.108	3.384
2.386	2.193	3.490
2.666	2.409	3.531
2.304	2.236	3.288
2.161	2.154	3.154
1.340	1.246	1.916
-7.409	-8.387	-9.552
2.213	2.090	3.121
2.200	2.128	3.258
1.774	1.715	2.696
1.704	1.675	2.629
1.960	1.866	2.688
1.900	1.744	2.533
1.498	1.460	2.395
1.352	1.368	2.289
1.045	1.051	1.808
0.991	0.974	1.772
0.884	0.896	1.830
0.730	0.722	1.656
0.339	0.338	1.050
-2.495	-2.541	-1.907
-3.088	-3.242	-2.772
-1.363	-1.531	-1.015
-2.133	-2.270	-1.721
0.293	0.192	0.683
1.155	1.103	1.610
1.233	1.201	1.729
1.084	0.972	1.385
1.036	0.886	1.344
0.996	0.959	1.437
0.851	0.899	1.324
0.362	0.388	0.670
-1.534	-0.630	0.533
-1.596	-0.683	0.358
0.139	0.080	0.188
0.407	0.427	0.660
0.833	0.814	0.977
0.970	0.925	1.067
1.050	0.943	1.162
0.919	0.784	0.953
0.864	0.837	0.913
0.586	0.663	0.677
0.948	0.990	0.937
0.996	0.996	0.960
1.353	1.310	1.350
1.616	1.543	1.488
1.061	1.020	1.104
0.628	0.720	0.898
0.909	0.917	0.991
-0.660	-0.823	-0.948
-8.933	-10.234	-10.570
-9.907	-10.570	-10.570
-10.570	-10.570	-10.570
-1.857	-1.885	-0.048
-2.772	-2.917	-1.050
-2.805	-2.913	-1.053
-7.109	-7.848	-8.281
-0.224	-0.146	1.578
2.046	2.101	3.775
1.235	1.275	2.955
1.723	1.784	3.540
1.418	1.455	3.107
1.319	1.424	3.040
1.759	1.839	3.316
-0.382	-0.329	0.985
1.291	1.553	3.360
1.125	1.172	2.416
1.620	1.738	2.996
1.526	1.676	2.946
0.015	0.598	2.446
1.549	1.614	2.774
1.461	1.517	2.682
1.154	1.286	2.487
-0.012	0.462	2.094
-0.194	0.335	1.956
1.751	1.742	2.579
1.754	1.765	2.619
1.496	1.573	2.371
-0.774	-0.076	1.355
-0.760	-0.045	1.290
0.786	0.693	1.090
1.056	0.910	1.400
1.179	1.141	1.663
0.914	0.864	1.243
1.194	1.159	1.550
1.204	1.271	1.701
1.708	1.586	1.999
1.694	1.537	2.041
-0.692	-0.013	1.217
-0.634	0.114	1.272
-0.698	-0.130	0.905
-6.183	-6.395	-6.379
-3.973	-4.340	-4.644
1.754	1.651	2.306
1.698	1.759	2.500
1.735	1.868	2.556
1.291	1.260	1.787
1.442	1.405	2.017
1.360	1.257	1.837
1.058	0.946	1.394
0.864	0.813	1.212
-0.641	-0.212	0.614
-1.432	-0.656	0.443
-1.527	-0.723	0.422
-1.499	-0.746	0.359
-1.479	-0.721	0.278
-1.394	-0.643	0.366
-1.342	-0.692	0.179
-1.214	-0.656	0.294
-1.128	-0.660	0.211
1.121	0.818	1.113
1.168	0.866	1.080
1.254	0.859	0.775
1.154	0.816	1.010
1.209	0.920	1.131
1.046	0.773	1.013
-1.418	-0.766	-0.033
-1.624	-0.831	-0.398
-1.552	-0.820	-0.437
-1.425	-0.689	-0.442
-1.227	-0.504	-0.095
-1.182	-0.513	-0.234
-1.095	-0.452	-0.226
-0.985	-0.379	-0.068
-0.892	-0.370	-0.200
-0.831	-0.366	-0.183
-0.758	-0.283	-0.118
-0.790	-0.361	-0.308
-0.753	-0.328	-0.258
-0.741	-0.297	-0.189
-0.173	-0.104	0.201
-0.385	-0.179	-0.005
-0.173	-0.016	0.281
-0.378	-0.139	0.060
-0.400	-0.195	-0.058
-0.433	-0.264	-0.412
-0.388	-0.239	-0.340
-0.328	-0.137	-0.049
-0.337	-0.197	-0.114
-0.337	-0.190	-0.056
-0.362	-0.236	-0.244
-0.484	-0.323	-0.371
-0.495	-0.276	-0.318
-0.572	-0.434	-0.461
-0.609	-0.439	-0.472
-0.613	-0.427	-0.476
-0.656	-0.514	-0.678
-0.602	-0.430	-0.620
-0.557	-0.328	-0.494
-0.614	-0.467	-0.641
-0.568	-0.392	-0.490
-0.524	-0.369	-0.489
-0.395	-0.298	-0.374
-0.301	-0.258	-0.400
-0.230	-0.241	-0.333
-0.177	-0.143	-0.213
-0.193	-0.220	-0.324
-0.137	-0.153	-0.242
-0.124	-0.106	-0.119
-0.022	-0.027	-0.158
-0.089	0.009	-0.132
-0.310	-0.054	-0.447
-0.301	-0.058	-0.532
0.317	0.294	0.152
0.371	0.317	0.045
0.459	0.426	0.262
0.457	0.462	0.325
-0.064	0.197	-0.093
0.511	0.518	0.351
0.407	0.350	0.125
0.206	0.316	0.047
0.178	0.299	0.015
0.176	0.276	-0.027
0.133	0.287	0.017
0.057	0.173	-0.145
0.146	0.259	-0.055
0.146	0.251	-0.003
0.143	0.233	-0.100
0.135	0.228	-0.152
0.258	0.399	0.161
0.043	0.053	-0.254
-0.074	-0.024	-0.351
-0.172	-0.168	-0.638
-0.185	-0.165	-0.737
-0.156	-0.144	-0.553
-0.292	-0.224	-0.679
-0.325	-0.220	-0.602
-0.367	-0.284	-0.643
-0.363	-0.250	-0.716
-0.341	-0.210	-0.591
-0.376	-0.287	-0.785
-0.335	-0.235	-0.560
-0.337	-0.226	-0.421
-0.373	-0.262	-0.647
-0.365	-0.204	-0.666
-0.297	-0.228	-0.781
-0.404	-0.311	-0.762
-0.307	-0.183	-0.513
-0.274	-0.192	-0.489
-0.234	-0.105	-0.388
-0.200	-0.090	-0.355
-0.017	0.003	-0.272
0.124	0.187	0.007
-0.083	0.051	-0.298
0.099	0.137	-0.116
0.116	0.178	-0.039
0.106	0.149	-0.137
0.147	0.194	-0.041
0.254	0.403	0.149
0.182	0.225	-0.003
0.232	0.309	0.149
0.245	0.271	0.025
0.236	0.255	-0.001
0.326	0.280	-0.077
0.205	0.211	-0.003
0.237	0.289	0.112
0.236	0.249	0.150
0.250	0.283	0.172
0.382	0.464	0.254
0.118	0.155	-0.063
0.208	0.235	0.135
0.162	0.147	0.019
0.096	0.081	-0.042
0.085	0.071	-0.132
0.015	0.032	-0.165
0.027	0.079	-0.072
-0.050	-0.067	-0.202
-0.040	-0.031	-0.097
-0.061	-0.059	-0.175
-0.086	-0.084	-0.254
-0.094	-0.032	-0.107
-0.086	-0.014	0.010
-0.176	-0.162	-0.179
-0.175	-0.090	-0.068
-0.364	-0.282	-0.462
-0.325	-0.225	-0.414
-0.316	-0.230	-0.395
-0.295	-0.243	-0.438
-0.216	-0.162	-0.330
-0.022	0.047	-0.186
0.009	-0.029	-0.160
0.037	0.045	-0.022
0.103	0.055	-0.029
0.102	0.102	0.060
0.111	0.138	0.068
0.120	0.149	0.052
0.123	0.176	0.014
0.213	0.208	-0.011
0.188	0.216	0.144
0.269	0.334	0.300
0.207	0.224	0.080
0.206	0.228	0.057
0.212	0.250	0.130
0.243	0.257	0.085
0.282	0.268	0.173
0.280	0.278	0.036
0.244	0.278	0.094
0.276	0.397	0.246
0.227	0.289	0.074
0.223	0.317	0.149
0.222	0.322	0.240
0.176	0.250	0.099
0.040	0.174	-0.065
0.042	0.141	-0.176
-0.058	0.079	-0.163
-0.060	0.123	-0.050
-0.096	-0.004	-0.156
-0.106	0.027	-0.183
-0.137	0.002	-0.177
-0.172	-0.057	-0.259
-0.022	-0.018	-0.023
-0.058	-0.040	0.002
-0.091	-0.081	-0.010
-0.081	-0.039	0.009
-0.070	-0.105	-0.234
-0.173	-0.185	-0.204
-0.131	-0.103	-0.081
-0.078	-0.008	-0.020
-0.157	-0.173	-0.249
-0.133	-0.065	-0.028
-0.251	-0.199	-0.316
-0.161	-0.146	-0.193
-0.162	-0.124	-0.107
-0.203	-0.166	-0.244
-0.200	-0.126	-0.212
-0.194	-0.095	-0.190
-0.111	-0.050	-0.228
-0.097	0.021	-0.248
0.127	0.073	-0.082
0.150	0.110	-0.001
0.191	0.191	0.170
0.279	0.240	0.031
0.134	0.094	-0.058
0.160	0.195	0.046
0.195	0.247	0.169
0.132	0.162	0.041
0.128	0.214	0.200
0.081	0.082	-0.041
0.133	0.132	0.087
0.249	0.211	0.346
0.248	0.196	0.337
0.091	0.126	0.122
-0.013	0.093	-0.159
-0.016	0.053	-0.185
-0.045	0.000	-0.224
-0.005	0.054	0.026
-0.081	-0.041	-0.120
-0.124	-0.078	-0.239
-0.162	-0.131	-0.381
-0.201	-0.196	-0.417
-0.167	-0.172	-0.277
-0.184	-0.262	-0.425
-0.176	-0.219	-0.389
-0.126	-0.138	-0.264
-0.066	-0.063	-0.212
-0.258	-0.309	-0.393
-0.235	-0.230	-0.230
-0.267	-0.218	-0.235
-0.361	-0.360	-0.516
-0.288	-0.340	-0.294
0.413	-0.069	0.228
0.398	-0.056	0.266
-0.225	-0.327	-0.142
-0.204	-0.365	-0.215
-0.126	-0.293	-0.165
0.148	-0.095	0.174
0.174	-0.115	0.072
0.145	-0.115	0.043
0.104	-0.097	0.065
0.120	-0.089	-0.041
0.148	-0.033	0.040
0.222	0.092	0.197
0.230	0.083	0.161
0.211	0.110	0.155
0.269	0.200	0.303
0.334	0.216	0.304
0.359	0.256	0.412
0.415	0.321	0.489
0.146	0.134	0.064
0.084	0.112	-0.041
0.057	0.111	-0.064
0.094	0.096	-0.010
2.724	1.808	1.338
-7.321	-9.279	-10.288
1.951	1.080	2.127
3.018	2.264	3.317
2.823	2.094	3.187
-0.137	0.134	1.647
-0.160	0.115	1.616
-0.160	0.105	1.594
-0.158	0.092	1.504
-0.201	0.084	1.331
-0.255	0.067	1.300
-0.234	0.041	1.230
-0.250	0.025	1.278
-0.255	-0.040	1.054
-0.282	-0.053	1.047
-0.306	-0.041	0.979
-0.238	0.073	1.124
-0.379	-0.172	0.860
-0.344	-0.074	0.994
-0.379	-0.161	0.792
-0.372	-0.132	0.814
-0.366	-0.136	0.905
-0.337	-0.136	0.836
-0.285	-0.095	0.911
-0.312	-0.116	0.837
-0.329	-0.150	0.669
-0.319	-0.126	0.595
1.636	0.638	0.811
2.430	1.570	2.022
0.161	0.180	1.222
-0.135	0.140	0.954
-0.139	-0.032	0.692
-0.007	0.091	0.806
-0.078	0.034	0.728
1.731	1.164	1.808
1.587	1.112	1.671
1.584	1.158	1.665
0.923	0.696	1.335
-0.236	0.041	0.648
2.209	1.379	1.302
-0.373	0.002	0.501
0.106	0.238	0.885
0.299	0.320	1.032
-0.255	0.051	0.635
-0.292	-0.066	0.479
-0.379	-0.126	0.348
2.057	1.353	1.334
-0.331	-0.134	0.413
-0.417	-0.213	0.192
-0.355	-0.190	0.307
-0.163	-0.110	0.413
-0.163	-0.078	0.537
-0.167	-0.165	0.447
-0.403	-0.284	0.146
0.070	-0.059	0.354
0.867	0.134	-0.117
-5.788	-6.895	-7.799
-0.522	-0.233	0.120
-0.508	-0.237	0.182
-0.543	-0.328	0.063
-0.579	-0.346	-0.011
-0.577	-0.276	0.063
-0.560	-0.368	-0.129
-0.559	-0.369	-0.124
-0.467	-0.323	-0.106
-0.410	-0.251	0.060
-0.345	-0.138	0.152
-0.407	-0.236	-0.045
-0.366	-0.172	-0.023
-0.308	-0.170	0.071
0.115	0.023	0.464
0.280	0.220	0.729
-0.145	-0.074	0.238
1.999	1.288	0.914
1.972	1.299	0.976
2.194	1.483	1.159
2.185	1.506	1.240
2.293	1.562	1.196
1.984	1.425	1.229
1.775	1.243	0.970
1.552	1.036	0.771
0.907	0.582	0.737
0.798	0.489	0.740
-0.771	-0.419	-0.235
-0.341	-0.154	0.176
0.304	0.149	0.355
-1.194	-1.828	-2.457
-0.676	-0.416	-0.200
1.001	0.623	0.743
-0.679	-0.462	-0.301
-0.768	-0.516	-0.580
-0.866	-0.559	-0.599
-0.834	-0.444	-0.463
-0.841	-0.583	-0.640
-0.770	-0.530	-0.562
-0.735	-0.477	-0.313
-0.776	-0.549	-0.548
-0.784	-0.556	-0.561
-0.790	-0.666	-0.849
-0.822	-0.672	-0.640
-0.768	-0.566	-0.508
-0.748	-0.594	-0.557
-0.724	-0.535	-0.616
-0.703	-0.486	-0.490
-0.437	-0.364	-0.082
-0.362	-0.362	-0.032
-0.233	-0.254	0.088
-0.623	-0.492	-0.496
-0.581	-0.402	-0.393
-0.315	-0.220	-0.061
0.140	-0.043	0.194
-0.340	-0.283	-0.168
-0.057	-0.140	-0.082
-0.056	-0.109	-0.059
-0.104	-0.083	0.091
1.891	1.204	0.627
1.859	1.167	0.618
1.440	0.709	0.077
0.067	0.079	0.115
-0.071	0.054	0.034
0.000	0.208	0.241
2.050	1.410	0.832
1.991	1.386	0.940
1.760	1.029	0.224
1.263	0.646	-0.117
1.516	1.036	0.370
0.760	0.555	0.488
-0.714	-0.356	-0.409
0.543	0.376	0.443
0.854	0.540	0.461
-9.885	-10.570	-10.570
-3.498	-4.312	-2.994
-8.601	-10.544	-10.570
0.381	0.816	3.090
-9.291	-10.570	-10.570
2.973	2.667	4.357
2.858	2.650	4.212
2.663	2.472	4.066
-7.840	-9.622	-10.570
2.544	2.468	4.156
1.931	1.942	3.779
-2.416	-2.589	-1.286
-3.974	-4.220	-2.971
-1.842	-1.869	-0.653
0.320	0.858	2.674
0.193	1.163	2.926
0.130	1.092	2.822
0.208	1.126	2.851
0.251	1.093	2.555
0.033	0.944	2.448
0.040	0.974	2.433
0.027	0.874	2.299
0.025	0.864	2.268
-0.018	0.869	2.200
-0.012	0.849	2.129
-0.024	0.874	2.147
0.052	0.896	2.226
0.264	0.967	2.281
0.478	1.080	2.386
0.112	0.929	1.958
0.060	0.864	1.807
0.094	0.902	1.789
0.118	0.921	1.779
0.116	0.835	1.646
0.164	0.899	1.703
0.080	0.791	1.551
0.048	0.772	1.514
0.081	0.766	1.367
0.121	0.776	1.456
0.251	0.882	1.676
1.861	1.735	2.543
1.776	1.715	2.384
1.666	1.608	2.246
1.528	1.459	2.064
0.025	0.553	1.269
-0.104	0.461	1.131
-0.162	0.372	0.926
-0.180	0.387	0.884
-0.194	0.320	0.688
-0.225	0.274	0.598
-0.227	0.198	0.507
-0.276	0.162	0.604
-0.241	0.233	0.749
-0.274	0.145	0.494
-0.324	0.111	0.376
-0.350	0.053	0.296
-0.340	0.017	0.209
-0.299	0.063	0.399
-0.324	0.076	0.455
-0.350	-0.020	0.285
-0.327	0.039	0.406
-0.349	-0.030	0.231
-0.318	-0.013	0.203
-0.306	-0.032	0.160
-0.274	-0.035	0.239
-0.215	0.076	0.370
-0.160	0.067	0.142
-0.293	-0.001	0.153
-0.267	0.044	0.143
-0.276	-0.044	-0.049
-0.158	0.092	0.123
-0.142	0.099	0.152
-0.128	0.063	-0.016
-0.088	0.083	0.048
-0.058	0.068	-0.049
-0.018	0.107	0.083
0.013	0.175	0.134
-0.026	0.121	0.093
-0.034	0.116	0.042
-0.020	0.131	0.128
0.027	0.140	0.132
0.062	0.157	0.277
0.078	0.182	0.283
0.064	0.141	0.157
0.087	0.172	0.113
0.186	0.172	0.053
0.098	0.127	0.281
0.110	0.202	0.419
0.082	0.116	0.246
0.043	0.103	0.161
0.029	0.098	0.167
0.017	0.028	0.008
-0.021	-0.025	-0.021
-0.026	-0.012	0.057
-0.133	-0.085	-0.086
-0.158	-0.074	-0.072
-0.151	-0.122	-0.274
-0.256	-0.220	-0.204
-0.355	-0.164	-0.080
-0.361	-0.248	-0.287
-0.347	-0.215	-0.315
-0.372	-0.215	-0.276
-0.401	-0.268	-0.390
-0.347	-0.194	-0.223
-0.278	-0.050	-0.011
-0.390	-0.262	-0.279
-0.386	-0.205	-0.238
-0.371	-0.242	-0.324
-0.340	-0.210	-0.334
-0.313	-0.199	-0.301
-0.254	-0.148	-0.251
-0.154	-0.007	-0.090
0.031	0.202	-0.002
-0.141	0.010	-0.234
-0.083	0.108	-0.093
-0.048	0.092	-0.111
-0.020	0.143	0.019
0.023	0.191	0.083
-0.012	0.137	-0.024
0.022	0.224	0.028
0.048	0.172	-0.018
0.077	0.177	0.057
0.044	0.160	0.003
0.070	0.183	-0.139
0.063	0.189	-0.126
0.194	0.393	0.112
0.087	0.169	-0.079
0.129	0.225	0.028
0.087	0.176	-0.031
0.088	0.200	-0.012
0.085	0.153	-0.120
0.023	0.076	-0.168
0.004	0.067	-0.122
-0.035	-0.011	-0.152
-0.050	-0.034	-0.251
-0.042	0.005	-0.123
-0.058	-0.026	-0.270
0.017	0.057	-0.095
-0.066	-0.042	-0.224
-0.086	-0.044	-0.190
-0.120	-0.061	-0.182
-0.136	-0.083	-0.279
-0.126	-0.011	-0.150
-0.165	-0.127	-0.214
-0.197	-0.159	-0.277
-0.207	-0.168	-0.263
-0.207	-0.148	-0.267
-0.167	-0.079	-0.144
-0.201	-0.167	-0.259
-0.149	-0.135	-0.228
-0.124	-0.086	-0.060
-0.176	-0.147	-0.244
-0.140	-0.087	-0.153
-0.165	-0.089	-0.221
-0.118	-0.051	-0.196
0.001	0.087	0.033
0.059	0.111	0.054
0.037	0.100	-0.066
0.119	0.202	0.064
0.159	0.187	-0.144
0.059	0.127	-0.057
0.132	0.246	0.122
0.156	0.245	0.190
0.172	0.211	0.131
0.140	0.236	0.152
0.125	0.161	-0.035
0.155	0.182	0.017
0.212	0.219	0.234
0.228	0.203	0.246
0.232	0.232	0.292
0.212	0.233	0.255
0.265	0.287	0.263
0.234	0.263	0.230
0.181	0.190	0.138
0.109	0.103	0.146
0.177	0.218	0.345
0.189	0.160	0.123
0.097	0.162	0.270
0.089	0.157	0.291
0.043	0.041	0.161
0.028	0.020	-0.009
0.050	0.113	0.146
0.037	0.052	-0.006
0.057	0.080	-0.035
0.021	0.014	-0.073
0.001	-0.003	0.044
-0.007	-0.015	0.086
0.076	0.045	-0.063
-0.104	-0.099	-0.140
-0.127	-0.055	-0.010
-0.192	-0.171	-0.193
-0.206	-0.196	-0.148
-0.160	-0.167	-0.174
-0.141	-0.101	-0.024
-0.134	-0.037	0.002
-0.130	-0.109	-0.124
-0.054	-0.000	-0.017
0.027	0.046	0.084
0.100	0.117	0.182
0.175	0.205	0.243
0.313	0.435	0.637
0.180	0.222	0.339
0.172	0.250	0.294
0.205	0.195	0.215
0.245	0.233	0.353
0.246	0.244	0.349
0.112	0.130	0.094
0.152	0.228	0.157
0.199	0.317	0.233
0.141	0.131	0.151
0.312	0.215	0.455
0.199	0.139	0.168
0.158	0.138	0.035
0.132	0.116	-0.022
0.100	0.056	-0.100
0.092	0.050	-0.015
0.103	-0.000	-0.173
0.040	-0.005	-0.046
0.056	0.044	-0.018
-0.007	-0.072	-0.222
-0.007	-0.091	-0.250
-0.026	-0.105	-0.142
-0.055	-0.162	-0.215
-0.088	-0.198	-0.413
-0.034	-0.130	-0.211
0.018	-0.130	-0.101
0.030	-0.152	-0.031
-0.060	-0.195	-0.089
-0.096	-0.200	-0.284
-0.131	-0.214	-0.253
-0.199	-0.359	-0.398
-0.260	-0.409	-0.350
-0.241	-0.356	-0.408
-0.160	-0.287	-0.523
-0.306	-0.399	-0.518
-0.189	-0.185	-0.246
-0.150	-0.239	-0.271
-0.096	-0.150	-0.199
-0.091	-0.116	-0.239
-0.088	-0.126	-0.310
0.073	-0.071	-0.069
0.197	0.085	0.022
-0.101	-0.167	-0.263
-0.033	-0.067	-0.123
-0.019	-0.103	-0.193
-0.013	-0.070	-0.164
-0.002	-0.046	-0.123
-0.031	-0.096	-0.250
0.116	-0.029	-0.099
0.333	0.157	0.033
0.100	-0.022	-0.117
0.310	0.128	0.205
0.097	-0.061	-0.200
0.009	-0.090	-0.295
0.068	-0.089	-0.401
-0.026	-0.134	-0.287
0.014	-0.086	-0.177
-0.036	-0.159	-0.392
-0.107	-0.193	-0.533
0.013	-0.216	-0.737
-0.155	-0.357	-0.678
-0.126	-0.304	-0.507
-0.138	-0.362	-0.456
-0.135	-0.323	-0.253
-0.058	-0.217	-0.239
-0.251	-0.440	-0.476
-0.258	-0.417	-0.374
-0.276	-0.545	-0.477
-0.279	-0.518	-0.445
-0.164	-0.335	-0.337
-0.334	-0.502	-0.367
-0.314	-0.415	-0.308
-0.303	-0.424	-0.431
-0.276	-0.380	-0.396
-0.211	-0.404	-0.547
-0.324	-0.445	-0.377
-0.291	-0.351	-0.175
-0.286	-0.386	-0.318
-0.263	-0.308	-0.276
-0.260	-0.272	-0.221
-0.177	-0.257	-0.132
-0.096	-0.107	0.021
-0.122	-0.131	-0.137
-0.040	-0.031	-0.069
0.010	0.036	0.045
0.063	0.057	0.086
0.125	0.131	0.221
0.161	0.280	0.383
0.107	0.125	0.289
0.119	0.177	0.383
0.102	0.105	0.310
0.073	0.095	0.256
0.100	0.120	0.254
0.130	0.123	0.256
0.495	0.354	0.752
0.192	0.196	0.447
0.168	0.172	0.278
0.184	0.219	0.314
0.095	0.129	0.097
0.060	0.084	0.142
0.079	0.073	0.172
0.034	0.046	0.138
0.052	0.124	0.188
-0.006	0.036	0.051
-0.056	-0.003	-0.028
-0.084	-0.042	0.038
-0.111	-0.085	0.013
-0.081	-0.038	0.031
0.055	0.160	0.078
-0.084	-0.053	-0.078
-0.074	-0.017	-0.004
-0.106	-0.127	-0.093
-0.108	-0.155	-0.108
-0.087	-0.164	-0.236
-0.141	-0.138	-0.146
-0.135	-0.065	-0.091
-0.204	-0.159	-0.197
-0.225	-0.171	-0.135
-0.120	-0.115	-0.139
-0.201	-0.125	-0.093
-0.198	-0.101	-0.147
-0.184	-0.104	-0.203
-0.171	-0.064	-0.170
-0.071	-0.032	-0.019
-0.008	0.023	0.039
0.032	0.064	0.108
0.025	0.074	0.066
0.056	0.168	0.191
0.066	0.101	0.078
1.804	1.226	1.157
1.872	1.422	1.309
1.691	1.162	1.042
1.623	1.152	1.061
1.612	1.118	0.917
0.626	0.498	0.628
1.287	0.867	0.737
0.484	0.289	0.364
-0.141	-0.087	-0.192
-0.373	-0.176	-0.224
-0.323	-0.079	-0.161
-0.271	-0.093	-0.216
-0.254	-0.036	-0.149
-0.280	-0.119	-0.261
-0.248	-0.112	-0.176
-0.147	-0.062	-0.239
-0.264	-0.157	-0.250
-0.244	-0.093	-0.186
-0.251	-0.126	-0.270
-0.217	-0.050	-0.141
-0.276	-0.094	-0.154
-0.215	-0.203	-0.138
-0.173	-0.194	-0.084
-0.320	-0.299	-0.294
-0.390	-0.277	-0.360
-0.238	-0.203	-0.445
-0.323	-0.234	-0.333
-0.280	-0.290	-0.252
-0.333	-0.431	-0.435
-0.361	-0.432	-0.466
-0.346	-0.388	-0.338
-0.355	-0.388	-0.395
-0.303	-0.303	-0.244
-0.317	-0.405	-0.394
-0.365	-0.383	-0.319
-0.348	-0.263	-0.285
-0.337	-0.230	-0.337
-0.311	-0.279	-0.371
-0.237	-0.173	-0.196
-0.053	-0.129	0.113
-0.030	-0.086	0.148
0.008	0.002	0.218
-0.000	0.032	0.316
-0.012	-0.012	0.238
0.020	0.012	0.150
-0.074	0.008	0.149
0.008	0.093	0.369
0.043	0.078	0.292
-0.018	0.077	0.214
-0.061	0.043	0.204
-0.098	0.001	0.076
0.365	0.287	0.546
0.271	0.195	0.554
-0.073	-0.003	0.115
-0.020	0.108	0.222
-0.093	0.019	-0.035
-0.080	0.026	-0.016
-0.045	0.039	0.096
-0.078	-0.038	0.116
-0.078	-0.028	0.030
0.024	0.031	-0.073
-0.166	-0.132	-0.168
-0.190	-0.128	-0.125
-0.231	-0.235	-0.248
-0.249	-0.258	-0.222
-0.264	-0.278	-0.134
-0.234	-0.281	-0.164
-0.194	-0.205	-0.141
-0.166	-0.212	-0.198
-0.229	-0.253	-0.214
-0.129	-0.131	0.026
-0.199	-0.175	-0.043
-0.230	-0.238	-0.188
-0.183	-0.150	-0.038
-0.239	-0.244	-0.194
-0.278	-0.285	-0.343
-0.268	-0.281	-0.217
-0.252	-0.278	-0.210
-0.230	-0.217	-0.158
-0.096	-0.123	-0.219
-0.251	-0.255	-0.217
-0.197	-0.189	-0.113
-0.185	-0.203	-0.131
-0.157	-0.112	-0.072
-0.153	-0.078	-0.026
-0.181	-0.092	-0.096
-0.178	-0.036	-0.102
-0.206	-0.119	-0.227
-0.121	-0.021	-0.039
-0.036	0.072	0.086
-0.029	0.064	0.015
-0.045	0.058	-0.106
-0.014	0.153	-0.053
0.005	0.110	0.044
0.006	0.150	0.087
-0.003	0.111	0.001
-0.007	0.154	0.041
-0.017	0.154	0.132
0.025	0.144	0.225
0.033	0.135	0.239
0.005	0.084	0.127
-0.041	0.077	0.097
-0.048	0.092	0.029
0.047	0.160	0.015
-0.166	-0.069	-0.052
-0.155	-0.005	0.106
-0.190	-0.081	-0.066
-0.113	0.024	0.080
-0.119	0.038	0.023
-0.175	-0.064	-0.130
-0.179	-0.062	0.008
-0.195	-0.050	-0.009
-0.153	-0.042	-0.036
-0.147	-0.011	-0.057
-0.183	-0.036	-0.109
-0.198	-0.086	-0.086
-0.248	-0.137	-0.080
-0.269	-0.166	-0.125
-0.284	-0.189	-0.145
-0.289	-0.176	-0.372
-0.277	-0.139	-0.316
-0.291	-0.156	-0.161
-0.330	-0.175	-0.200
-0.314	-0.135	-0.058
-0.295	-0.117	-0.116
-0.259	-0.050	-0.072
-0.172	0.005	-0.009
-0.139	0.010	-0.033
-0.089	0.060	0.046
-0.062	0.088	0.076
-0.120	0.037	-0.008
-0.049	0.139	0.146
0.038	0.152	-0.070
-0.026	0.121	-0.019
0.055	0.244	0.121
0.166	0.352	0.140
0.017	0.186	0.061
0.086	0.304	0.212
0.042	0.259	0.074
0.091	0.251	0.117
0.144	0.320	0.302
0.112	0.224	0.183
0.093	0.212	0.161
0.103	0.265	0.226
0.043	0.164	0.014
0.026	0.136	0.061
0.133	0.198	0.054
0.021	0.089	0.119
0.033	0.125	0.123
0.018	0.135	0.179
-0.002	0.073	0.010
0.020	0.134	0.122
-0.060	-0.014	0.006
-0.103	-0.039	0.014
-0.107	-0.027	0.079
-0.132	-0.086	-0.063
-0.123	-0.049	-0.097
-0.128	-0.011	-0.006
-0.167	-0.097	-0.159
-0.095	-0.046	-0.003
-0.098	-0.027	-0.023
-0.099	-0.038	-0.117
-0.098	-0.020	-0.104
-0.119	-0.030	-0.050
-0.149	-0.085	-0.140
-0.109	-0.045	-0.033
-0.107	-0.087	-0.153
-0.182	-0.088	-0.076
-0.153	-0.009	-0.064
-0.160	0.040	0.039
-0.190	-0.074	-0.120
-0.161	-0.041	-0.022
-0.129	-0.018	-0.033
-0.101	0.028	0.023
-0.060	0.086	-0.062
-0.070	0.091	0.132
-0.040	0.163	0.164
-0.030	0.102	0.091
0.003	0.146	0.144
0.014	0.165	0.191
-0.014	0.109	0.013
-0.063	0.075	-0.050
-0.105	0.032	-0.121
-0.077	0.027	-0.064
-0.045	0.033	-0.024
-0.070	0.003	-0.042
-0.051	0.020	-0.038
-0.047	0.043	-0.041
0.021	0.061	-0.115
-0.058	-0.022	-0.085
-0.054	0.012	0.066
-0.061	-0.095	-0.033
-0.033	-0.039	-0.034
-0.062	-0.026	-0.027
-0.105	-0.076	-0.173
-0.086	-0.048	-0.144
-0.072	-0.056	-0.129
-0.070	-0.066	-0.055
-0.054	-0.000	0.019
-0.014	-0.036	-0.124
-0.065	-0.018	-0.034
-0.063	0.036	-0.010
-0.017	0.112	0.180
-0.135	-0.118	-0.064
-0.120	-0.055	0.084
-0.141	-0.032	0.019
-0.136	-0.073	-0.104
-0.150	-0.043	-0.043
-0.182	-0.143	-0.170
-0.197	-0.153	-0.094
-0.219	-0.161	-0.033
-0.217	-0.165	-0.143
-0.170	-0.104	-0.098
-0.134	-0.079	-0.092
-0.105	-0.053	-0.038
-0.078	0.014	0.016
-0.031	0.097	0.174
-0.113	-0.064	-0.067
-0.073	0.057	0.053
-0.059	0.027	0.003
-0.102	-0.002	-0.081
-0.082	0.021	0.031
-0.119	-0.044	-0.066
-0.031	0.043	0.089
0.096	0.132	-0.046
0.021	0.086	0.072
0.068	0.148	0.064
0.116	0.136	0.023
0.142	0.150	0.124
0.163	0.185	0.178
0.096	0.122	0.037
0.125	0.195	0.113
0.228	0.314	0.241
0.026	0.045	0.033
-0.003	0.036	0.149
-0.041	-0.043	-0.008
-0.051	-0.045	-0.150
-0.018	0.048	-0.004
-0.012	0.009	-0.036
-0.035	-0.028	-0.029
-0.056	-0.052	-0.022
-0.091	-0.085	-0.051
-0.156	-0.105	-0.162
-0.158	-0.142	-0.249
-0.211	-0.164	-0.119
-0.174	-0.099	0.003
-0.170	-0.084	0.112
-0.216	-0.207	-0.088
-0.208	-0.110	-0.060
-0.210	-0.141	-0.040
-0.121	-0.060	0.038
-0.153	-0.088	0.063
-0.179	-0.164	-0.033
-0.156	-0.114	-0.034
-0.130	-0.036	0.018
-0.138	-0.097	-0.077
-0.145	-0.056	-0.097
-0.155	-0.090	-0.083
-0.162	-0.093	-0.079
-0.124	-0.028	-0.031
-0.114	-0.038	-0.143
-0.128	0.013	-0.054
-0.066	0.141	0.095
-0.035	0.084	0.008
0.017	0.115	0.067
0.053	0.233	0.330
-0.021	0.143	0.114
-0.040	0.125	0.038
-0.042	0.141	0.109
-0.035	0.100	0.036
-0.003	0.150	0.127
-0.010	0.175	0.179
0.011	0.194	0.169
0.021	0.219	0.122
0.077	0.229	0.057
0.020	0.192	0.153
0.097	0.298	0.422
0.040	0.181	0.313
0.027	0.172	0.193
0.017	0.223	0.296
0.016	0.159	0.121
0.029	0.164	0.184
-0.024	0.090	0.175
-0.094	-0.007	0.058
-0.085	0.037	0.140
-0.042	0.100	0.195
-0.100	0.009	-0.034
-0.081	0.029	-0.036
0.050	0.183	0.084
-0.068	0.005	0.081
-0.092	0.005	0.103
-0.159	-0.062	-0.068
-0.151	-0.021	-0.039
-0.149	-0.013	-0.088
-0.161	-0.040	-0.120
-0.153	0.033	0.067
-0.233	-0.107	-0.109
-0.247	-0.077	-0.038
-0.264	-0.088	-0.203
-0.218	-0.075	-0.209
-0.189	-0.044	-0.128
-0.101	-0.031	-0.236
-0.178	-0.051	-0.065
-0.109	0.102	0.152
-0.015	0.226	0.250
-0.096	0.059	0.002
-0.085	0.105	0.024
-0.045	0.051	-0.037
0.005	0.117	0.097
0.011	0.154	0.159
0.018	0.135	0.085
0.007	0.141	0.084
0.003	0.170	0.109
0.046	0.165	0.091
0.040	0.179	0.158
0.037	0.199	0.226
0.029	0.201	0.198
0.025	0.242	0.251
0.013	0.187	0.084
-0.048	0.125	0.106
-0.048	0.146	0.157
0.064	0.219	0.085
-0.088	0.052	-0.041
-0.069	0.114	0.078
-0.065	0.033	0.034
-0.073	0.022	0.061
-0.042	0.078	0.247
-0.146	-0.045	-0.078
-0.100	0.032	-0.040
-0.102	0.023	-0.028
-0.096	-0.005	-0.076
-0.060	0.032	0.046
-0.083	0.030	0.069
-0.121	0.039	0.030
-0.063	0.148	0.144
-0.085	0.071	0.063
-0.102	0.050	0.079
-0.189	-0.076	0.001
-0.153	-0.066	-0.032
-0.143	-0.010	-0.082
-0.006	0.077	-0.174
-0.121	-0.033	-0.165
-0.125	-0.026	-0.098
-0.124	-0.088	-0.151
-0.151	-0.064	-0.225
-0.098	-0.055	-0.268
-0.165	-0.084	-0.200
-0.164	-0.023	-0.090
-0.131	-0.048	-0.002
-0.061	0.034	0.082
-0.055	0.073	0.117
-0.015	0.094	0.092
0.019	0.100	0.165
0.003	0.068	0.015
0.015	0.069	0.053
0.039	0.133	0.073
0.137	0.179	-0.038
0.057	0.142	0.080
0.135	0.238	0.255
0.124	0.169	0.154
0.092	0.108	-0.001
0.058	0.174	0.077
0.047	0.111	0.027
0.070	0.130	0.072
0.060	0.120	0.169
0.003	0.020	0.033
-0.043	0.004	0.026
-0.049	0.065	0.044
-0.078	0.008	-0.007
-0.094	-0.001	-0.036
-0.138	-0.040	-0.001
-0.167	-0.120	-0.032
-0.180	-0.145	-0.084
-0.133	-0.032	0.027
-0.134	-0.088	-0.043
-0.130	-0.109	-0.196
-0.103	-0.081	-0.096
-0.140	-0.168	-0.173
-0.137	-0.157	-0.112
-0.138	-0.106	-0.098
-0.139	-0.135	-0.191
-0.149	-0.100	-0.185
-0.105	-0.129	-0.384
-0.208	-0.218	-0.248
-0.183	-0.123	-0.056
-0.138	-0.062	0.123
-0.142	-0.107	-0.003
-0.155	-0.056	0.117
-0.122	-0.096	-0.009
-0.160	-0.132	-0.050
-0.125	-0.060	0.100
-0.171	-0.130	-0.105
-0.159	-0.096	-0.105
-0.134	-0.072	-0.115
-0.134	-0.109	-0.291
-0.081	-0.060	-0.096
-0.025	0.029	0.051
-0.012	0.056	0.033
0.035	0.093	0.045
0.067	0.131	0.091
0.057	0.096	0.041
0.059	0.111	0.025
0.077	0.137	0.149
0.069	0.132	0.139
0.044	0.122	0.070
0.021	0.097	-0.052
0.042	0.065	-0.077
0.005	0.030	0.012
0.037	0.081	0.100
0.041	0.084	0.085
0.034	0.089	-0.040
0.008	0.053	-0.124
0.007	0.043	-0.070
0.038	0.038	0.010
-0.056	-0.119	-0.202
-0.085	-0.132	-0.259
-0.082	-0.135	-0.343
-0.104	-0.128	-0.328
-0.058	-0.034	-0.095
-0.040	-0.101	-0.184
-0.054	0.007	-0.074
-0.335	-0.391	-0.603
-0.488	-0.510	-0.867
-0.665	-0.713	-1.058
-0.604	-0.638	-0.980
-0.316	-0.313	-0.241
0.114	0.062	0.015
0.024	0.033	0.098
-0.086	-0.013	0.013
-0.188	-0.162	-0.301
-0.247	-0.206	-0.321
-0.188	-0.217	-0.418
-0.233	-0.180	-0.257
-0.213	-0.153	-0.420
-0.210	-0.130	-0.428
-0.211	-0.168	-0.379
-0.117	-0.037	-0.023
-0.109	-0.066	-0.059
-0.067	-0.020	0.022
-0.057	0.003	-0.023
-0.080	-0.008	-0.097
0.010	0.142	0.001
0.287	0.401	0.281
0.181	0.307	0.275
0.311	0.493	0.645
0.302	0.395	0.571
0.274	0.385	0.423
0.195	0.361	0.334
0.181	0.315	0.218
0.158	0.319	0.151
0.135	0.275	0.227
0.148	0.223	0.310
0.210	0.254	0.468
0.211	0.184	0.370
0.249	0.273	0.626
0.189	0.264	0.673
-0.264	-0.304	-0.136
-0.373	-0.400	-0.512
-0.212	-0.239	-0.365
0.071	0.089	0.218
0.278	0.327	0.588
-0.055	-0.071	0.056
-0.244	-0.261	-0.393
-0.302	-0.365	-0.550
-0.237	-0.263	-0.333
-0.124	-0.097	-0.273
-0.327	-0.393	-0.659
-0.286	-0.292	-0.708
-0.245	-0.280	-0.908
-0.289	-0.260	-0.616
-0.183	-0.133	-0.370
-0.193	-0.281	-0.399
-0.251	-0.350	-0.375
-0.259	-0.326	-0.196
-0.279	-0.356	-0.291
-0.289	-0.320	-0.279
-0.285	-0.284	-0.257
-0.272	-0.281	-0.352
-0.198	-0.207	-0.219
-0.109	-0.148	-0.145
-0.086	-0.073	-0.051
-0.046	0.022	0.041
0.053	0.073	-0.071
-0.081	-0.000	0.013
-0.089	-0.014	-0.025
-0.043	0.013	-0.002
0.025	0.092	0.162
0.160	0.309	0.389
-0.007	0.041	0.047
0.030	0.105	0.078
0.022	0.066	-0.069
0.051	0.113	0.024
0.147	0.292	0.315
0.140	0.235	0.328
0.121	0.234	0.342
0.110	0.208	0.072
0.171	0.318	0.187
0.065	0.146	0.005
0.099	0.110	0.301
0.182	0.149	0.606
0.070	0.014	0.370
-0.039	-0.026	0.077
0.164	0.269	0.337
0.116	0.248	0.516
0.344	0.488	1.262
0.238	0.304	0.760
0.208	0.288	0.689
0.186	0.289	0.657
0.183	0.279	0.536
0.202	0.402	0.498
0.057	0.200	0.123
0.002	0.167	0.188
-0.067	0.068	0.288
0.002	0.138	0.437
0.070	0.154	0.514
0.089	0.118	0.529
0.097	0.188	0.728
0.038	0.097	0.509
-0.009	0.134	0.544
0.013	0.160	0.667
0.038	0.144	0.624
0.078	0.190	0.656
0.150	0.176	0.465
0.122	0.170	0.497
0.177	0.274	0.715
0.278	0.409	0.878
0.108	0.196	0.616
0.150	0.268	0.644
