-0.129	0.186	-0.054
0.092	0.534	0.180
0.154	0.631	0.261
0.104	0.486	0.177
0.107	0.476	0.167
0.003	0.364	0.052
-0.020	0.358	0.043
-0.040	0.384	0.093
-0.022	0.495	0.227
-0.095	0.423	0.122
-0.122	0.448	0.159
-0.146	0.411	0.145
-0.078	0.474	0.202
-0.152	0.394	0.158
-0.207	0.337	0.083
-0.230	0.320	0.046
-0.241	0.307	0.072
-0.193	0.401	0.164
-0.288	0.273	0.039
-0.296	0.317	0.071
-0.298	0.252	0.026
-0.250	0.364	0.150
-0.300	0.267	0.037
-0.269	0.327	0.099
-0.235	0.317	0.106
-0.201	0.341	0.161
-0.221	0.311	0.079
-0.273	0.266	0.013
-0.272	0.274	0.038
-0.213	0.341	0.109
-0.302	0.265	0.122
-0.343	0.220	0.077
-0.331	0.239	0.082
-0.325	0.232	0.096
-0.336	0.217	0.141
-0.334	0.185	0.165
-0.273	0.312	0.286
-0.371	0.166	0.142
-0.370	0.174	0.127
-0.451	0.060	0.047
-0.374	0.181	0.215
-0.432	0.079	0.125
-0.434	0.072	0.083
-0.425	0.102	0.067
-0.426	0.099	0.078
-0.387	0.093	0.142
-0.382	0.086	0.163
-0.372	-0.092	-0.194
-0.406	0.041	0.060
-0.453	-0.020	-0.050
-0.457	-0.045	-0.030
-0.447	-0.038	0.020
-0.425	-0.002	0.094
-0.446	-0.029	0.050
-0.449	-0.029	0.009
-0.457	-0.075	-0.056
-0.412	-0.050	0.001
-0.367	-0.022	0.081
-0.348	0.008	0.084
-0.385	-0.016	0.058
-0.395	-0.067	-0.048
-0.413	-0.083	-0.083
-0.311	0.060	0.113
-0.367	-0.055	0.023
-0.334	0.034	0.089
-0.382	-0.090	-0.070
-0.419	-0.108	-0.114
-0.378	-0.088	-0.040
-0.292	0.034	0.086
-0.329	-0.026	0.018
-0.361	-0.065	-0.014
-0.412	-0.100	-0.070
-0.421	-0.120	-0.051
-0.333	0.032	0.115
-0.433	-0.118	-0.029
-0.453	-0.121	-0.035
-0.474	-0.159	-0.100
-0.336	-0.033	-0.069
-0.423	-0.096	0.020
-0.440	-0.122	-0.001
-0.449	-0.115	-0.016
-0.457	-0.136	0.003
-0.404	-0.018	0.133
-0.489	-0.137	0.009
-0.453	-0.043	0.050
-0.531	-0.167	-0.056
-0.522	-0.143	-0.002
-0.510	-0.146	0.003
-0.476	-0.093	0.073
-0.514	-0.156	-0.043
-0.513	-0.126	-0.001
-0.520	-0.156	-0.037
-0.485	-0.122	0.026
-0.506	-0.132	-0.014
-0.537	-0.151	-0.054
-0.599	-0.231	-0.167
-0.601	-0.243	-0.153
-0.578	-0.238	-0.088
-0.563	-0.193	-0.025
-0.597	-0.236	-0.099
-0.562	-0.152	-0.033
-0.591	-0.226	-0.073
-0.584	-0.198	0.011
-0.603	-0.230	-0.048
-0.601	-0.208	-0.076
-0.635	-0.248	-0.140
-0.597	-0.381	-0.427
-0.674	-0.297	-0.099
-0.599	-0.334	-0.375
-0.707	-0.332	-0.186
-0.691	-0.327	-0.200
-0.648	-0.290	-0.149
-0.634	-0.289	-0.127
-0.628	-0.276	-0.133
-0.656	-0.306	-0.188
-0.661	-0.293	-0.180
-0.649	-0.288	-0.128
-0.614	-0.232	-0.038
-0.694	-0.310	-0.131
-0.663	-0.266	-0.122
-0.656	-0.279	-0.113
-0.617	-0.227	-0.037
-0.617	-0.261	-0.058
-0.616	-0.230	-0.062
-0.606	-0.233	-0.098
-0.508	-0.252	-0.307
-0.579	-0.185	-0.018
-0.584	-0.356	-0.273
-0.634	-0.254	-0.086
-0.665	-0.403	-0.335
-0.661	-0.283	-0.084
-0.627	-0.240	-0.039
-0.598	-0.199	-0.003
-0.643	-0.249	-0.093
-0.649	-0.256	-0.109
-0.624	-0.222	-0.053
-0.632	-0.219	-0.012
-0.625	-0.384	-0.375
-0.683	-0.272	-0.099
-0.720	-0.366	-0.230
-0.724	-0.315	-0.109
-0.688	-0.224	-0.036
-0.746	-0.337	-0.109
-0.640	-0.205	0.041
-0.664	-0.267	0.010
-0.614	-0.170	0.052
-0.678	-0.286	-0.064
-0.684	-0.265	-0.045
-0.671	-0.264	-0.009
-0.634	-0.211	0.103
-0.680	-0.247	0.040
-0.690	-0.183	0.075
-0.754	-0.295	-0.069
-0.762	-0.292	-0.068
-0.721	-0.261	-0.018
-0.664	-0.193	0.080
-0.676	-0.233	0.037
-0.668	-0.194	0.050
-0.714	-0.282	-0.088
-0.703	-0.260	-0.050
-0.671	-0.230	0.009
-0.644	-0.201	0.073
-0.728	-0.292	-0.046
-0.745	-0.287	-0.052
-0.729	-0.299	-0.086
-0.697	-0.314	-0.084
-0.646	-0.205	0.055
-0.643	-0.149	0.072
-0.670	-0.194	0.014
-0.699	-0.241	-0.008
-0.718	-0.278	-0.073
-0.718	-0.299	-0.093
-0.730	-0.301	-0.105
-0.674	-0.193	-0.011
-0.723	-0.284	-0.037
-0.710	-0.295	0.000
-0.732	-0.333	-0.067
-0.725	-0.322	-0.053
-0.714	-0.319	-0.068
-0.697	-0.303	-0.006
-0.663	-0.263	0.052
-0.713	-0.312	-0.039
-0.765	-0.372	-0.104
-0.775	-0.373	-0.127
-0.728	-0.289	0.032
-0.751	-0.361	-0.040
-0.709	-0.285	0.027
-0.749	-0.392	-0.123
-0.686	-0.303	-0.026
-0.674	-0.295	-0.013
-0.625	-0.239	0.041
-0.676	-0.275	-0.010
-0.578	-0.061	0.103
-0.586	-0.262	-0.204
-0.584	-0.302	-0.199
-0.659	-0.480	-0.353
-0.679	-0.311	-0.057
-1.070	-0.815	-0.335
-0.783	-0.354	-0.132
-0.581	-0.301	-0.190
-0.535	-0.230	-0.069
-0.570	-0.264	-0.058
-0.526	-0.213	0.030
-0.512	-0.186	0.073
-0.544	-0.190	0.062
-0.637	-0.306	-0.069
-0.659	-0.302	-0.030
-0.669	-0.340	-0.016
-0.659	-0.318	0.035
-0.661	-0.374	-0.081
-0.622	-0.348	-0.061
-0.589	-0.318	0.003
-0.529	-0.250	0.107
-0.605	-0.376	-0.048
-0.694	-0.469	-0.098
-0.694	-0.559	-0.202
-0.671	-0.488	-0.118
-0.723	-0.524	-0.169
-0.710	-0.452	-0.087
-0.688	-0.463	-0.144
-0.575	-0.260	0.060
-0.607	-0.338	-0.037
-0.585	-0.309	-0.055
-0.633	-0.372	-0.121
-0.579	-0.271	0.026
-0.598	-0.344	-0.029
-0.563	-0.289	0.025
-0.608	-0.372	-0.091
-0.622	-0.382	-0.107
-0.592	-0.382	-0.086
-0.578	-0.344	-0.023
-0.590	-0.356	-0.064
-0.568	-0.311	-0.048
-0.549	-0.312	-0.069
-0.542	-0.403	-0.172
-0.551	-0.316	0.001
-0.584	-0.381	-0.114
-0.606	-0.402	-0.149
-0.590	-0.359	-0.082
-0.591	-0.415	-0.087
-0.554	-0.309	-0.005
-0.601	-0.378	-0.116
-0.608	-0.372	-0.139
-0.513	-0.248	0.006
-0.542	-0.306	-0.000
-0.508	-0.206	0.122
-0.580	-0.344	-0.014
-0.570	-0.313	0.009
-0.593	-0.346	-0.026
-0.572	-0.349	0.050
-0.595	-0.369	0.001
-0.587	-0.355	-0.004
-0.609	-0.426	-0.106
-0.606	-0.430	-0.130
-0.590	-0.412	-0.026
-0.537	-0.357	0.045
-0.544	-0.381	-0.012
-0.552	-0.380	-0.033
-0.551	-0.418	-0.089
-0.519	-0.362	-0.017
-0.524	-0.361	-0.003
-0.533	-0.352	-0.006
-0.582	-0.441	-0.109
-0.505	-0.335	-0.072
-0.514	-0.358	0.025
-0.480	-0.303	0.028
-0.527	-0.386	-0.046
-0.552	-0.417	-0.094
-0.551	-0.405	-0.085
-0.501	-0.349	0.000
-0.519	-0.372	-0.031
-0.578	-0.441	-0.102
-0.611	-0.491	-0.159
-0.578	-0.448	-0.073
-0.562	-0.400	-0.000
-0.570	-0.398	-0.026
-0.579	-0.411	-0.064
-0.571	-0.403	-0.070
-0.561	-0.392	-0.007
-0.555	-0.360	0.027
-0.577	-0.373	-0.016
-0.618	-0.394	-0.070
-0.590	-0.342	-0.017
-0.634	-0.402	-0.050
-0.592	-0.321	0.040
-0.653	-0.441	-0.087
-0.617	-0.389	-0.045
-0.600	-0.404	-0.053
-0.576	-0.391	-0.009
-0.587	-0.410	-0.068
-0.588	-0.404	-0.063
-0.579	-0.373	-0.044
-0.572	-0.350	0.029
-0.625	-0.393	-0.013
-0.629	-0.361	0.016
-0.689	-0.481	-0.105
-0.635	-0.379	0.020
-0.632	-0.413	0.001
-0.525	-0.268	0.112
-0.571	-0.368	-0.027
-0.594	-0.386	-0.088
-0.570	-0.381	-0.072
-0.531	-0.317	0.017
-0.538	-0.328	0.040
-0.596	-0.399	-0.050
-0.631	-0.468	-0.134
-0.661	-0.505	-0.175
-0.617	-0.439	-0.084
-0.581	-0.386	-0.004
-0.592	-0.403	-0.033
-0.576	-0.389	-0.078
-0.564	-0.395	-0.093
-0.531	-0.354	-0.032
-0.416	-0.251	-0.056
-0.588	-0.373	-0.030
-0.641	-0.559	-0.354
-0.657	-0.459	-0.125
-0.652	-0.456	-0.062
-0.616	-0.444	-0.039
-0.596	-0.593	-0.423
-0.624	-0.446	-0.087
-0.608	-0.423	-0.098
-0.542	-0.356	-0.016
-0.561	-0.364	0.001
-0.530	-0.273	0.077
-0.622	-0.418	-0.070
-0.645	-0.448	-0.101
-0.650	-0.440	-0.066
-0.694	-0.547	-0.240
-0.705	-0.477	-0.117
-0.615	-0.528	-0.382
-0.690	-0.478	-0.123
-0.650	-0.618	-0.430
-0.642	-0.461	-0.119
-0.586	-0.392	-0.049
-0.636	-0.473	-0.145
-0.645	-0.471	-0.105
-0.661	-0.469	-0.076
-0.692	-0.459	-0.102
-0.760	-0.560	-0.261
-0.790	-0.566	-0.268
-0.764	-0.547	-0.232
-0.713	-0.472	-0.107
-0.682	-0.426	-0.109
-0.661	-0.397	-0.090
-0.700	-0.434	-0.165
-0.468	-0.079	0.130
-0.475	-0.112	0.233
-0.536	-0.244	0.023
-0.785	-0.560	-0.177
-0.742	-0.550	-0.168
-0.711	-0.514	-0.119
-0.693	-0.501	-0.061
-0.646	-0.432	0.013
-0.662	-0.471	-0.052
-0.641	-0.440	-0.057
-0.628	-0.427	-0.045
-0.602	-0.394	0.021
-0.629	-0.413	0.028
-0.680	-0.469	-0.054
-0.699	-0.480	-0.071
-0.703	-0.495	-0.082
-0.667	-0.446	-0.019
-0.625	-0.398	0.027
-0.636	-0.411	-0.001
-0.636	-0.468	-0.087
-0.619	-0.453	-0.094
-0.495	-0.305	0.062
-0.526	-0.384	0.040
-0.512	-0.339	0.083
-0.597	-0.495	-0.037
-0.577	-0.513	-0.066
-0.613	-0.568	-0.102
-0.555	-0.464	0.036
-0.608	-0.564	-0.056
-0.551	-0.484	0.033
-0.593	-0.595	-0.081
-0.463	-0.582	-0.256
-0.557	-0.567	0.003
-0.552	-0.567	0.055
-0.583	-0.587	0.019
-0.628	-0.645	-0.016
-0.653	-0.681	-0.062
-0.659	-0.686	-0.045
-0.578	-0.520	0.132
-0.636	-0.619	0.063
-0.618	-0.586	0.096
-0.680	-0.694	-0.038
-0.673	-0.664	-0.007
-0.645	-0.649	0.033
-0.656	-0.624	0.098
-0.701	-0.681	-0.008
-0.720	-0.698	-0.047
-0.739	-0.715	-0.061
-0.716	-0.705	-0.035
-0.727	-0.672	-0.006
-0.754	-0.688	-0.049
-0.756	-0.715	-0.110
-0.746	-0.720	-0.105
-0.720	-0.685	-0.038
-0.672	-0.625	0.059
-0.709	-0.674	0.002
-0.728	-0.678	-0.024
-0.744	-0.712	-0.090
-0.721	-0.707	-0.084
-0.682	-0.622	0.023
-0.716	-0.682	-0.051
-0.725	-0.667	-0.081
-0.715	-0.660	-0.080
-0.682	-0.617	-0.062
-0.632	-0.536	0.051
-0.679	-0.613	-0.013
-0.772	-0.699	-0.120
-0.777	-0.721	-0.169
-0.760	-0.693	-0.121
-0.743	-0.675	-0.083
-0.737	-0.855	-0.453
-0.816	-0.754	-0.188
-0.762	-0.803	-0.363
-0.690	-0.609	-0.010
-0.631	-0.508	0.122
-0.664	-0.566	0.064
-0.590	-0.429	0.156
-0.702	-0.594	-0.003
-0.693	-0.577	0.002
-0.667	-0.553	0.026
-0.658	-0.507	0.088
-0.665	-0.472	0.098
-0.695	-0.539	-0.014
-0.711	-0.595	-0.091
-0.688	-0.560	-0.069
-0.635	-0.498	0.007
-0.665	-0.481	0.014
-0.561	-0.420	-0.093
-0.709	-0.541	-0.085
-0.737	-0.562	-0.105
-0.719	-0.520	-0.049
-0.582	-0.405	-0.099
-0.713	-0.480	-0.012
-0.744	-0.549	-0.135
-0.735	-0.529	-0.127
-0.739	-0.517	-0.091
-0.719	-0.496	-0.057
-0.735	-0.646	-0.331
-0.752	-0.532	-0.092
-0.760	-0.535	-0.104
-0.770	-0.524	-0.130
-0.727	-0.434	-0.042
-0.762	-0.517	-0.151
-0.762	-0.545	-0.171
-0.722	-0.467	-0.053
-0.711	-0.430	0.019
-0.707	-0.401	0.042
-0.751	-0.477	-0.082
-0.772	-0.490	-0.126
-0.762	-0.502	-0.113
-0.698	-0.353	0.074
-0.722	-0.387	0.025
-0.724	-0.361	0.020
-0.772	-0.443	-0.109
-0.811	-0.536	-0.206
-0.766	-0.452	-0.045
-0.717	-0.409	0.050
-0.743	-0.416	0.009
-0.713	-0.343	0.030
-0.806	-0.509	-0.146
-0.756	-0.446	-0.041
-0.750	-0.460	-0.027
-0.692	-0.365	0.103
-0.757	-0.454	-0.017
-0.729	-0.392	0.020
-0.783	-0.492	-0.095
-0.761	-0.458	-0.053
-0.738	-0.476	-0.056
-0.629	-0.402	-0.066
-0.678	-0.493	-0.085
-0.606	-0.503	-0.364
-0.688	-0.466	-0.123
-0.653	-0.441	-0.096
-0.676	-0.417	-0.066
-0.688	-0.412	-0.052
-0.735	-0.482	-0.122
-0.730	-0.461	-0.074
-0.732	-0.509	-0.046
-0.790	-0.542	-0.086
-0.858	-0.606	-0.185
-0.878	-0.599	-0.163
-0.863	-0.600	-0.183
-0.841	-0.783	-0.483
-0.808	-0.559	-0.094
-0.815	-0.613	-0.227
-0.814	-0.541	-0.086
-0.841	-0.572	-0.109
-0.800	-0.516	-0.041
-0.820	-0.569	-0.058
-0.776	-0.449	0.022
-0.882	-0.596	-0.137
-0.900	-0.591	-0.116
-0.864	-0.569	-0.095
-0.818	-0.511	-0.010
-0.809	-0.542	-0.041
-0.831	-0.555	-0.034
-0.889	-0.636	-0.140
-0.872	-0.704	-0.248
-0.853	-0.600	-0.076
-0.891	-0.635	-0.141
-0.857	-0.611	-0.154
-0.879	-0.625	-0.166
-0.836	-0.576	-0.129
-0.810	-0.508	-0.048
-0.803	-0.516	-0.105
-0.811	-0.521	-0.105
-0.815	-0.518	-0.112
-0.809	-0.508	-0.064
-0.788	-0.465	-0.001
-0.723	-0.558	-0.328
-0.854	-0.562	-0.125
-0.834	-0.730	-0.464
-0.862	-0.571	-0.060
-0.806	-0.551	-0.051
-0.794	-0.515	-0.033
-0.742	-0.444	0.042
-0.817	-0.567	-0.107
-0.777	-0.515	-0.009
-0.771	-0.521	-0.019
-0.766	-0.474	0.029
-0.819	-0.531	-0.042
-0.694	-0.350	0.180
-0.752	-0.427	0.123
-0.768	-0.425	0.140
-0.657	-0.463	-0.154
-0.757	-0.413	0.078
-0.620	-0.329	-0.058
-0.706	-0.373	0.089
-0.610	-0.411	-0.134
-0.719	-0.372	0.109
-0.731	-0.389	0.071
-0.791	-0.439	0.003
-0.700	-0.467	-0.254
-0.777	-0.420	0.022
-0.761	-0.469	-0.067
-0.746	-0.385	0.027
-0.741	-0.387	-0.013
-0.757	-0.417	-0.072
-0.626	-0.345	-0.145
-0.727	-0.395	-0.016
-0.717	-0.551	-0.363
-0.776	-0.420	-0.080
-0.823	-0.453	-0.108
-0.829	-0.443	-0.100
-0.792	-0.414	-0.015
-0.721	-0.340	0.065
-0.714	-0.358	0.013
-0.748	-0.400	-0.029
-0.742	-0.386	-0.037
-0.733	-0.366	0.003
-0.722	-0.365	0.036
-0.724	-0.378	0.057
-0.804	-0.437	-0.028
-0.918	-0.530	-0.126
-0.912	-0.530	-0.073
-0.869	-0.476	-0.009
-0.891	-0.504	-0.079
-0.894	-0.519	-0.109
-0.895	-0.492	-0.053
-0.863	-0.518	-0.088
-0.780	-0.450	0.025
-0.742	-0.411	0.087
-0.764	-0.399	0.060
-0.817	-0.429	0.008
-0.834	-0.436	-0.021
-0.810	-0.388	0.041
-0.836	-0.388	0.055
-0.746	-0.269	0.111
-0.811	-0.377	-0.016
-0.754	-0.286	0.016
-0.781	-0.367	-0.022
-0.682	-0.214	0.112
-0.777	-0.370	-0.029
-0.775	-0.353	-0.067
-0.840	-0.431	-0.149
-0.825	-0.392	-0.139
-0.801	-0.390	-0.197
-0.873	-0.452	-0.165
-0.839	-0.355	-0.111
-0.844	-0.375	-0.101
-0.746	-0.239	0.076
-0.744	-0.266	0.012
-0.753	-0.284	-0.011
-0.804	-0.333	-0.074
-0.810	-0.311	-0.017
-0.839	-0.363	-0.024
-0.839	-0.372	0.022
-0.838	-0.343	0.013
-0.869	-0.353	0.008
-0.897	-0.402	-0.030
-0.917	-0.482	-0.175
-0.856	-0.350	-0.003
-0.851	-0.313	0.021
-0.861	-0.325	-0.034
-0.849	-0.271	0.013
-0.880	-0.344	-0.095
-0.867	-0.468	-0.323
-0.838	-0.316	-0.031
-0.837	-0.341	-0.046
-0.873	-0.350	-0.090
-0.879	-0.377	-0.137
-0.868	-0.353	-0.113
-0.788	-0.432	-0.359
-0.825	-0.294	-0.042
-0.841	-0.320	-0.077
-0.875	-0.345	-0.143
-0.759	-0.245	-0.219
-0.847	-0.295	-0.080
-0.820	-0.313	-0.125
-0.824	-0.244	-0.012
-0.844	-0.227	-0.003
-0.872	-0.290	-0.089
-0.852	-0.238	-0.025
-0.824	-0.222	0.013
-0.820	-0.208	0.069
-0.848	-0.223	0.016
-0.848	-0.209	0.032
-0.874	-0.265	-0.009
-0.848	-0.238	0.016
-0.862	-0.225	0.042
-0.890	-0.218	0.028
-0.939	-0.292	-0.063
-0.958	-0.255	-0.055
-0.958	-0.292	-0.099
-0.935	-0.276	-0.059
-0.949	-0.288	-0.096
-0.953	-0.300	-0.137
-0.920	-0.253	-0.086
-0.899	-0.235	-0.045
-0.823	-0.155	0.041
-0.909	-0.271	-0.067
-0.881	-0.212	-0.036
-0.957	-0.313	-0.115
-0.915	-0.244	-0.026
-0.912	-0.297	-0.047
-0.865	-0.229	0.029
-0.918	-0.309	-0.088
-0.873	-0.237	-0.040
-0.877	-0.241	-0.057
-0.830	-0.174	0.030
-0.884	-0.256	-0.051
-0.892	-0.231	-0.046
-0.940	-0.308	-0.113
-0.892	-0.229	-0.019
-0.851	-0.203	0.003
-0.832	-0.168	0.045
-0.896	-0.284	-0.074
-0.844	-0.195	0.024
-0.822	-0.200	0.028
-0.765	-0.105	0.117
-0.802	-0.169	0.044
-0.771	-0.129	0.056
-0.858	-0.207	-0.002
-0.818	-0.180	0.032
-0.854	-0.200	0.069
-0.804	-0.152	0.118
-0.880	-0.251	-0.022
-0.887	-0.247	-0.033
-0.865	-0.248	-0.011
-0.752	-0.085	0.163
-0.803	-0.210	0.083
-0.765	-0.131	0.102
-0.876	-0.291	-0.040
-0.975	-0.367	-0.088
-0.960	-0.393	-0.117
-0.922	-0.366	-0.086
-0.935	-0.393	-0.130
-0.919	-0.344	-0.097
-0.973	-0.423	-0.196
-0.953	-0.364	-0.139
-0.879	-0.290	-0.056
-0.756	-0.115	0.129
-0.778	-0.144	0.105
-0.732	-0.061	0.196
-0.826	-0.216	0.015
-0.827	-0.189	0.036
-0.797	-0.169	0.051
-0.812	-0.201	0.037
-0.835	-0.194	0.014
-0.819	-0.353	-0.356
-0.832	-0.168	-0.027
-0.777	-0.123	0.033
-0.738	-0.081	0.090
-0.775	-0.137	0.036
-0.804	-0.165	-0.017
-0.828	-0.204	-0.056
-0.818	-0.194	-0.021
-0.802	-0.168	0.034
-0.808	-0.175	0.068
-0.834	-0.194	0.011
-0.877	-0.241	-0.017
-0.876	-0.244	-0.036
-0.825	-0.150	0.044
-0.837	-0.187	0.054
-0.760	-0.134	0.099
-0.798	-0.204	0.013
-0.796	-0.217	-0.011
-0.807	-0.261	-0.040
-0.705	-0.115	0.119
-0.761	-0.222	0.052
-0.702	-0.084	0.150
-0.819	-0.243	-0.026
-0.783	-0.167	0.054
-0.867	-0.290	-0.065
-0.838	-0.225	0.033
-0.858	-0.250	0.003
-0.801	-0.137	0.074
-0.869	-0.230	-0.058
-0.852	-0.148	0.041
-0.889	-0.224	-0.023
-0.830	-0.110	0.104
-0.884	-0.218	-0.035
-0.825	-0.140	0.030
-0.903	-0.250	-0.091
-0.899	-0.234	-0.084
-0.868	-0.181	-0.015
-0.868	-0.219	-0.067
-0.863	-0.168	0.016
-0.889	-0.198	-0.051
-0.905	-0.205	-0.032
-0.901	-0.358	-0.301
-0.907	-0.209	0.017
-0.929	-0.284	-0.098
-0.949	-0.248	-0.046
-0.943	-0.241	-0.053
-0.928	-0.228	-0.016
-0.917	-0.232	0.008
-0.938	-0.277	-0.016
-0.944	-0.285	-0.022
-0.947	-0.290	-0.004
-0.947	-0.282	0.007
-0.902	-0.197	0.074
-0.953	-0.281	-0.008
-0.997	-0.329	-0.058
-1.006	-0.339	-0.075
-0.967	-0.309	-0.039
-0.905	-0.259	0.011
-0.829	-0.173	0.070
-0.861	-0.218	-0.023
-0.855	-0.210	0.007
-0.894	-0.245	-0.033
-0.844	-0.161	0.054
-0.864	-0.215	0.031
-0.916	-0.246	-0.009
-0.983	-0.315	-0.081
-1.006	-0.336	-0.109
-0.978	-0.293	-0.075
-0.911	-0.233	0.013
-0.899	-0.231	0.043
-0.882	-0.214	0.015
-0.894	-0.210	-0.014
-0.916	-0.223	-0.027
-0.912	-0.225	-0.020
-0.847	-0.119	0.115
-0.891	-0.188	0.087
-0.914	-0.210	0.041
-0.937	-0.256	0.006
-0.876	-0.159	0.095
-0.912	-0.261	-0.004
-0.841	-0.143	0.142
-0.880	-0.231	0.041
-0.831	-0.139	0.128
-0.893	-0.236	0.024
-0.917	-0.313	-0.115
-0.882	-0.192	0.053
-0.826	-0.301	-0.214
-0.867	-0.179	0.086
-0.895	-0.311	-0.142
-0.900	-0.204	0.029
-0.911	-0.218	-0.011
-0.870	-0.195	0.035
-0.856	-0.193	0.060
-0.863	-0.191	0.046
-0.882	-0.197	0.015
-0.873	-0.184	0.051
-0.888	-0.193	0.032
-0.877	-0.164	0.083
-0.881	-0.185	0.049
-0.864	-0.183	0.048
-0.860	-0.169	0.035
-0.871	-0.189	0.013
-0.855	-0.182	0.034
-0.823	-0.136	0.084
-0.815	-0.127	0.089
-0.817	-0.113	0.046
-0.822	-0.108	0.068
-0.854	-0.135	0.036
-0.860	-0.135	0.087
-0.846	-0.120	0.133
-0.875	-0.166	0.094
-0.892	-0.189	0.056
-0.890	-0.167	0.043
-0.846	-0.142	0.076
-0.780	-0.103	0.163
-0.809	-0.154	0.098
-0.847	-0.196	0.010
-0.846	-0.212	-0.006
-0.847	-0.192	0.040
-0.864	-0.217	0.022
-0.875	-0.211	0.054
-0.889	-0.238	0.014
-0.889	-0.217	0.025
-0.898	-0.241	-0.008
-0.871	-0.316	-0.145
-0.862	-0.192	0.062
-0.873	-0.199	0.015
-0.893	-0.225	-0.030
-0.907	-0.231	-0.037
-0.899	-0.183	0.008
-0.878	-0.148	0.047
-0.906	-0.185	0.007
-0.923	-0.216	-0.019
-0.890	-0.152	0.016
-0.905	-0.173	-0.010
-0.833	-0.064	0.099
-0.876	-0.152	0.003
-0.807	-0.074	0.025
-0.878	-0.200	-0.076
-0.815	-0.092	0.043
-0.851	-0.150	0.018
-0.824	-0.101	0.083
-0.901	-0.184	-0.008
-0.925	-0.214	-0.031
-0.917	-0.208	-0.015
-0.874	-0.153	0.068
-0.869	-0.166	0.088
-0.871	-0.170	0.057
-0.861	-0.193	0.019
-0.865	-0.182	-0.002
-0.842	-0.127	0.035
-0.850	-0.109	0.095
-0.908	-0.182	0.014
-0.936	-0.204	-0.007
-0.964	-0.239	-0.052
-0.911	-0.178	0.002
-0.900	-0.177	0.014
-0.823	-0.117	0.094
-0.863	-0.177	-0.006
-0.870	-0.194	-0.050
-0.890	-0.241	-0.071
-0.832	-0.142	0.031
-0.869	-0.214	-0.004
-0.825	-0.095	0.098
-0.922	-0.230	-0.063
-0.896	-0.142	0.001
-0.986	-0.257	-0.105
-0.958	-0.186	-0.007
-0.994	-0.253	-0.042
-0.926	-0.171	0.033
-0.986	-0.271	-0.090
-0.970	-0.234	-0.062
-0.982	-0.248	-0.079
-0.945	-0.224	-0.026
-0.943	-0.215	-0.018
-0.963	-0.231	-0.046
-0.985	-0.266	-0.101
-0.977	-0.278	-0.124
-0.969	-0.236	-0.063
-0.939	-0.293	-0.155
-0.929	-0.230	-0.040
-0.918	-0.248	-0.090
-0.913	-0.219	-0.055
-0.923	-0.234	-0.039
-0.898	-0.195	0.017
-0.881	-0.121	0.099
-0.946	-0.208	0.007
-0.974	-0.223	-0.036
-0.996	-0.255	-0.056
-0.961	-0.236	-0.014
-0.910	-0.152	0.072
-0.945	-0.218	0.023
-0.926	-0.188	0.010
-0.927	-0.191	-0.018
-0.849	-0.065	0.105
-0.887	-0.149	0.065
-0.805	0.007	0.207
-0.928	-0.162	0.035
-0.899	-0.110	0.050
-0.940	-0.179	-0.019
-0.893	-0.110	0.082
-0.886	-0.128	0.062
-0.853	-0.098	0.092
-0.886	-0.172	-0.001
-0.856	-0.082	0.067
-0.882	-0.179	-0.046
-0.831	-0.106	0.060
-0.828	-0.119	0.070
-0.819	-0.075	0.121
-0.899	-0.195	-0.014
-0.911	-0.192	-0.032
-0.925	-0.208	-0.039
-0.906	-0.234	-0.060
-0.882	-0.166	0.046
-0.867	-0.154	0.055
-0.872	-0.176	-0.005
-0.873	-0.176	-0.021
-0.846	-0.148	0.051
-0.831	-0.122	0.086
-0.843	-0.120	0.103
-0.870	-0.151	0.024
-0.927	-0.185	-0.006
-0.949	-0.218	-0.036
-0.873	-0.081	0.145
-0.904	-0.177	0.059
-0.841	-0.082	0.144
-0.921	-0.213	-0.016
-0.906	-0.184	0.015
-0.887	-0.179	-0.020
-0.882	-0.177	0.014
-0.881	-0.159	0.019
-0.915	-0.181	-0.005
-0.953	-0.226	-0.040
-0.959	-0.224	-0.030
-0.933	-0.193	0.001
-0.925	-0.190	0.014
-0.963	-0.273	-0.096
-0.970	-0.269	-0.107
-0.941	-0.235	-0.073
-0.903	-0.201	-0.021
-0.863	-0.181	0.029
-0.899	-0.229	-0.037
-0.911	-0.224	-0.010
-0.924	-0.243	-0.043
-0.930	-0.233	-0.003
-0.932	-0.238	0.015
-0.919	-0.191	0.056
-0.921	-0.203	-0.022
-0.895	-0.156	0.003
-0.911	-0.189	-0.039
-0.839	-0.053	0.125
-0.916	-0.182	0.006
-0.900	-0.160	0.004
-0.951	-0.227	-0.060
-0.962	-0.205	-0.023
-0.940	-0.190	-0.010
-0.895	-0.129	0.070
-0.975	-0.244	-0.046
-0.957	-0.178	0.031
-0.980	-0.225	-0.035
-0.983	-0.274	-0.126
-0.933	-0.204	-0.016
-0.878	-0.191	-0.054
-0.875	-0.171	-0.026
-0.905	-0.230	-0.103
-0.941	-0.253	-0.107
-0.928	-0.230	-0.092
-0.932	-0.228	-0.061
-0.957	-0.231	-0.088
-0.956	-0.212	-0.084
-0.986	-0.246	-0.167
-0.956	-0.216	-0.147
-1.030	-0.311	-0.246
-0.946	-0.247	-0.235
-0.984	-0.302	-0.267
-0.998	-0.322	-0.283
-1.016	-0.343	-0.313
-0.990	-0.275	-0.217
-0.941	-0.222	-0.126
-0.899	-0.137	-0.049
-0.886	-0.125	-0.041
-0.899	-0.147	-0.087
-0.875	-0.126	-0.036
-0.815	-0.058	0.005
-0.815	-0.065	0.020
-0.839	-0.084	0.014
-0.881	-0.137	-0.036
-0.865	-0.085	0.006
-0.881	-0.112	0.042
-0.804	0.026	0.187
-0.874	-0.086	0.085
-0.807	0.023	0.132
-0.928	-0.179	-0.038
-0.882	-0.086	0.068
-0.899	-0.171	0.011
-0.819	-0.028	0.148
-0.872	-0.109	0.037
-0.878	-0.056	0.112
-0.984	-0.208	-0.061
-0.956	-0.158	-0.009
-0.954	-0.181	-0.011
-0.922	-0.193	-0.013
-0.944	-0.192	-0.044
-0.926	-0.361	-0.420
-0.983	-0.253	-0.136
-0.967	-0.242	-0.114
-0.916	-0.193	-0.028
-0.876	-0.138	-0.009
-0.969	-0.257	-0.107
-0.970	-0.243	-0.094
-0.983	-0.218	-0.042
-0.953	-0.183	0.000
-0.944	-0.159	0.046
-0.961	-0.205	-0.016
-0.978	-0.225	-0.037
-1.005	-0.269	-0.088
-0.904	-0.103	0.066
-0.958	-0.183	0.039
-0.882	-0.079	0.134
-0.975	-0.230	-0.006
-0.908	-0.091	0.107
-1.016	-0.239	-0.005
-0.978	-0.171	0.093
-0.995	-0.218	0.039
-0.963	-0.155	0.091
-1.057	-0.314	-0.089
-1.066	-0.319	-0.076
-1.056	-0.322	-0.056
-1.052	-0.290	-0.001
-1.075	-0.331	-0.051
-1.099	-0.318	-0.059
-1.120	-0.339	-0.089
-1.087	-0.395	-0.198
-1.051	-0.290	0.007
-1.039	-0.288	-0.004
-1.052	-0.331	-0.071
-1.037	-0.411	-0.248
-1.026	-0.308	-0.092
-1.019	-0.401	-0.268
-1.027	-0.266	-0.035
-1.035	-0.235	-0.012
-1.075	-0.264	-0.060
-1.075	-0.239	-0.036
-1.056	-0.215	-0.033
-1.015	-0.136	0.063
-1.063	-0.223	-0.014
-1.070	-0.222	-0.036
-1.092	-0.283	-0.110
-1.111	-0.306	-0.171
-1.019	-0.171	-0.048
-1.042	-0.239	-0.092
-1.020	-0.315	-0.228
-1.020	-0.228	-0.107
-0.962	-0.149	-0.168
-1.070	-0.259	-0.187
-0.963	-0.225	-0.282
-1.037	-0.220	-0.070
-1.056	-0.244	-0.120
-1.099	-0.290	-0.188
-1.106	-0.294	-0.173
-1.086	-0.291	-0.151
-1.027	-0.192	-0.002
-1.058	-0.224	-0.025
-1.028	-0.161	0.027
-1.096	-0.237	-0.057
-1.091	-0.220	-0.037
-1.081	-0.218	0.003
-1.027	-0.159	0.073
-1.062	-0.228	-0.009
-1.058	-0.186	0.013
-1.129	-0.310	-0.124
-1.138	-0.469	-0.420
-1.071	-0.237	-0.032
-0.938	-0.242	-0.224
-1.045	-0.230	-0.014
-1.086	-0.383	-0.294
-1.120	-0.282	-0.091
-1.156	-0.312	-0.140
-1.127	-0.272	-0.102
-1.063	-0.208	-0.006
-1.056	-0.183	0.028
-1.089	-0.216	-0.014
-1.117	-0.258	-0.083
-1.100	-0.253	-0.105
-1.057	-0.167	-0.031
-1.032	-0.151	0.003
-1.043	-0.153	0.033
-1.072	-0.198	-0.041
-1.093	-0.214	-0.079
-1.103	-0.229	-0.105
-1.060	-0.186	-0.046
-1.031	-0.162	0.010
-1.066	-0.218	-0.040
-1.075	-0.235	-0.076
-1.104	-0.261	-0.122
-1.062	-0.240	-0.084
-1.012	-0.143	0.013
-1.047	-0.179	-0.009
-1.083	-0.230	-0.067
-1.097	-0.240	-0.108
-1.100	-0.227	-0.087
-1.064	-0.184	-0.035
-1.070	-0.179	0.000
-1.099	-0.178	-0.019
-1.114	-0.224	-0.072
-1.117	-0.202	-0.083
-1.063	-0.134	0.002
-1.034	-0.111	0.034
-1.022	-0.105	0.031
-1.062	-0.174	-0.056
-1.083	-0.181	-0.075
-1.084	-0.200	-0.097
-1.091	-0.209	-0.094
-1.034	-0.119	-0.006
-1.039	-0.114	0.005
-1.075	-0.177	-0.070
-1.124	-0.224	-0.131
-1.116	-0.213	-0.121
-1.061	-0.137	0.012
-1.043	-0.115	0.035
-1.070	-0.141	-0.019
-1.105	-0.181	-0.088
-1.122	-0.218	-0.111
-1.076	-0.162	-0.032
-1.033	-0.100	0.075
-1.042	-0.108	0.075
-1.055	-0.138	-0.003
-1.065	-0.157	0.000
-1.029	-0.126	0.035
-0.980	-0.051	0.100
-1.071	-0.149	0.023
-1.068	-0.220	-0.048
-1.068	-0.158	0.005
-1.039	-0.096	0.037
-1.126	-0.219	-0.085
-1.104	-0.184	-0.025
-1.069	-0.144	0.036
-1.027	-0.086	0.059
-1.092	-0.147	-0.019
-1.094	-0.138	-0.046
-1.094	-0.155	-0.064
-1.026	-0.073	0.038
-1.054	-0.145	-0.016
-1.026	-0.051	0.034
-1.115	-0.186	-0.101
-1.115	-0.175	-0.076
-1.115	-0.198	-0.087
-1.094	-0.289	-0.281
-1.106	-0.172	-0.065
-1.094	-0.310	-0.366
-1.122	-0.190	-0.091
-1.085	-0.150	-0.065
-1.077	-0.138	-0.028
-1.034	-0.097	0.036
-1.065	-0.113	0.004
-1.081	-0.131	-0.019
-1.101	-0.140	-0.048
-1.080	-0.126	-0.013
-1.073	-0.092	0.060
-1.077	-0.274	-0.280
-1.124	-0.151	0.002
-1.079	-0.102	-0.003
-1.134	-0.156	0.033
-1.079	-0.062	0.147
-1.056	-0.089	0.158
-1.127	-0.210	-0.026
-1.144	-0.183	0.035
-1.109	-0.309	-0.304
-1.125	-0.135	0.064
-1.045	-0.213	-0.185
-1.123	-0.151	0.073
-1.141	-0.261	-0.169
-1.170	-0.187	-0.018
-1.167	-0.202	-0.050
-1.133	-0.152	0.023
-1.105	-0.133	0.045
-1.125	-0.139	0.004
-1.152	-0.187	-0.047
-1.168	-0.197	-0.049
-1.153	-0.175	-0.016
-1.067	-0.058	0.127
-1.157	-0.181	-0.011
-1.121	-0.123	0.025
-1.170	-0.211	-0.059
-1.126	-0.173	-0.019
-1.078	-0.150	0.018
-1.046	-0.123	0.094
-1.073	-0.157	0.022
-1.087	-0.157	0.041
-1.171	-0.247	-0.039
-1.151	-0.187	0.038
-1.128	-0.177	0.051
-1.080	-0.079	0.120
-1.150	-0.207	0.001
-1.154	-0.184	0.024
-1.166	-0.223	-0.032
-1.111	-0.148	0.038
-1.086	-0.135	0.035
-1.082	-0.114	0.026
-1.121	-0.181	-0.040
-1.128	-0.302	-0.219
-1.076	-0.156	0.044
-1.063	-0.221	-0.070
-1.085	-0.167	0.036
-1.104	-0.194	-0.030
-1.101	-0.161	-0.020
-1.070	-0.239	-0.175
-1.039	-0.100	0.075
-1.032	-0.095	0.044
-1.028	-0.119	-0.016
-1.016	-0.222	-0.260
-0.978	-0.070	0.005
-0.926	0.015	0.097
-0.960	-0.058	0.075
-0.997	-0.226	-0.220
-1.001	-0.122	-0.036
-0.909	-0.049	-0.097
-0.989	-0.115	-0.036
-0.852	-0.062	-0.153
-0.932	-0.049	0.055
-0.961	-0.164	-0.122
-0.966	-0.094	-0.051
-0.933	-0.048	-0.018
-0.938	-0.070	0.013
-0.824	0.046	0.028
-0.941	-0.086	0.032
-0.946	-0.259	-0.316
-0.987	-0.126	-0.030
-0.965	-0.105	0.021
-0.947	-0.102	0.046
-0.911	-0.027	0.111
-0.960	-0.068	0.067
-0.971	-0.082	0.043
-0.986	-0.087	0.045
-1.014	-0.139	0.034
-1.004	-0.135	0.073
-0.923	-0.085	-0.011
-1.046	-0.176	0.018
-1.044	-0.177	0.001
-1.022	-0.135	0.059
-0.997	-0.135	0.074
-0.974	-0.120	0.119
-1.037	-0.170	0.008
-1.097	-0.223	-0.040
-1.075	-0.208	-0.080
-1.050	-0.189	-0.025
-1.023	-0.156	0.016
-1.014	-0.160	0.029
-1.036	-0.174	-0.014
-1.056	-0.177	-0.039
-1.082	-0.215	-0.092
-1.035	-0.145	-0.010
-1.015	-0.138	0.018
-1.022	-0.150	0.003
-1.056	-0.179	-0.052
-1.066	-0.175	-0.042
-1.034	-0.135	-0.007
-0.976	-0.042	0.089
-1.016	-0.103	0.035
-1.003	-0.061	0.053
-1.054	-0.129	-0.010
-1.042	-0.108	0.025
-0.967	-0.036	0.127
-0.935	-0.024	0.152
-0.963	-0.051	0.096
-0.971	-0.105	-0.021
-0.964	-0.063	0.051
-0.852	0.023	0.023
-0.942	-0.051	0.081
-0.994	-0.191	-0.115
-1.020	-0.136	0.022
-0.911	-0.071	-0.087
-0.976	-0.076	0.092
-0.849	-0.101	-0.121
-0.949	-0.060	0.100
-0.943	-0.216	-0.243
-0.999	-0.126	0.017
-0.945	-0.238	-0.240
-0.955	-0.097	0.101
-0.946	-0.112	0.074
-1.011	-0.179	0.009
-1.040	-0.194	-0.039
-1.058	-0.219	-0.073
-1.010	-0.154	0.002
-0.995	-0.147	0.041
-0.992	-0.124	0.048
-1.022	-0.217	-0.056
-1.016	-0.184	-0.065
-0.976	-0.136	0.002
-0.952	-0.110	0.045
-0.984	-0.148	-0.001
-1.017	-0.200	-0.075
-1.035	-0.207	-0.096
-1.002	-0.152	-0.029
-0.964	-0.119	0.040
-0.971	-0.125	0.014
-1.026	-0.175	-0.022
-1.029	-0.178	-0.058
-1.041	-0.184	-0.046
-0.996	-0.141	0.013
-0.974	-0.120	0.066
-1.004	-0.155	0.021
-1.042	-0.171	-0.022
-1.086	-0.203	-0.057
-1.038	-0.127	0.026
-1.026	-0.162	-0.005
-0.999	-0.149	0.029
-1.049	-0.195	-0.052
-1.059	-0.224	-0.090
-1.057	-0.200	-0.074
-0.938	-0.136	-0.172
-1.027	-0.155	-0.026
-1.008	-0.308	-0.370
-1.091	-0.212	-0.089
-1.117	-0.242	-0.125
-1.095	-0.223	-0.101
-1.039	-0.154	-0.026
-1.031	-0.163	-0.039
-1.044	-0.172	-0.071
-1.071	-0.200	-0.091
-1.097	-0.224	-0.130
-1.014	-0.117	-0.012
-1.026	-0.151	-0.025
-1.061	-0.154	-0.042
-1.080	-0.168	-0.087
-1.077	-0.164	-0.066
-1.110	-0.207	-0.127
-0.990	-0.023	0.066
-1.009	-0.086	0.027
-0.956	-0.015	0.066
-1.057	-0.129	-0.041
-1.037	-0.088	-0.031
-1.056	-0.140	-0.045
-0.970	0.008	0.135
-1.055	-0.126	-0.001
-1.039	-0.064	0.029
-1.131	-0.186	-0.082
-1.106	-0.106	0.022
-1.138	-0.178	-0.068
-1.085	-0.118	0.012
-1.090	-0.122	-0.029
-1.072	-0.064	0.013
-1.158	-0.213	-0.125
-1.131	-0.154	-0.039
-1.150	-0.203	-0.069
-1.088	-0.113	0.042
-1.127	-0.140	-0.037
-1.122	-0.135	-0.027
-1.144	-0.186	-0.103
-1.124	-0.147	-0.090
-1.096	-0.148	-0.054
-1.073	-0.155	-0.082
-1.125	-0.183	-0.091
-1.123	-0.246	-0.249
-1.133	-0.165	-0.101
-1.009	-0.105	-0.192
-1.088	-0.106	0.005
-1.130	-0.284	-0.289
-1.146	-0.187	-0.124
-1.161	-0.223	-0.161
-1.163	-0.224	-0.157
-1.095	-0.156	-0.096
-1.120	-0.156	-0.079
-1.141	-0.169	-0.096
-1.160	-0.168	-0.119
-1.162	-0.174	-0.147
-1.116	-0.123	-0.066
-0.978	0.008	0.005
-1.100	-0.122	-0.035
-1.067	-0.238	-0.379
-1.144	-0.162	-0.114
-1.107	-0.126	-0.047
-1.068	-0.107	0.015
-1.056	-0.104	0.019
-1.106	-0.142	-0.047
-1.130	-0.141	-0.056
-1.102	-0.097	-0.030
-1.071	-0.046	0.044
-1.055	-0.042	0.058
-1.082	-0.081	-0.015
-1.082	-0.076	-0.016
-1.077	-0.087	-0.054
-1.055	-0.079	-0.030
-1.010	-0.049	0.025
-1.005	-0.058	0.023
-1.048	-0.088	-0.029
-1.058	-0.122	-0.038
-1.052	-0.106	-0.026
-1.049	-0.098	0.010
-1.069	-0.105	-0.000
-1.080	-0.116	-0.035
-1.084	-0.140	-0.064
-1.096	-0.161	-0.081
-1.062	-0.128	-0.036
-1.057	-0.116	0.043
-1.066	-0.137	-0.011
-1.086	-0.169	-0.038
-1.116	-0.197	-0.088
-1.134	-0.210	-0.084
-1.102	-0.165	-0.003
-1.082	-0.172	0.005
-1.090	-0.181	-0.035
-1.091	-0.158	-0.037
-1.136	-0.234	-0.093
-1.023	-0.072	0.078
-1.090	-0.195	-0.006
-1.006	-0.070	0.129
-1.121	-0.214	-0.024
-1.107	-0.130	0.063
-1.171	-0.274	-0.088
-1.076	-0.129	0.053
-1.075	-0.174	0.020
-1.041	-0.082	0.088
-1.094	-0.187	-0.042
-1.082	-0.173	-0.052
-1.066	-0.132	0.012
-1.068	-0.230	-0.149
-1.062	-0.136	-0.004
-1.074	-0.129	-0.037
-1.104	-0.160	-0.075
-1.140	-0.231	-0.155
-1.090	-0.148	-0.029
-1.052	-0.127	0.015
-1.092	-0.160	-0.066
-1.110	-0.154	-0.082
-1.084	-0.108	-0.082
-1.109	-0.167	-0.101
-1.063	-0.095	-0.039
-1.093	-0.125	-0.076
-1.106	-0.101	-0.036
-1.152	-0.176	-0.123
-1.111	-0.118	-0.076
-1.097	-0.110	-0.043
-1.040	-0.086	-0.027
-1.041	-0.067	-0.006
-0.964	-0.116	-0.271
-1.050	-0.074	-0.034
-1.015	-0.074	-0.011
-0.996	-0.044	0.028
-1.016	-0.074	-0.011
-1.082	-0.104	-0.064
-1.114	-0.140	-0.085
-1.071	-0.061	0.019
-1.079	-0.103	-0.036
-1.064	-0.118	-0.001
-1.114	-0.165	-0.049
-1.115	-0.194	-0.088
-1.114	-0.179	-0.058
-0.984	-0.142	-0.216
-1.051	-0.106	0.025
-0.952	-0.096	-0.120
-1.083	-0.118	0.029
-1.117	-0.164	-0.019
-1.140	-0.193	-0.066
-1.118	-0.174	-0.046
-1.083	-0.113	0.022
-1.078	-0.098	0.005
-1.120	-0.117	-0.028
-1.145	-0.164	-0.080
-1.153	-0.173	-0.069
-1.099	-0.116	-0.003
-1.088	-0.107	0.030
-1.112	-0.144	-0.002
-1.099	-0.133	-0.001
-1.112	-0.164	-0.032
-1.173	-0.179	-0.050
-1.237	-0.267	-0.130
-1.206	-0.245	-0.098
-1.240	-0.287	-0.175
-1.222	-0.201	-0.065
-1.302	-0.299	-0.179
-1.180	-0.106	0.032
-1.090	-0.064	0.065
-0.976	0.092	0.221
-1.048	-0.027	0.091
-1.025	0.042	0.141
-1.104	-0.092	0.034
-1.070	-0.046	0.087
-1.065	-0.057	0.094
-1.015	0.006	0.175
-1.032	-0.037	0.110
-1.073	-0.061	0.101
-1.098	-0.114	0.026
-0.985	-0.121	-0.192
-1.038	-0.047	0.085
-1.033	-0.062	0.064
-1.042	-0.084	0.068
-1.087	-0.123	0.019
-1.098	-0.159	-0.035
-1.067	-0.146	-0.049
-1.040	-0.105	-0.017
-1.004	-0.085	0.006
-0.989	-0.056	0.036
-1.032	-0.091	-0.011
-1.054	-0.112	-0.036
-1.058	-0.123	-0.046
-1.028	-0.079	0.006
-1.011	-0.056	0.059
-1.063	-0.110	-0.002
-1.120	-0.177	-0.081
-1.143	-0.192	-0.130
-1.143	-0.198	-0.089
-1.114	-0.170	-0.036
-1.114	-0.179	-0.027
-1.143	-0.193	-0.054
-1.164	-0.217	-0.084
-1.185	-0.218	-0.064
-1.178	-0.207	-0.035
-1.087	-0.049	0.125
-1.166	-0.147	0.048
-1.157	-0.102	0.049
-1.220	-0.202	-0.032
-1.222	-0.194	-0.035
-1.169	-0.151	0.021
-1.148	-0.285	-0.252
-1.143	-0.129	0.029
-1.140	-0.106	0.026
-1.173	-0.166	-0.031
-1.151	-0.158	-0.040
-1.139	-0.119	-0.012
-1.122	-0.103	0.012
-1.091	-0.036	0.093
-1.169	-0.151	-0.028
-1.094	-0.030	0.075
-1.134	-0.122	-0.031
-1.076	-0.058	0.045
-1.059	-0.062	0.049
-1.040	0.023	0.098
-1.106	-0.118	-0.052
-1.078	-0.072	-0.011
-1.061	-0.080	-0.025
-1.023	-0.020	0.031
-1.053	-0.082	-0.002
-1.055	-0.018	0.037
-1.134	-0.143	-0.107
-1.088	-0.060	-0.020
-1.099	-0.100	-0.054
-1.054	-0.026	0.030
-1.083	-0.070	-0.024
-1.099	-0.083	-0.037
-1.106	-0.104	-0.088
-1.117	-0.142	-0.115
-1.086	-0.093	-0.006
-1.117	-0.169	-0.080
-1.167	-0.172	-0.069
-1.086	-0.214	-0.323
-1.169	-0.160	-0.062
-1.125	-0.110	0.011
-1.158	-0.154	-0.006
-1.194	-0.267	-0.156
-1.192	-0.214	-0.094
-1.191	-0.215	-0.134
-1.214	-0.242	-0.143
-1.190	-0.198	-0.097
-1.192	-0.189	-0.059
-1.209	-0.213	-0.105
-1.222	-0.217	-0.153
-1.232	-0.223	-0.199
-1.180	-0.175	-0.156
-1.149	-0.142	-0.138
-1.172	-0.165	-0.158
-1.204	-0.199	-0.226
-1.208	-0.190	-0.243
-1.178	-0.150	-0.225
-1.146	-0.094	-0.133
-1.139	-0.085	-0.125
-1.171	-0.119	-0.174
-1.194	-0.144	-0.208
-1.119	-0.014	-0.094
-1.137	-0.107	-0.188
-1.065	0.013	-0.044
-1.142	-0.108	-0.162
-1.121	-0.063	-0.145
-1.172	-0.141	-0.222
-1.197	-0.161	-0.233
-1.188	-0.214	-0.300
-1.174	-0.168	-0.250
-1.113	-0.022	-0.103
-1.131	-0.094	-0.118
-1.130	-0.118	-0.144
-1.112	-0.055	-0.066
-1.126	-0.122	-0.197
-1.130	-0.100	-0.189
-1.122	-0.108	-0.200
-1.091	-0.072	-0.152
-1.107	-0.068	-0.097
-1.135	-0.105	-0.131
-1.162	-0.140	-0.199
-1.198	-0.154	-0.231
-1.191	-0.177	-0.241
-1.135	-0.094	-0.168
-1.131	-0.104	-0.132
-1.151	-0.106	-0.135
-1.186	-0.139	-0.191
-1.210	-0.164	-0.227
-1.174	-0.128	-0.194
-1.138	-0.094	-0.132
-1.106	-0.014	-0.059
-1.151	-0.100	-0.156
-1.188	-0.143	-0.196
-1.229	-0.180	-0.223
-1.216	-0.156	-0.218
-1.158	-0.101	-0.137
-1.185	-0.139	-0.179
-1.203	-0.152	-0.215
-1.231	-0.179	-0.256
-1.131	-0.037	-0.133
-1.158	-0.107	-0.171
-1.084	0.023	-0.009
-1.189	-0.119	-0.163
-1.164	-0.069	-0.145
-1.194	-0.125	-0.197
-1.166	-0.078	-0.128
-1.144	-0.079	-0.106
-1.130	-0.206	-0.352
-1.131	-0.087	-0.093
-1.112	-0.051	-0.078
-1.092	-0.036	-0.096
-1.089	-0.040	-0.109
-1.085	-0.040	-0.078
-1.097	-0.030	-0.069
-1.134	-0.067	-0.123
-1.149	-0.068	-0.113
-1.189	-0.109	-0.148
-1.164	-0.082	-0.084
-1.177	-0.095	-0.056
-1.175	-0.038	-0.046
-1.256	-0.153	-0.150
-1.281	-0.194	-0.193
-1.202	-0.044	-0.020
-1.216	-0.095	-0.059
-1.158	0.050	0.125
-1.225	-0.058	0.015
-1.174	0.023	0.056
-1.238	-0.093	-0.060
-1.215	-0.063	-0.046
-1.201	-0.096	-0.044
-1.137	0.008	0.073
-1.179	-0.053	-0.021
-1.122	0.020	0.035
-1.187	-0.070	-0.098
-1.183	-0.080	-0.093
-1.158	-0.073	-0.037
-1.139	-0.085	-0.073
-1.134	-0.026	0.011
-1.146	-0.141	-0.203
-1.129	-0.044	-0.020
-1.010	0.056	-0.031
-1.093	0.020	0.116
-1.107	-0.172	-0.232
-1.143	-0.065	-0.002
-1.162	-0.098	-0.062
-1.133	-0.066	-0.049
-1.126	-0.052	0.017
-1.129	-0.044	0.068
-1.141	-0.042	0.046
-1.174	-0.076	0.006
-1.209	-0.106	-0.033
-1.122	0.008	0.068
-1.113	-0.035	0.073
-1.021	0.106	0.245
-1.148	-0.070	0.082
-1.144	-0.058	0.070
-1.189	-0.123	0.005
-1.192	-0.093	0.035
-1.203	-0.130	0.028
-1.160	-0.050	0.113
-1.211	-0.142	0.010
-1.211	-0.108	0.011
-1.251	-0.177	-0.057
-1.246	-0.146	-0.009
-1.217	-0.109	0.042
-1.168	-0.028	0.151
-1.202	-0.098	0.088
-1.186	-0.065	0.117
-1.228	-0.148	-0.009
-1.205	-0.147	-0.057
-1.174	-0.068	0.074
-1.136	-0.088	-0.009
-1.145	-0.039	0.067
-1.136	-0.185	-0.264
-1.181	-0.081	-0.042
-1.209	-0.131	-0.070
-1.185	-0.092	-0.003
-1.124	-0.017	0.058
-1.130	-0.039	0.017
-1.165	-0.134	-0.097
-1.143	-0.121	-0.081
-1.141	-0.113	-0.047
-1.114	-0.056	0.056
-1.097	-0.042	0.070
-1.154	-0.100	-0.016
-1.160	-0.094	-0.068
-1.139	-0.046	-0.012
-1.134	-0.046	0.016
-1.153	-0.037	0.063
-1.171	-0.073	0.028
-1.233	-0.138	-0.038
-1.263	-0.174	-0.091
-1.256	-0.152	-0.100
-1.220	-0.110	-0.044
-1.190	-0.065	0.027
-1.206	-0.087	-0.004
-1.244	-0.108	-0.029
-1.275	-0.163	-0.089
-1.281	-0.186	-0.125
-1.257	-0.152	-0.093
-1.213	-0.197	-0.191
-1.240	-0.145	-0.095
-1.287	-0.270	-0.317
-1.303	-0.190	-0.153
-1.289	-0.165	-0.119
-1.239	-0.113	-0.036
-1.228	-0.079	0.027
-1.174	-0.024	0.072
-1.265	-0.148	-0.037
-1.266	-0.135	-0.074
-1.255	-0.121	-0.029
-1.226	-0.085	0.036
-1.244	-0.107	0.032
-1.263	-0.133	-0.036
-1.278	-0.140	-0.052
-1.300	-0.175	-0.093
-1.253	-0.102	-0.021
-1.148	0.040	0.119
-1.224	-0.062	0.000
-1.223	-0.054	-0.021
-1.282	-0.127	-0.090
-1.248	-0.052	0.003
-1.261	-0.115	-0.044
-1.222	-0.041	0.034
-1.228	-0.086	-0.038
-1.211	-0.047	-0.020
-1.235	-0.092	-0.102
-1.199	-0.088	-0.131
-1.148	0.030	0.045
-1.174	0.003	0.028
-1.218	-0.073	-0.068
-1.237	-0.111	-0.122
-1.248	-0.123	-0.114
-1.100	0.005	-0.112
-1.200	-0.025	0.031
-1.221	-0.110	-0.109
-1.217	-0.070	-0.089
-1.219	-0.061	-0.101
-1.176	-0.011	-0.039
-1.136	0.021	0.030
-1.136	0.014	0.043
-1.151	-0.007	-0.032
-1.200	-0.066	-0.102
-1.216	-0.086	-0.113
-1.188	-0.038	-0.021
-1.208	-0.056	-0.006
-1.218	-0.105	-0.056
-1.263	-0.128	-0.081
-1.272	-0.150	-0.105
-1.272	-0.126	-0.081
-1.239	-0.098	-0.037
-1.186	-0.006	0.055
-1.287	-0.123	-0.056
-1.293	-0.109	-0.056
-1.315	-0.137	-0.068
-1.300	-0.114	0.008
-1.284	-0.112	0.017
-1.283	-0.085	0.012
-1.314	-0.145	-0.081
-1.287	-0.117	-0.067
-1.267	-0.103	-0.049
-1.227	-0.059	0.031
-1.248	-0.078	0.016
-1.258	-0.085	-0.016
-1.284	-0.124	-0.104
-1.271	-0.107	-0.081
-1.174	0.031	0.041
-1.192	-0.004	0.039
-1.208	-0.005	0.028
-1.205	-0.054	-0.025
-1.208	-0.031	-0.027
-1.193	-0.034	-0.000
-1.155	0.010	0.068
-1.179	-0.009	0.041
-1.202	-0.030	0.007
-1.207	-0.057	-0.000
-1.201	-0.043	0.003
-1.162	0.010	0.094
-1.090	-0.052	-0.155
-1.166	0.016	0.100
-1.200	-0.110	-0.097
-1.172	-0.014	0.039
-1.183	-0.115	-0.135
-1.135	0.016	0.081
-1.168	-0.008	0.067
-1.217	-0.058	0.010
-1.195	0.009	0.079
-1.295	-0.148	-0.073
-1.317	-0.157	-0.079
-1.270	-0.123	-0.011
-1.212	-0.008	0.121
-1.266	-0.101	0.015
-1.235	-0.024	0.048
-1.300	-0.178	-0.089
-1.277	-0.140	-0.044
-1.269	-0.127	-0.010
-1.240	-0.049	0.119
-1.266	-0.084	0.091
-1.289	-0.086	0.083
-1.361	-0.185	-0.030
-1.364	-0.175	-0.048
-1.339	-0.148	-0.027
-1.297	-0.129	0.010
-1.297	-0.106	0.039
-1.309	-0.115	-0.001
-1.342	-0.176	-0.086
-1.359	-0.185	-0.094
-1.348	-0.151	-0.035
-1.321	-0.102	0.042
-1.255	-0.015	0.130
-1.321	-0.120	0.046
-1.324	-0.110	0.027
-1.330	-0.128	-0.024
-1.209	0.042	0.149
-1.210	-0.005	0.109
-1.238	-0.011	0.083
-1.266	-0.060	0.001
-1.287	-0.066	-0.020
-1.263	-0.044	0.032
-1.182	0.099	0.203
-1.295	-0.052	0.075
-1.256	0.020	0.108
-1.339	-0.092	-0.026
-1.369	-0.292	-0.359
-1.310	-0.064	0.023
-1.290	-0.051	0.033
-1.296	-0.055	0.029
-1.317	-0.105	-0.037
-1.266	-0.051	-0.035
-1.293	-0.095	-0.067
-1.250	0.006	0.068
-1.250	-0.026	0.031
-1.227	0.023	0.048
-1.327	-0.119	-0.110
-1.326	-0.126	-0.115
-1.315	-0.116	-0.124
-1.289	-0.234	-0.403
-1.314	-0.107	-0.099
-1.334	-0.308	-0.465
-1.361	-0.155	-0.183
-1.398	-0.198	-0.223
-1.376	-0.164	-0.161
-1.353	-0.142	-0.118
-1.338	-0.120	-0.117
-1.379	-0.165	-0.177
-1.365	-0.135	-0.161
-1.375	-0.129	-0.138
-1.340	-0.084	-0.077
-1.324	-0.071	-0.052
-1.321	-0.053	-0.048
-1.382	-0.142	-0.137
-1.359	-0.106	-0.135
-1.369	-0.137	-0.109
-1.319	-0.079	-0.027
-1.342	-0.124	-0.087
-1.394	-0.160	-0.183
-1.414	-0.167	-0.195
-1.397	-0.151	-0.135
-1.355	-0.098	-0.098
-1.348	-0.096	-0.067
-1.247	-0.070	-0.265
-1.387	-0.140	-0.135
-1.357	-0.087	-0.107
-1.391	-0.140	-0.221
-1.376	-0.142	-0.233
-1.361	-0.130	-0.208
-1.272	-0.034	-0.082
-1.282	-0.072	-0.175
-1.272	-0.053	-0.165
-1.338	-0.142	-0.276
-1.302	-0.078	-0.205
-1.317	-0.106	-0.190
-1.279	-0.009	-0.063
-1.293	-0.057	-0.129
-1.242	0.034	-0.080
-1.341	-0.081	-0.194
-1.333	-0.100	-0.214
-1.282	-0.053	-0.136
-1.216	-0.125	-0.345
-1.201	0.038	-0.045
-1.225	0.006	-0.096
-1.299	-0.060	-0.177
-1.355	-0.157	-0.289
-1.339	-0.066	-0.124
-1.350	-0.234	-0.385
-1.354	-0.061	-0.026
-1.387	-0.138	-0.147
-1.434	-0.130	-0.128
-1.466	-0.167	-0.205
-1.422	-0.076	-0.128
-1.390	-0.049	-0.035
-1.334	0.026	0.021
-1.402	-0.072	-0.103
-1.373	-0.004	-0.032
-1.406	-0.099	-0.137
-1.342	0.001	-0.026
-1.337	-0.003	-0.001
-1.301	0.088	0.065
-1.372	-0.019	-0.085
-1.342	0.036	-0.037
-1.395	-0.044	-0.137
-1.363	-0.006	-0.067
-1.332	0.009	-0.028
-1.355	-0.004	-0.033
-1.404	-0.081	-0.139
-1.359	-0.185	-0.439
-1.384	-0.030	-0.103
-1.337	0.024	-0.004
-1.324	0.042	0.035
-1.255	0.027	-0.183
-1.376	0.007	-0.043
-1.390	-0.032	-0.074
-1.375	-0.019	-0.052
-1.311	0.040	0.058
-1.343	-0.025	-0.008
-1.352	-0.033	-0.023
-1.400	-0.107	-0.096
-1.411	-0.093	-0.110
-1.382	-0.036	-0.037
-1.394	-0.043	-0.010
-1.328	0.064	0.092
-1.416	-0.069	-0.046
-1.372	0.029	0.041
-1.440	-0.071	-0.066
-1.432	-0.046	-0.035
-1.441	-0.082	-0.033
-1.411	-0.033	0.024
-1.441	-0.059	-0.007
-1.491	-0.066	-0.035
-1.606	-0.187	-0.171
-1.654	-0.244	-0.302
-1.636	-0.198	-0.214
-1.588	-0.148	-0.152
-1.572	-0.126	-0.120
-1.582	-0.118	-0.115
-1.613	-0.183	-0.215
-1.639	-0.194	-0.223
-1.597	-0.159	-0.177
-1.553	-0.111	-0.107
-1.557	-0.108	-0.115
-1.584	-0.142	-0.153
-1.620	-0.185	-0.183
-1.639	-0.204	-0.193
-1.643	-0.185	-0.185
-1.610	-0.145	-0.134
-1.495	0.020	0.073
-1.575	-0.127	-0.079
-1.536	-0.070	-0.040
-1.598	-0.146	-0.119
-1.495	0.017	0.053
-1.543	-0.068	-0.009
-1.499	0.003	0.020
-1.562	-0.081	-0.028
-1.519	-0.010	0.057
-1.569	-0.092	-0.004
-1.464	0.054	0.152
-1.523	-0.047	0.074
-1.481	0.041	0.095
-1.571	-0.065	-0.004
-1.584	-0.065	-0.007
-1.560	-0.070	0.027
-1.508	-0.019	0.086
-1.527	-0.050	0.072
-1.566	-0.085	0.009
-1.625	-0.157	-0.071
-1.610	-0.106	-0.006
-1.582	-0.078	0.041
-1.452	0.089	0.205
-1.479	-0.012	0.063
-1.499	-0.034	0.043
-1.539	-0.080	-0.022
-1.592	-0.127	-0.070
-1.575	-0.083	-0.041
-1.548	-0.040	-0.011
-1.543	-0.057	-0.027
-1.589	-0.096	-0.067
-1.610	-0.106	-0.096
-1.631	-0.155	-0.154
-1.584	-0.079	-0.068
-1.544	-0.034	0.022
-1.569	-0.057	0.017
-1.603	-0.114	-0.057
-1.591	-0.091	-0.059
-1.521	-0.031	0.027
-1.475	0.026	0.141
-1.494	0.002	0.122
-1.526	-0.016	0.074
-1.585	-0.070	0.007
-1.587	-0.074	0.001
-1.538	-0.016	0.088
-1.491	0.034	0.161
-1.497	0.021	0.131
-1.550	-0.033	0.073
-1.578	-0.078	0.011
-1.547	-0.018	0.067
-1.527	-0.038	0.064
-1.473	0.042	0.153
-1.508	-0.045	0.052
-1.472	0.043	0.107
-1.559	-0.076	-0.025
-1.531	-0.035	0.015
-1.495	-0.007	0.049
-1.411	0.085	0.172
-1.435	0.026	0.095
-1.383	0.128	0.164
-1.443	-0.016	0.005
-1.430	0.051	0.052
-1.465	-0.010	0.020
-1.396	0.085	0.103
-1.426	0.024	0.033
-1.461	0.011	0.028
-1.511	-0.186	-0.284
-1.540	-0.055	-0.031
-1.510	-0.023	0.034
-1.407	0.126	0.220
-1.474	0.003	0.054
-1.459	0.033	0.055
-1.505	-0.030	-0.037
-1.512	-0.001	0.025
-1.481	0.015	0.097
-1.466	0.055	0.177
-1.549	-0.036	0.060
-1.570	-0.033	0.088
-1.628	-0.122	-0.005
-1.583	-0.084	0.040
-1.540	-0.055	0.092
-1.529	-0.031	0.117
-1.583	-0.116	0.025
-1.601	-0.136	-0.034
-1.627	-0.146	-0.028
-1.616	-0.185	-0.078
-1.611	-0.097	0.063
-1.610	-0.036	0.095
-1.710	-0.179	-0.062
-1.725	-0.154	-0.044
-1.719	-0.159	-0.047
-1.664	-0.115	0.016
-1.616	-0.060	0.057
-1.640	-0.073	0.017
-1.680	-0.119	-0.046
-1.683	-0.131	-0.048
-1.682	-0.130	-0.053
-1.639	-0.094	0.020
-1.605	-0.066	0.049
-1.681	-0.156	-0.057
-1.623	-0.074	-0.023
-1.665	-0.146	-0.091
-1.639	-0.088	-0.008
-1.622	-0.122	-0.037
-1.620	-0.127	-0.045
-1.674	-0.190	-0.138
-1.662	-0.170	-0.129
-1.668	-0.172	-0.147
-1.643	-0.219	-0.210
-1.609	-0.084	0.013
-1.617	-0.122	-0.061
-1.623	-0.118	-0.039
-1.609	-0.100	-0.043
-1.613	-0.136	-0.038
-1.605	-0.140	-0.022
-1.580	-0.076	0.045
-1.628	-0.129	-0.038
-1.660	-0.129	-0.077
-1.680	-0.165	-0.095
-1.642	-0.080	-0.036
-1.623	-0.066	0.037
-1.552	0.005	0.117
-1.641	-0.118	0.016
-1.605	-0.030	0.051
-1.673	-0.134	-0.072
-1.570	0.015	0.073
-1.575	-0.046	0.018
-1.491	0.077	0.139
-1.590	-0.074	-0.033
-1.572	-0.011	0.014
-1.650	-0.132	-0.134
-1.620	-0.096	-0.095
-1.596	-0.066	-0.071
-1.591	-0.053	-0.060
-1.625	-0.082	-0.124
-1.665	-0.135	-0.223
-1.677	-0.131	-0.220
-1.664	-0.126	-0.210
-1.671	-0.097	-0.181
-1.748	-0.141	-0.178
-1.744	-0.131	-0.194
-1.769	-0.156	-0.221
-1.797	-0.170	-0.253
-1.795	-0.192	-0.285
-1.701	-0.087	-0.164
-1.650	-0.057	-0.114
-1.661	-0.068	-0.167
-1.686	-0.089	-0.230
-1.718	-0.105	-0.205
-1.727	-0.086	-0.160
-1.672	-0.010	-0.082
-1.727	-0.092	-0.164
-1.793	-0.154	-0.227
-1.844	-0.207	-0.276
-1.948	-0.315	-0.367
-1.920	-0.310	-0.373
-1.869	-0.240	-0.312
-1.916	-0.293	-0.388
-1.888	-0.223	-0.338
-1.915	-0.276	-0.407
-1.882	-0.237	-0.329
-1.865	-0.234	-0.312
-1.821	-0.117	-0.190
-1.811	-0.124	-0.240
-1.786	-0.085	-0.202
-1.745	-0.061	-0.147
-1.676	0.035	-0.026
-1.688	-0.010	-0.113
-1.671	0.025	-0.112
-1.716	-0.073	-0.223
-1.678	-0.181	-0.460
-1.634	-0.010	-0.174
-1.483	0.088	-0.223
-1.578	0.039	-0.072
-1.640	-0.081	-0.254
-1.663	-0.077	-0.230
-1.669	-0.231	-0.514
-1.647	-0.057	-0.200
-1.613	-0.091	-0.237
-1.596	-0.021	-0.130
-1.609	-0.022	-0.153
-1.682	-0.098	-0.256
-1.692	-0.092	-0.231
-1.691	-0.136	-0.267
-1.619	-0.006	-0.086
-1.652	-0.094	-0.175
-1.612	-0.012	-0.130
-1.720	-0.149	-0.249
-1.745	-0.135	-0.226
-1.723	-0.103	-0.197
-1.683	-0.091	-0.182
-1.672	-0.078	-0.166
-1.683	-0.068	-0.189
-1.689	-0.106	-0.229
-1.696	-0.051	-0.162
-1.708	-0.084	-0.214
-1.633	0.031	-0.095
-1.652	0.002	-0.124
-1.608	0.087	-0.068
-1.707	-0.084	-0.245
-1.622	0.012	-0.259
-1.671	-0.039	-0.189
-1.634	0.019	-0.131
-1.650	0.027	-0.141
-1.680	-0.011	-0.194
-1.654	0.070	-0.096
-1.701	-0.025	-0.207
-1.710	-0.032	-0.187
-1.724	-0.027	-0.175
-1.792	-0.120	-0.262
-1.770	-0.099	-0.238
-1.708	-0.194	-0.457
-1.691	-0.037	-0.119
-1.667	-0.138	-0.326
-1.672	-0.035	-0.159
-1.584	0.015	-0.282
-1.671	-0.026	-0.132
-1.673	-0.032	-0.092
-1.671	-0.005	-0.046
-1.587	-0.027	-0.281
-1.735	-0.074	-0.144
-1.750	-0.079	-0.170
-1.743	-0.082	-0.147
-1.744	-0.070	-0.107
-1.691	-0.000	-0.023
-1.722	-0.059	-0.054
-1.752	-0.095	-0.112
-1.710	-0.057	-0.163
-1.818	-0.155	-0.167
-1.711	-0.026	-0.063
-1.746	-0.084	-0.038
-1.757	-0.071	-0.052
-1.808	-0.136	-0.154
-1.790	-0.134	-0.138
-1.756	-0.095	-0.071
-1.718	-0.027	0.018
-1.755	-0.066	-0.050
-1.776	-0.104	-0.110
-1.826	-0.149	-0.173
-1.860	-0.203	-0.207
-1.815	-0.164	-0.133
-1.778	-0.122	-0.063
-1.806	-0.137	-0.107
-1.801	-0.136	-0.153
-1.823	-0.172	-0.217
-1.827	-0.162	-0.223
-1.748	-0.043	-0.076
-1.723	-0.031	-0.044
-1.714	-0.039	-0.058
-1.748	-0.069	-0.100
-1.763	-0.078	-0.124
-1.793	-0.091	-0.157
-1.767	-0.037	-0.055
-1.751	-0.026	-0.016
-1.748	-0.014	-0.021
-1.782	-0.064	-0.077
-1.804	-0.176	-0.272
-1.806	-0.090	-0.097
-1.802	-0.083	-0.074
-1.759	-0.024	0.009
-1.793	-0.065	-0.036
-1.800	-0.097	-0.094
-1.813	-0.095	-0.097
-1.780	-0.046	-0.052
-1.812	-0.078	-0.053
-1.719	0.077	0.133
-1.840	-0.079	-0.021
-1.818	-0.015	0.006
-1.890	-0.116	-0.114
-1.859	-0.060	-0.059
-1.868	-0.068	-0.088
-1.830	0.013	0.002
-1.853	-0.016	-0.055
-1.856	0.013	-0.026
-1.909	-0.044	-0.105
-1.909	-0.040	-0.109
-1.875	-0.014	-0.080
-1.835	0.034	-0.009
-1.832	0.019	-0.029
-1.834	0.009	-0.046
-1.849	-0.011	-0.075
-1.854	-0.148	-0.304
-1.823	0.004	-0.034
-1.680	0.132	-0.008
-1.772	0.065	0.043
-1.716	-0.001	-0.239
-1.810	0.033	-0.020
-1.797	0.040	-0.036
-1.816	0.022	-0.025
-1.784	0.070	0.029
-1.762	0.097	0.059
-1.821	0.022	-0.025
-1.801	0.064	0.024
-1.860	-0.030	-0.051
-1.823	0.031	0.038
-1.807	0.038	0.076
-1.765	0.114	0.146
-1.828	-0.003	0.003
-1.828	0.031	0.035
-1.864	-0.048	-0.045
-1.863	-0.045	-0.029
-1.851	-0.027	0.016
-1.799	0.027	0.101
-1.867	-0.045	-0.022
-1.870	-0.060	-0.056
-1.896	-0.096	-0.093
-1.864	-0.073	-0.048
-1.923	-0.147	-0.105
-1.938	-0.191	-0.173
-1.974	-0.237	-0.272
-1.954	-0.206	-0.242
-1.946	-0.194	-0.256
-1.877	-0.088	-0.122
-1.892	-0.111	-0.159
-1.837	-0.022	-0.111
-1.902	-0.148	-0.243
-1.879	-0.107	-0.202
-1.822	-0.014	-0.059
-1.678	0.153	0.096
-1.728	0.080	0.017
-1.750	0.039	-0.055
-1.782	0.006	-0.095
-1.763	0.049	-0.069
-1.729	0.053	-0.038
-1.702	-0.084	-0.313
-1.743	0.025	-0.061
-1.786	-0.034	-0.133
-1.809	-0.034	-0.135
-1.770	0.014	-0.074
-1.724	0.048	0.004
-1.742	0.016	-0.021
-1.771	-0.023	-0.065
-1.775	-0.036	-0.090
-1.771	-0.049	-0.078
-1.703	0.023	0.031
-1.681	0.038	0.082
-1.695	0.011	0.037
-1.733	-0.015	-0.008
-1.761	-0.043	-0.034
-1.705	0.041	0.063
-1.744	-0.031	0.027
-1.666	0.093	0.154
-1.758	-0.040	0.001
-1.690	0.060	0.089
-1.724	-0.061	-0.011
-1.670	0.013	0.082
-1.694	-0.022	0.096
-1.696	-0.023	0.112
-1.748	-0.083	0.048
-1.769	-0.153	-0.085
-1.795	-0.154	-0.031
-1.671	0.024	0.120
-1.740	-0.056	0.120
-1.769	-0.152	-0.031
-1.751	-0.096	0.028
-1.732	-0.044	0.055
-1.714	-0.024	0.069
-1.796	-0.151	-0.010
-1.785	-0.124	0.066
-1.788	-0.100	0.091
-1.744	-0.019	0.142
-1.840	-0.152	0.022
-1.766	-0.025	0.140
-1.809	-0.111	0.089
-1.746	-0.026	0.215
-1.812	-0.137	0.097
-1.777	-0.097	0.124
-1.858	-0.200	0.040
-1.765	-0.041	0.211
-1.746	-0.045	0.234
-1.661	0.104	0.379
-1.794	-0.086	0.145
-1.789	-0.036	0.185
-1.920	-0.220	0.010
-1.895	-0.142	0.088
-1.838	-0.076	0.164
-1.836	-0.061	0.254
-1.824	-0.057	0.161
-1.832	-0.061	0.115
-1.820	-0.052	0.042
-1.806	-0.012	0.104
-1.791	0.009	0.160
-1.764	0.033	0.161
-1.833	-0.082	-0.007
-1.850	-0.105	-0.045
-1.885	-0.173	-0.137
-1.873	-0.186	-0.140
-1.814	-0.113	-0.076
-1.801	-0.085	-0.047
-1.855	-0.162	-0.143
-1.878	-0.210	-0.234
-1.831	-0.137	-0.171
-1.668	0.040	-0.098
-1.728	-0.007	-0.050
-1.765	-0.198	-0.408
-1.794	-0.086	-0.186
-1.827	-0.130	-0.262
-1.837	-0.151	-0.271
-1.808	-0.107	-0.184
-1.713	0.042	-0.037
-1.796	-0.076	-0.182
-1.763	-0.035	-0.155
-1.847	-0.144	-0.268
-1.830	-0.108	-0.220
-1.817	-0.104	-0.206
-1.785	-0.041	-0.104
-1.831	-0.093	-0.200
-1.849	-0.120	-0.232
-1.868	-0.144	-0.302
-1.886	-0.172	-0.303
-1.858	-0.121	-0.247
-1.812	-0.059	-0.187
-1.858	-0.115	-0.290
-1.880	-0.142	-0.340
-1.906	-0.178	-0.392
-1.865	-0.125	-0.350
-1.827	-0.077	-0.303
-1.823	-0.046	-0.265
-1.856	-0.100	-0.333
-1.838	-0.066	-0.299
-1.874	-0.132	-0.366
-1.826	-0.076	-0.261
-1.816	-0.073	-0.236
-1.776	-0.024	-0.244
-1.838	-0.107	-0.280
-1.837	-0.094	-0.261
-1.840	-0.095	-0.253
-1.879	-0.149	-0.277
-1.843	-0.086	-0.180
-1.812	-0.046	-0.116
-1.759	0.038	-0.017
-1.810	-0.043	-0.106
-1.824	-0.026	-0.107
-1.885	-0.137	-0.236
-1.872	-0.122	-0.208
-1.847	-0.087	-0.143
-1.769	0.040	-0.008
-1.823	-0.075	-0.138
-1.772	0.029	-0.066
-1.832	-0.092	-0.205
-1.790	-0.009	-0.120
-1.791	-0.043	-0.129
-1.709	0.084	0.033
-1.822	-0.087	-0.177
-1.815	-0.053	-0.204
-1.850	-0.128	-0.289
-1.840	-0.081	-0.235
-1.800	-0.060	-0.198
-1.774	-0.014	-0.117
-1.836	-0.107	-0.260
-1.836	-0.128	-0.286
-1.864	-0.140	-0.284
-1.750	-0.139	-0.462
-1.808	-0.067	-0.173
-1.857	-0.239	-0.478
-1.855	-0.080	-0.218
-1.872	-0.091	-0.249
-1.853	-0.064	-0.245
-1.817	-0.032	-0.184
-1.809	-0.020	-0.170
-1.703	0.008	-0.341
-1.820	-0.026	-0.212
-1.804	-0.018	-0.200
-1.800	-0.017	-0.178
-1.758	0.029	-0.102
-1.780	0.007	-0.098
-1.831	-0.052	-0.174
-1.853	-0.096	-0.205
-1.868	-0.116	-0.209
-1.772	0.033	-0.013
-1.820	-0.043	-0.108
-1.778	0.026	-0.087
-1.884	-0.128	-0.211
-1.856	-0.108	-0.209
-1.825	-0.064	-0.123
-1.812	-0.088	-0.131
-1.825	-0.085	-0.109
-1.807	-0.080	-0.128
-1.823	-0.089	-0.101
-1.797	-0.190	-0.315
-1.765	-0.001	0.036
-1.771	-0.042	-0.017
-1.803	-0.069	-0.042
-1.716	0.010	-0.084
-1.782	-0.072	-0.046
-1.681	0.081	0.085
-1.718	0.026	0.096
-1.749	-0.179	-0.284
-1.827	-0.117	-0.025
-1.823	-0.090	0.004
-1.845	-0.118	0.015
-1.820	-0.048	0.098
-1.801	-0.040	0.081
-1.777	-0.022	0.035
-1.835	-0.090	-0.007
-1.830	-0.100	-0.039
-1.768	0.014	0.067
-1.768	-0.004	0.052
-1.721	0.080	0.129
-1.762	0.009	-0.010
-1.762	-0.011	-0.043
-1.762	0.009	-0.044
-1.722	-0.029	-0.098
-1.659	0.120	0.108
-1.658	0.120	0.103
-1.703	0.041	0.030
-1.674	0.083	0.022
-1.724	-0.002	-0.010
-1.670	0.051	0.048
-1.626	0.111	0.093
-1.682	0.064	0.048
-1.734	-0.011	0.009
-1.760	-0.052	-0.010
-1.707	0.019	0.065
-1.690	0.015	0.065
-1.701	-0.034	-0.041
-1.754	-0.091	-0.133
-1.737	-0.057	-0.088
-1.747	-0.086	-0.105
-1.704	-0.025	-0.020
-1.744	-0.089	-0.094
-1.740	-0.056	-0.096
-1.790	-0.118	-0.198
-1.792	-0.100	-0.182
-1.738	-0.026	-0.113
-1.711	0.010	-0.045
-1.733	0.003	-0.064
-1.737	-0.014	-0.083
-1.743	0.007	-0.047
-1.658	0.105	0.034
-1.681	0.093	0.043
-1.607	0.069	-0.176
-1.763	-0.041	-0.116
-1.789	-0.066	-0.143
-1.696	0.072	-0.020
-1.709	0.040	0.013
-1.642	0.142	0.150
-1.773	-0.078	-0.052
-1.753	-0.037	-0.012
-1.741	0.003	-0.010
-1.623	0.201	0.202
-1.722	0.014	0.073
-1.711	0.027	0.020
-1.753	-0.051	-0.064
-1.745	-0.016	-0.034
-1.750	-0.058	-0.050
-1.686	0.035	0.040
-1.674	0.041	0.028
-1.712	0.008	0.039
-1.808	-0.110	-0.086
-1.831	-0.125	-0.084
-1.806	-0.096	-0.061
-1.799	-0.092	-0.068
-1.820	-0.095	-0.081
-1.841	-0.103	-0.157
-1.858	-0.122	-0.189
-1.879	-0.145	-0.239
-1.856	-0.102	-0.173
-1.816	-0.054	-0.105
-1.859	-0.098	-0.180
-1.876	-0.118	-0.176
-1.928	-0.193	-0.297
-1.932	-0.230	-0.361
-1.847	-0.108	-0.203
-1.804	-0.030	-0.135
-1.836	-0.087	-0.214
-1.832	-0.096	-0.210
-1.875	-0.161	-0.287
-1.868	-0.208	-0.386
-1.849	-0.103	-0.196
-1.820	-0.063	-0.138
-1.814	-0.050	-0.147
-1.852	-0.077	-0.206
-1.897	-0.132	-0.287
-1.901	-0.182	-0.357
-1.882	-0.133	-0.237
-1.827	-0.062	-0.128
-1.815	-0.016	-0.063
-1.828	-0.016	-0.053
-1.880	-0.073	-0.127
-1.869	-0.233	-0.448
-1.909	-0.110	-0.107
-1.870	-0.052	-0.029
-1.877	-0.073	-0.048
-1.878	-0.171	-0.271
-1.879	-0.092	-0.147
-1.905	-0.118	-0.209
-1.893	-0.110	-0.190
-1.844	-0.051	-0.119
-1.841	-0.034	-0.087
-1.847	-0.065	-0.158
-1.863	-0.080	-0.198
-1.877	-0.102	-0.240
-1.879	-0.099	-0.236
-1.850	-0.061	-0.206
-1.811	-0.014	-0.147
-1.866	-0.112	-0.244
-1.823	-0.003	-0.153
-1.868	-0.115	-0.269
-1.862	-0.139	-0.276
-1.837	-0.084	-0.226
-1.805	-0.146	-0.349
-1.805	-0.055	-0.190
-1.792	-0.045	-0.205
-1.816	-0.055	-0.178
-1.828	-0.070	-0.170
-1.732	0.071	0.004
-1.801	-0.045	-0.102
-1.799	-0.032	-0.095
-1.867	-0.111	-0.180
-1.807	-0.016	-0.090
-1.849	-0.086	-0.137
-1.779	0.018	0.008
-1.850	-0.080	-0.081
-1.842	-0.029	-0.040
-1.918	-0.148	-0.175
-1.887	-0.087	-0.104
-1.864	-0.066	-0.059
-1.833	0.005	0.013
-1.892	-0.069	-0.063
-1.889	-0.011	-0.034
-1.968	-0.133	-0.167
-1.948	-0.101	-0.125
-1.906	-0.052	-0.056
-1.848	0.041	0.053
-1.899	-0.056	-0.067
-1.894	-0.012	-0.036
-1.943	-0.116	-0.148
-1.884	-0.001	-0.017
-1.855	0.004	-0.017
-1.827	0.058	0.034
-1.914	-0.063	-0.082
-1.958	-0.098	-0.110
-2.003	-0.180	-0.167
-1.929	-0.057	-0.113
-1.964	-0.098	-0.070
-1.961	-0.149	-0.197
-1.950	-0.078	-0.113
-1.994	-0.125	-0.164
-1.986	-0.115	-0.165
-1.970	-0.095	-0.120
-1.912	-0.018	0.003
-1.855	-0.014	-0.166
-2.013	-0.158	-0.166
-2.013	-0.183	-0.240
-1.998	-0.153	-0.209
-1.959	-0.080	-0.133
-1.951	-0.056	-0.105
-1.995	-0.118	-0.187
-1.983	-0.073	-0.147
-2.022	-0.131	-0.180
-1.940	-0.028	-0.037
-1.956	-0.045	-0.071
-1.904	0.051	-0.004
-2.039	-0.133	-0.219
-2.093	-0.290	-0.443
-2.098	-0.191	-0.203
-2.021	-0.244	-0.443
-2.067	-0.102	-0.128
-2.105	-0.174	-0.203
-2.125	-0.192	-0.248
-2.120	-0.180	-0.208
-2.005	-0.014	-0.060
-2.069	-0.122	-0.159
-2.010	-0.036	-0.105
-2.074	-0.142	-0.248
-2.034	-0.093	-0.191
-2.032	-0.132	-0.189
-1.996	-0.042	-0.076
-2.033	-0.096	-0.169
-2.033	-0.084	-0.178
-2.030	-0.072	-0.164
-1.995	-0.037	-0.079
-1.962	0.007	-0.007
-1.984	-0.024	-0.040
-2.017	-0.110	-0.107
-1.983	-0.073	-0.056
-1.977	-0.098	-0.036
-1.844	0.071	0.141
-1.874	0.004	0.087
-1.848	0.040	0.133
-1.933	-0.072	0.002
-1.970	-0.172	-0.145
-1.956	-0.087	0.037
-1.953	-0.137	-0.053
-1.996	-0.125	0.031
-1.976	-0.133	-0.005
-1.990	-0.116	0.031
-1.937	-0.207	-0.190
-1.926	-0.020	0.190
-1.973	-0.086	0.132
-1.995	-0.075	0.134
-2.037	-0.163	0.007
-2.007	-0.087	0.135
-1.976	-0.049	0.193
-1.942	-0.033	0.220
-1.926	-0.001	0.235
-2.029	-0.145	0.117
-2.022	-0.103	0.152
-2.000	-0.089	0.177
-1.950	-0.007	0.258
-1.966	-0.019	0.244
-1.989	-0.010	0.245
-2.037	-0.130	0.127
-2.032	-0.120	0.103
-1.993	-0.086	0.119
-1.948	-0.196	-0.116
-1.969	-0.041	0.184
-2.009	-0.146	0.033
-2.052	-0.157	0.074
-2.055	-0.163	0.019
-1.959	-0.088	0.058
-1.962	-0.124	0.053
-1.922	-0.051	0.140
-1.946	-0.078	0.095
-1.987	-0.136	0.021
-1.987	-0.240	-0.206
-1.969	-0.115	0.012
-1.908	-0.011	0.172
-1.973	-0.084	0.117
-1.918	0.008	0.147
-1.955	-0.062	0.080
-1.992	-0.069	0.079
-1.942	-0.009	0.100
-1.982	-0.076	0.031
-1.875	0.087	0.253
-1.923	-0.024	0.167
-1.877	0.054	0.204
-1.966	-0.103	0.056
-1.951	-0.049	0.099
-2.003	-0.139	0.009
-1.929	-0.031	0.120
-1.979	-0.108	0.076
-1.923	-0.011	0.118
-2.006	-0.167	-0.043
-1.965	-0.098	0.017
-2.017	-0.171	-0.078
-1.992	-0.133	-0.025
-1.962	-0.098	0.036
-1.910	-0.024	0.116
-1.924	-0.048	0.102
-1.944	-0.070	0.062
-1.980	-0.107	0.004
-1.975	-0.241	-0.253
-1.933	-0.071	0.036
-1.857	-0.133	-0.217
-1.931	-0.047	0.063
-1.950	-0.178	-0.165
-1.947	-0.091	0.003
-1.925	-0.079	0.015
-1.908	-0.069	0.025
-1.925	-0.069	0.039
-1.906	-0.029	0.113
-1.911	-0.045	0.110
-1.933	-0.096	0.077
-1.952	-0.089	0.051
-1.977	-0.117	0.032
-1.943	-0.083	0.085
-1.958	-0.088	0.090
-1.943	-0.249	-0.244
-1.961	-0.113	0.057
-1.866	-0.028	0.012
-1.956	-0.094	0.097
-1.918	-0.214	-0.133
-1.914	-0.114	0.160
-1.930	-0.095	0.183
-1.959	-0.137	0.114
-1.939	-0.079	0.144
-1.947	-0.113	0.083
-1.880	-0.026	0.166
-1.917	-0.078	0.118
-1.914	-0.080	0.060
-1.952	-0.214	-0.137
-1.974	-0.142	0.015
-1.928	-0.051	0.086
-1.987	-0.184	-0.066
-1.938	-0.126	0.007
-1.914	-0.097	0.056
-1.909	-0.101	0.029
-1.930	-0.139	-0.051
-1.944	-0.155	-0.100
-1.978	-0.189	-0.133
-1.961	-0.175	-0.086
-1.920	-0.152	-0.051
-1.868	-0.091	-0.016
-1.867	-0.092	-0.009
-1.884	-0.169	-0.131
-1.898	-0.125	-0.050
-1.929	-0.134	-0.055
-1.905	-0.088	-0.004
-1.859	-0.032	0.067
-1.845	-0.005	0.080
-1.886	-0.056	0.043
-1.918	-0.086	0.038
-1.959	-0.145	-0.037
-1.977	-0.159	-0.045
-1.977	-0.131	0.016
-1.986	-0.149	-0.025
-2.027	-0.157	-0.041
-1.930	-0.147	-0.204
-2.042	-0.152	-0.010
-1.910	-0.106	-0.120
-2.006	-0.103	0.068
-2.027	-0.112	0.037
-2.091	-0.179	-0.050
-2.087	-0.372	-0.403
-2.069	-0.187	-0.029
-2.034	-0.249	-0.130
-2.018	-0.177	0.013
-2.008	-0.159	0.004
-2.049	-0.230	-0.084
-1.929	-0.225	-0.326
-1.991	-0.159	-0.053
-1.920	-0.030	0.076
-1.906	-0.043	0.057
-1.933	-0.095	-0.003
-1.967	-0.104	-0.006
-1.981	-0.130	-0.057
-1.963	-0.082	0.022
-1.893	0.045	0.165
-1.920	-0.022	0.113
-1.936	-0.052	0.071
-2.006	-0.133	-0.050
-2.031	-0.133	-0.134
-2.005	-0.121	-0.039
-1.936	-0.009	0.131
-1.969	-0.040	0.112
-2.002	-0.092	0.055
-2.046	-0.160	-0.047
-2.091	-0.203	-0.060
-2.036	-0.102	0.054
-2.033	-0.077	0.110
-2.021	-0.058	0.097
-2.090	-0.135	-0.015
-2.095	-0.138	-0.097
-2.014	0.023	0.215
-2.057	-0.053	0.167
-2.045	-0.038	0.142
-2.097	-0.107	0.068
-2.132	-0.170	-0.027
-2.180	-0.229	-0.085
-2.145	-0.167	-0.000
-2.153	-0.186	-0.017
-2.094	-0.093	0.094
-2.146	-0.207	0.001
-2.111	-0.175	0.058
-2.161	-0.223	-0.012
-2.128	-0.166	0.037
-2.127	-0.141	0.057
-2.126	-0.159	-0.005
-2.083	-0.075	0.055
-2.061	-0.052	0.079
-2.012	-0.147	-0.187
-2.040	-0.030	0.067
-2.065	-0.086	-0.019
-2.087	-0.126	-0.040
-2.079	-0.110	-0.026
-1.990	-0.001	0.071
-2.012	-0.013	0.095
-2.041	-0.064	0.031
-2.083	-0.112	-0.015
-2.143	-0.195	-0.116
-2.150	-0.183	-0.117
-2.144	-0.179	-0.087
-2.090	-0.106	0.008
-2.106	-0.089	0.040
-2.120	-0.109	0.014
-2.134	-0.128	-0.014
-2.102	-0.127	-0.015
-2.085	-0.092	0.026
-2.075	-0.067	0.062
-2.090	-0.216	-0.164
-2.095	-0.088	0.053
-2.094	-0.099	0.037
-2.127	-0.131	-0.000
-2.122	-0.126	0.003
-2.040	0.004	0.129
-2.104	-0.080	0.059
-2.043	-0.003	0.105
-2.110	-0.105	0.002
-2.046	-0.003	0.091
-2.078	-0.064	0.011
-2.067	-0.054	0.030
-2.061	-0.063	0.015
-2.075	-0.075	-0.014
-2.110	-0.118	-0.057
-2.130	-0.122	-0.070
-2.129	-0.109	-0.044
-2.091	-0.069	0.023
-2.080	-0.039	0.056
-2.117	-0.105	-0.010
-2.102	-0.069	-0.006
-2.145	-0.155	-0.099
-2.105	-0.246	-0.373
-2.129	-0.091	-0.030
-2.146	-0.200	-0.192
-2.173	-0.149	-0.061
-2.189	-0.175	-0.083
-2.143	-0.120	-0.022
-2.076	-0.019	0.096
-2.083	-0.065	0.077
-2.079	-0.240	-0.266
-2.101	-0.129	-0.019
-2.099	-0.128	-0.034
-2.066	-0.085	0.033
-2.003	0.002	0.123
-1.999	0.004	0.137
-2.014	-0.029	0.095
-2.016	-0.045	0.068
-2.077	-0.124	-0.018
-2.069	-0.124	-0.041
-2.059	-0.101	0.021
-2.072	-0.115	-0.023
-2.094	-0.132	-0.057
-2.122	-0.148	-0.080
-2.146	-0.155	-0.082
-2.123	-0.125	-0.040
-2.093	-0.071	0.023
-2.121	-0.105	-0.017
-2.147	-0.131	-0.061
-2.174	-0.132	-0.105
-2.144	-0.069	-0.066
-2.162	-0.122	-0.116
-2.097	-0.041	0.003
-2.126	-0.129	-0.071
-2.106	-0.063	-0.026
-2.147	-0.166	-0.145
-2.121	-0.171	-0.169
-2.090	-0.146	-0.154
-2.034	-0.084	-0.094
-1.953	0.059	0.073
-2.015	-0.051	-0.054
-2.011	-0.049	-0.087
-2.041	-0.118	-0.183
-2.057	-0.140	-0.183
-2.047	-0.124	-0.126
-2.002	-0.068	-0.051
-1.917	0.034	0.044
-1.954	-0.029	-0.009
-2.003	-0.087	-0.057
-2.121	-0.200	-0.151
-2.153	-0.334	-0.290
-2.130	-0.239	-0.119
-2.140	-0.247	-0.106
-2.177	-0.288	-0.144
-2.169	-0.271	-0.117
-2.208	-0.334	-0.185
-2.183	-0.274	-0.107
-2.186	-0.284	-0.111
-2.019	-0.042	0.102
-2.019	-0.066	0.055
-1.976	-0.003	0.096
-2.066	-0.131	-0.031
-1.977	0.031	0.151
-1.988	0.008	0.119
-2.020	-0.017	0.087
-2.084	-0.107	-0.003
-2.079	-0.084	-0.006
-2.044	-0.050	0.008
-1.879	0.059	-0.039
-2.003	-0.026	0.044
-1.906	0.021	-0.117
-2.085	-0.089	-0.046
-2.074	-0.086	-0.046
-2.054	-0.048	0.003
-1.988	0.023	0.051
-2.003	-0.019	0.022
-2.045	-0.100	-0.083
-1.986	-0.002	0.004
-2.069	-0.115	-0.099
-2.024	-0.033	0.005
-2.007	-0.004	0.040
-2.053	-0.044	0.009
-2.112	-0.136	-0.092
-2.066	-0.082	-0.110
-2.160	-0.156	-0.093
-2.167	-0.157	-0.082
-2.136	-0.103	-0.011
-2.161	-0.132	-0.031
-2.181	-0.161	-0.072
-2.231	-0.210	-0.120
-2.171	-0.120	-0.036
-2.200	-0.154	-0.039
-2.098	-0.005	0.102
-2.166	-0.117	-0.008
-2.148	-0.050	0.015
-2.214	-0.144	-0.069
-2.211	-0.218	-0.182
-2.183	-0.120	-0.028
-2.115	-0.020	0.039
-2.190	-0.098	-0.044
-2.194	-0.122	-0.069
-2.165	-0.039	-0.028
-2.229	-0.105	-0.083
-2.188	-0.046	-0.033
-2.151	-0.034	-0.000
-2.102	0.044	0.082
-2.130	-0.026	-0.001
-2.135	-0.018	-0.002
-2.160	-0.076	-0.090
-2.109	-0.015	-0.066
-2.134	-0.043	-0.038
-2.091	0.005	0.006
-2.090	0.011	0.003
-2.104	-0.039	-0.031
-2.135	-0.085	-0.050
-2.162	-0.120	-0.082
-2.122	-0.000	0.045
-2.131	-0.039	0.014
-2.081	0.056	0.136
-2.143	-0.041	0.039
-2.149	-0.029	0.067
-2.198	-0.115	-0.040
-2.192	-0.148	-0.087
-2.168	-0.059	0.046
-2.190	-0.075	0.037
-2.236	-0.136	-0.037
-2.225	-0.122	-0.023
-2.195	-0.114	0.015
-2.181	-0.129	-0.005
-2.194	-0.110	0.043
-2.204	-0.273	-0.274
-2.217	-0.156	-0.035
-2.209	-0.163	-0.035
-2.161	-0.107	0.045
-2.120	-0.071	0.093
-2.128	-0.102	0.054
-2.130	-0.120	-0.007
-2.155	-0.149	-0.063
-2.147	-0.155	-0.082
-2.067	0.004	0.095
-2.087	-0.054	0.046
-2.039	0.024	0.090
-2.128	-0.133	-0.073
-2.121	-0.107	-0.056
-2.093	-0.075	-0.057
-2.063	-0.014	-0.011
-2.044	0.025	0.025
-2.057	0.026	0.011
-2.090	-0.022	-0.057
-2.036	-0.140	-0.334
-2.066	0.028	0.013
-2.035	0.064	0.044
-2.017	0.089	0.063
-2.030	0.060	0.027
-2.089	-0.014	-0.050
-2.112	-0.035	-0.053
-2.125	-0.054	-0.036
-2.120	-0.024	-0.009
-2.112	0.009	0.048
-2.072	-0.119	-0.293
-2.188	-0.070	-0.053
-2.149	-0.192	-0.375
-2.245	-0.119	-0.071
-2.150	0.003	0.008
-2.171	-0.047	0.025
-2.174	-0.176	-0.205
-2.195	-0.084	-0.023
-2.201	-0.101	-0.039
-2.184	-0.085	-0.001
-2.111	-0.014	0.084
-2.086	0.012	0.113
-2.118	-0.018	0.075
-2.074	0.040	0.104
-2.127	-0.041	0.037
-2.037	0.051	0.115
-2.083	-0.068	0.011
-2.011	0.033	0.038
-2.032	-0.018	-0.056
-2.104	-0.069	-0.106
-2.172	-0.140	-0.137
-2.082	-0.044	-0.003
-2.126	-0.127	-0.043
-2.128	-0.178	-0.135
-2.177	-0.244	-0.185
-2.143	-0.195	-0.155
-2.157	-0.224	-0.150
-2.157	-0.202	-0.092
-2.047	-0.174	-0.286
-2.225	-0.265	-0.186
-2.275	-0.341	-0.278
-2.266	-0.309	-0.232
-2.203	-0.241	-0.147
-2.222	-0.220	-0.103
-2.287	-0.291	-0.166
-2.302	-0.294	-0.152
-2.296	-0.300	-0.138
-2.227	-0.193	-0.001
-2.216	-0.179	0.018
-2.250	-0.218	-0.022
-2.223	-0.168	-0.024
-2.299	-0.276	-0.086
-2.273	-0.406	-0.374
-2.231	-0.187	0.023
-2.219	-0.161	0.070
-2.232	-0.178	-0.016
-2.279	-0.187	-0.087
-2.279	-0.196	-0.123
-2.228	-0.132	-0.046
-2.210	-0.112	-0.024
-2.192	-0.055	0.033
-2.235	-0.097	-0.022
-2.236	-0.100	-0.072
-2.307	-0.180	-0.152
-2.257	-0.096	-0.047
-2.210	-0.062	-0.005
-2.223	-0.077	-0.001
-2.244	-0.119	-0.061
-2.279	-0.147	-0.100
-2.267	-0.160	-0.161
-2.252	-0.105	-0.068
-2.246	-0.145	-0.080
-2.182	-0.039	0.011
-2.243	-0.150	-0.120
-2.216	-0.084	-0.086
-2.219	-0.111	-0.074
-2.228	-0.156	-0.088
-2.173	-0.071	0.017
-2.187	-0.108	-0.038
-2.211	-0.132	-0.095
-2.211	-0.135	-0.068
-2.204	-0.131	-0.063
-2.065	-0.099	-0.177
-2.193	-0.110	0.015
-2.213	-0.221	-0.210
-2.234	-0.160	-0.058
-2.140	-0.057	-0.075
-2.171	-0.076	0.029
-2.027	-0.010	-0.099
-2.164	-0.052	0.070
-2.197	-0.187	-0.165
-2.201	-0.106	-0.018
-2.102	-0.138	-0.255
-2.139	-0.036	0.070
-2.114	-0.143	-0.125
-2.135	-0.061	0.081
-2.122	-0.042	0.073
-2.184	-0.105	-0.016
-2.168	-0.076	-0.018
-2.173	-0.109	-0.024
-2.158	-0.076	0.024
-2.191	-0.121	-0.047
-2.221	-0.172	-0.089
-2.232	-0.189	-0.112
-2.222	-0.169	-0.086
-2.171	-0.098	-0.039
-2.160	-0.077	-0.030
-2.149	-0.053	-0.017
-2.176	-0.095	-0.098
-2.189	-0.096	-0.086
-2.183	-0.101	-0.071
-2.203	-0.135	-0.093
-2.240	-0.170	-0.177
-2.246	-0.225	-0.261
-2.237	-0.200	-0.236
-2.158	-0.076	-0.110
-2.202	-0.139	-0.119
-2.098	0.017	0.036
-2.188	-0.138	-0.133
-2.100	-0.015	-0.027
-2.145	-0.097	-0.140
-2.083	0.011	-0.028
-2.107	-0.030	-0.036
-2.107	-0.007	-0.007
-2.213	-0.133	-0.166
-2.172	-0.100	-0.237
-2.295	-0.185	-0.160
-2.277	-0.174	-0.132
-2.232	-0.117	-0.068
-2.238	-0.116	-0.067
-2.242	-0.114	-0.113
-2.141	-0.012	-0.078
-2.239	-0.129	-0.051
-2.226	-0.269	-0.322
-2.257	-0.148	-0.050
-2.279	-0.152	-0.059
-2.306	-0.190	-0.097
-2.312	-0.257	-0.194
-2.263	-0.121	-0.031
-2.177	-0.001	0.109
-2.228	-0.077	0.033
-2.192	-0.031	0.045
-2.242	-0.113	-0.013
-2.166	-0.027	0.033
-2.115	0.005	0.067
-2.091	0.020	0.092
-2.070	0.064	0.143
-2.154	-0.042	0.064
-2.138	-0.039	-0.022
-2.201	-0.080	0.093
-2.217	-0.126	0.062
-2.235	-0.153	0.014
-2.172	-0.026	0.120
-2.263	-0.146	-0.008
-2.258	-0.108	0.038
-2.294	-0.209	-0.067
-2.245	-0.141	0.030
-2.255	-0.157	-0.001
-2.177	-0.014	0.141
-2.210	-0.070	0.043
-2.288	-0.186	-0.087
-2.272	-0.185	-0.054
-2.027	0.104	0.053
-2.173	-0.028	0.038
-2.183	-0.186	-0.255
-2.184	-0.049	-0.042
-2.147	-0.182	-0.350
-2.192	-0.053	-0.033
-2.175	-0.196	-0.290
-2.137	0.041	0.074
-2.106	0.038	-0.000
-2.102	0.062	0.083
-2.076	0.095	0.129
-2.102	0.073	0.128
-2.090	0.092	0.160
-2.124	0.027	0.070
-2.133	-0.008	0.029
-2.148	0.015	0.074
-2.118	-0.130	-0.206
-2.153	-0.016	0.058
-2.180	-0.012	0.028
-2.193	-0.017	0.010
-2.178	-0.014	0.009
-2.148	0.010	0.043
-2.150	-0.010	0.006
-2.187	-0.064	-0.049
-2.158	-0.056	-0.023
-2.150	-0.059	-0.015
-2.145	-0.059	0.019
-2.109	0.000	0.065
-2.169	-0.075	-0.019
-2.204	-0.117	-0.063
-2.180	-0.040	0.007
-2.139	-0.000	0.059
-2.124	0.033	0.132
-2.076	0.084	0.198
-2.127	0.001	0.139
-2.101	0.025	0.162
-2.114	-0.015	0.115
-2.133	-0.029	0.121
-2.124	-0.062	0.080
-2.094	-0.008	0.145
-2.116	-0.055	0.096
-2.107	-0.051	0.083
-2.140	-0.080	0.021
-2.111	-0.088	0.019
-2.074	-0.042	0.026
-2.060	-0.038	0.053
-2.048	-0.009	0.051
-2.078	-0.054	-0.009
-2.070	-0.031	0.016
-2.112	-0.097	-0.060
-2.095	-0.069	-0.024
-2.081	-0.041	-0.006
-2.114	-0.059	-0.033
-2.103	-0.024	-0.053
-2.123	-0.052	-0.086
-2.159	-0.089	-0.117
-2.136	-0.060	-0.086
-2.076	0.042	0.026
-2.124	-0.044	-0.081
-2.087	0.052	0.006
-2.148	-0.065	-0.103
-2.142	-0.027	-0.065
-2.133	-0.033	-0.067
-2.068	0.059	0.011
-2.132	-0.047	-0.051
-2.175	-0.123	-0.108
-2.190	-0.135	-0.166
-2.175	-0.133	-0.180
-2.118	-0.044	-0.070
-2.072	0.026	-0.028
-2.062	0.045	0.001
-2.103	-0.006	-0.049
-2.027	-0.059	-0.301
-2.118	-0.017	-0.056
-2.090	0.010	-0.029
-2.093	0.011	-0.017
-2.063	0.041	0.018
-2.077	0.037	0.019
-2.111	-0.014	-0.026
-2.065	0.089	0.099
-2.124	-0.041	-0.059
-2.099	-0.026	-0.041
-2.101	-0.035	-0.032
-2.086	-0.008	-0.014
-2.080	0.022	-0.010
-2.112	-0.011	-0.014
-2.101	-0.030	-0.059
-2.111	-0.061	-0.065
-2.093	-0.037	-0.009
-2.089	-0.036	0.017
-2.144	-0.083	-0.054
-2.152	-0.096	-0.054
-2.113	-0.008	0.037
-2.153	-0.111	-0.065
-2.097	-0.074	-0.015
-2.111	-0.130	-0.071
-2.073	-0.029	-0.004
-2.113	-0.124	-0.115
-2.108	-0.106	-0.084
-2.102	-0.110	-0.074
-2.152	-0.368	-0.420
-2.113	-0.157	-0.079
-2.122	-0.246	-0.264
-2.182	-0.218	-0.192
-2.175	-0.207	-0.200
-2.118	-0.137	-0.119
-2.086	-0.100	-0.060
-2.086	-0.110	-0.024
-2.095	-0.158	-0.075
-2.060	-0.135	-0.073
-2.073	-0.096	-0.038
-2.004	0.051	0.120
-2.032	-0.006	0.095
-2.048	-0.030	0.113
-2.120	-0.160	-0.040
-2.114	-0.151	-0.007
-2.128	-0.178	-0.054
-2.123	-0.222	-0.141
-2.156	-0.216	-0.089
-2.116	-0.133	-0.010
-2.069	-0.063	0.071
-2.096	-0.118	-0.018
-2.086	-0.091	-0.004
-2.047	-0.045	0.010
-2.006	0.017	0.007
-2.328	-0.361	-0.267
-2.411	-0.373	-0.145
-2.493	-0.592	-0.377
-2.433	-0.491	-0.284
-2.409	-0.399	-0.186
-2.226	-0.356	-0.307
-2.223	-0.237	-0.087
-2.265	-0.249	-0.085
-2.276	-0.159	0.007
-2.447	-0.375	-0.148
-2.406	-0.303	-0.082
