-1.179	0.273	-0.400
-1.170	0.317	-0.370
-1.069	0.459	-0.138
-1.121	0.372	-0.352
-1.075	0.457	-0.051
-1.120	0.384	-0.059
-1.077	0.518	0.003
-1.114	0.365	-0.281
-1.070	0.489	-0.170
-1.076	0.476	-0.356
-1.098	0.435	-0.397
-1.012	0.506	-0.386
-1.254	0.173	-0.320
-1.405	0.036	-0.366
-1.207	0.224	-0.388
-0.968	0.537	-0.135
-1.123	0.341	-0.313
-1.113	0.376	-0.100
-1.076	0.365	-0.057
-1.074	0.404	-0.068
-1.154	0.311	-0.273
-1.103	0.388	-0.222
-1.109	0.323	-0.207
-0.969	0.541	0.190
-1.000	0.461	0.064
-0.911	0.634	0.275
-0.959	0.545	0.147
-0.925	0.585	0.098
-1.020	0.431	-0.105
-0.989	0.461	-0.041
-1.051	0.437	-0.184
-1.089	0.412	-0.323
-1.099	0.393	-0.374
-1.066	0.438	-0.341
-1.031	0.412	-0.294
-0.992	0.447	-0.335
-0.872	0.546	-0.422
-1.009	0.416	-0.451
-1.038	0.382	-0.378
-1.012	0.414	-0.264
-1.033	0.358	-0.287
-1.036	0.387	-0.336
-1.055	0.361	-0.295
-0.999	0.412	-0.275
-1.036	0.369	-0.263
-0.984	0.482	-0.197
-0.966	0.420	-0.258
-0.908	0.509	-0.059
-0.916	0.479	-0.116
-0.946	0.437	-0.216
-0.893	0.509	-0.251
-1.019	0.393	-0.267
-0.891	0.488	-0.295
-0.993	0.395	-0.133
-1.010	0.359	-0.082
-0.988	0.380	-0.081
-0.988	0.426	-0.104
-0.999	0.388	-0.166
-0.992	0.412	-0.123
-0.988	0.363	-0.123
-0.934	0.445	0.051
-0.930	0.383	-0.076
-0.914	0.447	-0.022
-1.010	0.299	-0.244
-0.909	0.398	-0.081
-0.945	0.302	-0.150
-0.940	0.310	-0.196
-0.899	0.360	-0.156
-0.935	0.293	-0.235
-0.944	0.271	-0.114
-0.940	0.232	-0.056
-0.922	0.266	-0.081
-0.938	0.224	-0.195
-0.945	0.220	-0.248
-0.913	0.237	-0.146
-0.914	0.217	-0.077
-0.920	0.217	-0.065
-0.927	0.217	-0.157
-0.978	0.179	-0.239
-1.000	0.165	-0.258
-0.986	0.165	-0.168
-0.967	0.208	-0.090
-0.944	0.052	-0.466
-0.967	0.213	-0.157
-0.955	0.235	-0.193
-0.992	0.217	-0.184
-0.891	0.345	-0.025
-0.873	0.316	-0.022
-0.895	0.317	-0.124
-0.921	0.313	-0.176
-0.826	0.285	-0.402
-0.923	0.267	-0.084
-0.946	0.102	-0.274
-0.915	0.226	-0.096
-0.965	0.191	-0.199
-0.962	0.201	-0.247
-0.938	0.076	-0.464
-0.872	0.270	-0.073
-0.782	0.176	-0.363
-0.927	0.212	-0.194
-0.912	0.265	-0.231
-0.966	0.192	-0.185
-0.967	0.169	-0.126
-0.945	0.210	-0.077
-0.990	0.167	-0.220
-1.043	0.126	-0.276
-1.068	0.077	-0.333
-1.002	0.136	-0.164
-1.000	0.108	-0.188
-1.004	0.129	-0.224
-1.029	0.123	-0.262
-1.023	0.130	-0.270
-1.067	0.095	-0.232
-1.011	0.183	-0.057
-1.025	0.114	-0.119
-1.001	0.206	-0.143
-1.066	0.111	-0.246
-1.012	0.165	-0.143
-0.982	0.135	-0.125
-0.997	0.127	-0.074
-1.012	0.091	-0.166
-1.013	0.102	-0.167
-1.006	0.084	-0.111
-0.996	0.003	-0.184
-0.982	0.093	-0.066
-0.971	0.122	-0.089
-1.000	0.065	-0.238
-0.985	0.103	-0.195
-0.976	0.081	-0.299
-0.880	0.191	-0.165
-0.911	0.093	-0.175
-0.955	0.025	-0.311
-0.963	0.014	-0.397
-0.963	0.023	-0.420
-0.948	0.023	-0.392
-0.832	0.197	-0.188
-0.881	0.109	-0.281
-0.866	0.180	-0.289
-0.924	0.114	-0.319
-0.886	0.191	-0.204
-0.895	0.144	-0.189
-0.865	0.206	-0.180
-0.932	0.104	-0.302
-0.911	0.182	-0.277
-0.951	0.084	-0.276
-0.843	0.236	-0.107
-0.919	0.122	-0.217
-0.913	0.143	-0.242
-0.978	0.085	-0.342
-0.985	0.096	-0.326
-1.009	0.084	-0.230
-0.971	0.104	-0.156
-0.999	0.092	-0.231
-1.019	0.066	-0.308
-1.023	0.114	-0.255
-1.014	0.080	-0.241
-0.921	0.215	-0.048
-0.984	0.111	-0.217
-0.968	0.161	-0.267
-1.059	0.071	-0.339
-1.070	0.050	-0.342
-1.039	0.047	-0.240
-1.023	0.064	-0.204
-1.066	-0.114	-0.551
-1.089	0.008	-0.371
-1.144	-0.029	-0.401
-1.138	-0.044	-0.378
-1.113	-0.027	-0.272
-1.120	-0.020	-0.288
-1.088	0.063	-0.273
-1.126	0.018	-0.346
-1.082	0.123	-0.256
-1.183	-0.004	-0.321
-1.257	-0.066	-0.471
-1.165	-0.124	-0.590
-1.219	-0.019	-0.255
-1.085	-0.007	-0.400
-1.219	0.007	-0.241
-1.265	-0.038	-0.353
-1.263	-0.009	-0.373
-1.234	0.014	-0.285
-1.206	0.048	-0.240
-1.086	0.078	-0.490
-1.216	0.069	-0.326
-1.131	0.066	-0.566
-1.223	0.047	-0.264
-1.211	-0.096	-0.430
-1.210	0.007	-0.279
-1.246	-0.015	-0.334
-1.267	-0.023	-0.391
-1.252	-0.181	-0.679
-1.206	0.031	-0.241
-1.219	-0.126	-0.458
-1.246	-0.032	-0.375
-1.269	-0.033	-0.417
-1.300	-0.034	-0.452
-1.282	-0.040	-0.344
-1.217	0.041	-0.238
-1.269	-0.034	-0.349
-1.287	-0.014	-0.400
-1.303	0.002	-0.391
-1.225	0.096	-0.328
-1.242	0.029	-0.251
-1.183	0.087	-0.175
-1.305	-0.019	-0.304
-1.357	-0.076	-0.470
-1.425	-0.078	-0.448
-1.430	-0.043	-0.334
-1.474	-0.094	-0.352
-1.475	-0.076	-0.373
-1.482	-0.077	-0.446
-1.456	-0.035	-0.435
-1.483	-0.081	-0.410
-1.461	-0.053	-0.409
-1.498	-0.090	-0.447
-1.478	-0.045	-0.438
-1.538	-0.101	-0.494
-1.493	-0.031	-0.375
-1.487	-0.073	-0.387
-1.458	-0.012	-0.367
-1.473	-0.053	-0.432
-1.467	-0.186	-0.712
-1.466	-0.078	-0.470
-1.441	-0.067	-0.376
-1.474	-0.112	-0.520
-1.537	-0.166	-0.623
-1.528	-0.165	-0.647
-1.503	-0.143	-0.504
-1.511	-0.136	-0.491
-1.526	-0.143	-0.563
-1.558	-0.134	-0.635
-1.540	-0.132	-0.592
-1.528	-0.136	-0.580
-1.509	-0.111	-0.588
-1.502	-0.086	-0.604
-1.509	-0.071	-0.609
-1.503	-0.042	-0.572
-1.486	-0.059	-0.453
-1.466	-0.018	-0.424
-1.509	-0.045	-0.430
-1.415	0.074	-0.343
-1.428	0.007	-0.305
-1.354	0.071	-0.178
-1.376	0.015	-0.243
-1.334	0.104	-0.193
-1.387	0.023	-0.241
-1.375	0.067	-0.085
-1.441	-0.038	-0.212
-1.418	0.046	-0.128
-1.521	-0.072	-0.323
-1.509	-0.043	-0.230
-1.512	-0.074	-0.213
-1.474	-0.028	-0.110
-1.509	-0.073	-0.255
-1.500	-0.227	-0.581
-1.557	-0.133	-0.257
-1.534	-0.106	-0.110
-1.542	-0.171	-0.178
-1.575	-0.193	-0.257
-1.607	-0.194	-0.275
-1.523	-0.160	-0.412
-1.603	-0.155	-0.142
-1.486	-0.152	-0.308
-1.576	-0.125	-0.163
-1.554	-0.126	-0.239
-1.473	-0.036	-0.204
-1.512	-0.101	-0.145
-1.425	0.002	-0.010
-1.473	-0.086	-0.073
-1.451	-0.013	-0.066
-1.512	-0.115	-0.200
-1.467	-0.045	-0.038
-1.426	-0.024	0.068
-1.414	0.013	0.065
-1.409	0.000	-0.006
-1.440	-0.027	-0.065
-1.403	0.024	0.039
-1.386	-0.003	0.063
-1.390	0.019	0.086
-1.414	0.027	0.023
-1.426	0.004	-0.052
-1.431	-0.091	-0.178
-1.403	0.015	0.094
-1.411	0.003	0.077
-1.417	0.019	0.002
-1.445	-0.012	-0.047
-1.391	0.042	0.010
-1.396	0.008	0.059
-1.399	0.022	0.104
-1.426	0.011	0.021
-1.445	0.023	-0.025
-1.477	-0.023	-0.060
-1.462	0.014	0.060
-1.446	0.011	0.135
-1.431	0.042	0.092
-1.346	0.043	-0.154
-1.471	0.040	0.030
-1.453	-0.116	-0.200
-1.427	0.067	0.156
-1.435	0.091	0.130
-1.464	0.058	0.035
-1.402	0.187	0.157
-1.461	0.113	0.144
-1.469	0.094	0.067
-1.474	0.083	0.089
-1.482	0.035	0.091
-1.484	-0.029	-0.009
-1.471	0.059	0.031
-1.476	0.070	0.010
-1.478	0.076	0.008
-1.459	0.094	0.098
-1.455	0.099	0.105
-1.395	-0.004	-0.268
-1.487	0.066	-0.016
-1.384	0.093	-0.242
-1.450	0.065	0.006
-1.453	-0.110	-0.261
-1.467	0.024	-0.018
-1.474	0.057	-0.024
-1.520	0.008	-0.131
-1.514	-0.161	-0.484
-1.510	0.003	-0.052
-1.512	-0.138	-0.220
-1.498	0.017	-0.002
-1.539	0.000	-0.098
-1.535	-0.010	-0.138
-1.507	0.028	-0.003
-1.505	-0.017	-0.019
-1.427	0.122	0.060
-1.492	0.040	-0.028
-1.489	0.075	0.002
-1.469	0.070	0.042
-1.442	0.090	0.146
-1.483	0.016	0.112
-1.451	0.133	0.208
-1.548	0.017	0.052
-1.475	0.124	0.092
-1.541	-0.000	0.000
-1.505	0.069	0.135
-1.484	0.050	0.103
-1.485	0.073	0.092
-1.510	-0.010	-0.046
-1.414	0.049	-0.119
-1.535	-0.006	0.100
-1.566	-0.157	-0.101
-1.565	-0.038	-0.002
-1.594	-0.061	-0.066
-1.637	-0.066	-0.104
-1.659	-0.100	-0.110
-1.635	-0.102	-0.081
-1.525	-0.066	-0.235
-1.652	-0.115	-0.177
-1.661	-0.131	-0.215
-1.705	-0.191	-0.288
-1.659	-0.101	-0.176
-1.723	-0.203	-0.279
-1.730	-0.187	-0.341
-1.719	-0.173	-0.273
-1.688	-0.152	-0.188
-1.614	-0.051	-0.119
-1.654	-0.114	-0.229
-1.675	-0.113	-0.280
-1.698	-0.192	-0.340
-1.673	-0.152	-0.178
-1.687	-0.199	-0.248
-1.611	-0.047	-0.183
-1.671	-0.128	-0.274
-1.630	-0.095	-0.270
-1.591	-0.074	-0.155
-1.593	-0.164	-0.268
-1.545	-0.039	-0.132
-1.533	0.003	-0.147
-1.526	-0.016	-0.241
-1.513	0.009	-0.240
-1.475	0.010	-0.145
-1.442	0.042	-0.052
-1.469	0.002	-0.176
-1.430	0.109	-0.143
-1.442	0.067	-0.233
-1.382	0.154	-0.113
-1.413	0.069	-0.135
-1.342	0.178	-0.105
-1.432	0.062	-0.220
-1.450	0.059	-0.241
-1.443	-0.103	-0.562
-1.466	0.037	-0.218
-1.422	0.130	-0.139
-1.503	0.001	-0.187
-1.465	0.052	-0.155
-1.497	-0.019	-0.157
-1.433	0.084	-0.146
-1.491	-0.010	-0.271
-1.485	0.031	-0.193
-1.500	-0.006	-0.153
-1.494	-0.002	-0.100
-1.516	-0.010	-0.194
-1.530	0.031	-0.173
-1.539	0.014	-0.205
-1.496	0.091	-0.092
-1.492	0.065	-0.083
-1.481	0.097	-0.043
-1.498	0.068	-0.142
-1.440	0.183	-0.041
-1.491	0.085	-0.194
-1.471	0.105	-0.077
-1.498	0.041	-0.145
-1.398	0.183	-0.044
-1.461	0.061	-0.230
-1.479	0.036	-0.282
-1.476	0.015	-0.181
-1.469	0.001	-0.166
-1.480	-0.017	-0.199
-1.454	0.042	-0.230
-1.572	-0.095	-0.392
-1.498	0.031	-0.247
-1.527	-0.055	-0.214
-1.477	-0.010	-0.246
-1.511	-0.063	-0.329
-1.510	-0.050	-0.384
-1.529	-0.075	-0.392
-1.470	0.023	-0.213
-1.494	-0.028	-0.225
-1.471	0.026	-0.151
-1.445	0.078	-0.151
-1.442	0.121	-0.136
-1.503	0.051	-0.252
-1.401	0.069	-0.348
-1.505	0.021	-0.115
-1.482	-0.121	-0.576
-1.572	-0.028	-0.289
-1.539	0.018	-0.320
-1.567	-0.014	-0.317
-1.538	-0.003	-0.198
-1.509	0.026	-0.152
-1.521	0.011	-0.279
-1.523	0.027	-0.323
-1.540	-0.003	-0.331
-1.495	0.101	-0.243
-1.550	-0.032	-0.303
-1.531	-0.006	-0.245
-1.522	0.000	-0.332
-1.533	-0.079	-0.481
-1.562	-0.026	-0.343
-1.463	-0.040	-0.480
-1.548	-0.036	-0.291
-1.557	-0.196	-0.670
-1.593	-0.067	-0.365
-1.606	-0.085	-0.401
-1.580	-0.060	-0.367
-1.573	-0.083	-0.356
-1.561	-0.045	-0.397
-1.584	-0.065	-0.423
-1.527	0.029	-0.384
-1.592	-0.053	-0.372
-1.544	0.047	-0.275
-1.634	-0.079	-0.393
-1.572	0.056	-0.343
-1.638	-0.036	-0.385
-1.608	0.027	-0.315
-1.613	-0.019	-0.272
-1.606	-0.002	-0.238
-1.622	-0.004	-0.317
-1.646	-0.034	-0.347
-1.639	-0.042	-0.366
-1.648	-0.108	-0.387
-1.621	-0.063	-0.304
-1.627	-0.080	-0.371
-1.587	-0.008	-0.329
-1.565	-0.140	-0.618
-1.593	-0.029	-0.386
-1.502	-0.094	-0.597
-1.544	0.004	-0.336
-1.455	0.019	-0.561
-1.576	-0.040	-0.451
-1.629	-0.108	-0.507
-1.611	-0.097	-0.419
-1.617	-0.111	-0.381
-1.630	-0.104	-0.482
-1.635	-0.121	-0.489
-1.621	-0.259	-0.438
-1.622	-0.283	-0.353
-1.566	-0.244	-0.305
-1.588	-0.293	-0.454
-1.576	-0.236	-0.429
-1.475	-0.239	-0.621
-1.584	-0.250	-0.429
-1.579	-0.391	-0.639
-1.537	-0.201	-0.361
-1.550	-0.207	-0.416
-1.538	-0.159	-0.391
-1.501	-0.212	-0.467
-1.465	-0.065	-0.207
-1.437	-0.056	-0.158
-1.442	-0.021	-0.215
-1.449	0.007	-0.270
-1.455	0.014	-0.323
-1.453	0.019	-0.185
-1.469	-0.023	-0.219
-1.399	0.083	-0.133
-1.467	0.023	-0.293
-1.471	0.007	-0.329
-1.457	0.033	-0.237
-1.342	0.039	-0.390
-1.456	-0.001	-0.269
-1.498	-0.062	-0.434
-1.512	-0.021	-0.425
-1.484	-0.107	-0.584
-1.495	-0.035	-0.411
-1.477	-0.067	-0.354
-1.516	-0.094	-0.473
-1.549	-0.080	-0.504
-1.533	-0.063	-0.433
-1.452	-0.113	-0.659
-1.500	-0.052	-0.337
-1.398	0.019	-0.381
-1.558	-0.096	-0.442
-1.555	-0.061	-0.407
-1.504	0.018	-0.418
-1.559	-0.073	-0.357
-1.479	0.031	-0.248
-1.595	-0.128	-0.412
-1.519	0.013	-0.318
-1.570	-0.051	-0.351
-1.554	0.021	-0.286
-1.559	-0.019	-0.268
-1.508	0.079	-0.094
-1.533	0.047	-0.217
-1.476	0.146	-0.157
-1.543	0.044	-0.238
-1.559	0.038	-0.203
-1.551	0.030	-0.145
-1.543	0.068	-0.118
-1.559	0.049	-0.186
-1.545	0.085	-0.179
-1.552	0.053	-0.150
-1.515	0.103	-0.043
-1.516	0.069	-0.119
-1.468	0.172	-0.124
-1.558	0.042	-0.298
-1.527	0.101	-0.264
-1.566	0.005	-0.287
-1.502	0.094	-0.152
-1.599	-0.028	-0.374
-1.550	0.066	-0.341
-1.610	-0.051	-0.462
-1.567	0.004	-0.365
-1.592	-0.058	-0.378
-1.562	0.031	-0.375
-1.652	-0.090	-0.504
-1.631	-0.047	-0.469
-1.685	-0.134	-0.497
-1.597	0.005	-0.329
-1.685	-0.110	-0.519
-1.599	0.015	-0.455
-1.630	-0.043	-0.479
-1.595	-0.006	-0.449
-1.615	-0.028	-0.384
-1.624	-0.017	-0.428
-1.655	-0.036	-0.508
-1.637	0.007	-0.474
-1.661	-0.046	-0.456
-1.651	-0.066	-0.441
-1.588	-0.142	-0.777
-1.661	-0.035	-0.497
-1.636	-0.017	-0.470
-1.610	0.016	-0.378
-1.620	-0.022	-0.358
-1.603	-0.029	-0.401
-1.494	0.040	-0.580
-1.595	0.011	-0.425
-1.473	0.060	-0.517
-1.562	0.062	-0.232
-1.547	0.065	-0.251
-1.518	0.109	-0.220
-1.551	0.092	-0.266
-1.571	0.039	-0.298
-1.543	0.079	-0.207
-1.581	0.024	-0.301
-1.562	0.059	-0.341
-1.570	0.050	-0.291
-1.542	0.089	-0.224
-1.608	-0.035	-0.265
-1.541	0.083	-0.121
-1.662	-0.086	-0.379
-1.610	0.013	-0.308
-1.653	-0.081	-0.374
-1.617	-0.031	-0.247
-1.627	-0.066	-0.206
-1.557	0.056	-0.164
-1.639	-0.044	-0.290
-1.589	0.080	-0.199
-1.627	0.011	-0.127
-1.547	0.127	-0.021
-1.607	0.026	-0.150
-1.588	0.044	-0.219
-1.656	-0.015	-0.282
-1.604	0.021	-0.262
-1.610	-0.011	-0.167
-1.598	0.001	-0.148
-1.629	-0.024	-0.243
-1.664	-0.053	-0.374
-1.668	-0.055	-0.413
-1.643	-0.036	-0.276
-1.658	-0.074	-0.319
-1.661	-0.058	-0.357
-1.692	-0.075	-0.391
-1.664	-0.034	-0.412
-1.673	-0.088	-0.292
-1.630	-0.084	-0.288
-1.697	-0.136	-0.405
-1.696	-0.123	-0.427
-1.750	-0.171	-0.487
-1.682	-0.092	-0.388
-1.689	-0.124	-0.319
-1.673	-0.106	-0.389
-1.687	-0.125	-0.411
-1.652	-0.052	-0.357
-1.672	-0.101	-0.353
-1.635	-0.044	-0.224
-1.656	-0.106	-0.352
-1.636	-0.044	-0.278
-1.684	-0.109	-0.357
-1.655	-0.055	-0.254
-1.675	-0.085	-0.221
-1.670	-0.053	-0.206
-1.691	-0.078	-0.308
-1.625	0.051	-0.180
-1.671	-0.012	-0.240
-1.609	0.082	-0.067
-1.663	-0.012	-0.169
-1.564	0.148	-0.088
-1.594	0.081	-0.133
-1.558	0.138	-0.153
-1.578	0.066	-0.093
-1.581	0.044	-0.128
-1.636	-0.008	-0.236
-1.639	-0.010	-0.312
-1.623	0.024	-0.248
-1.598	0.013	-0.249
-1.592	0.006	-0.155
-1.604	-0.013	-0.238
-1.635	-0.022	-0.357
-1.685	-0.114	-0.476
-1.690	-0.132	-0.440
-1.681	-0.121	-0.405
-1.539	0.005	-0.339
-1.619	-0.084	-0.427
-1.593	-0.191	-0.730
-1.612	-0.044	-0.394
-1.611	-0.039	-0.291
-1.601	-0.049	-0.267
-1.620	-0.241	-0.596
-1.661	-0.125	-0.417
-1.601	-0.045	-0.437
-1.591	-0.060	-0.324
-1.600	-0.088	-0.304
-1.535	-0.041	-0.274
-1.534	-0.069	-0.332
-1.523	-0.040	-0.343
-1.550	-0.092	-0.394
-1.550	-0.112	-0.312
-1.499	-0.000	-0.176
-1.570	-0.074	-0.344
-1.509	0.023	-0.391
-1.534	-0.036	-0.326
-1.477	0.004	-0.310
-1.528	-0.048	-0.325
-1.517	-0.028	-0.392
-1.529	-0.049	-0.379
-1.490	-0.021	-0.324
-1.485	-0.049	-0.285
-1.437	-0.016	-0.270
-1.449	-0.015	-0.315
-1.475	-0.035	-0.472
-1.464	-0.003	-0.375
-1.421	0.021	-0.372
-1.469	-0.083	-0.316
-1.367	0.043	-0.240
-1.525	-0.134	-0.515
-1.438	-0.012	-0.418
-1.494	-0.102	-0.373
-1.388	0.028	-0.233
-1.431	-0.066	-0.284
-1.436	-0.060	-0.393
-1.466	-0.068	-0.391
-1.397	0.049	-0.296
-1.448	-0.041	-0.265
-1.417	-0.000	-0.273
-1.438	-0.046	-0.360
-1.477	-0.066	-0.474
-1.501	-0.089	-0.551
-1.448	-0.037	-0.450
-1.427	0.001	-0.347
-1.405	0.007	-0.419
-1.422	-0.173	-0.846
-1.452	-0.026	-0.568
-1.418	0.020	-0.482
-1.426	-0.027	-0.502
-1.307	-0.057	-0.676
-1.420	-0.021	-0.497
-1.437	0.013	-0.477
-1.465	-0.033	-0.540
-1.375	-0.005	-0.615
-1.463	-0.108	-0.581
-1.481	-0.127	-0.668
-1.489	-0.084	-0.665
-1.459	-0.071	-0.664
-1.459	-0.058	-0.617
-1.479	-0.113	-0.653
-1.514	-0.146	-0.768
-1.529	-0.143	-0.795
-1.498	-0.101	-0.755
-1.503	-0.099	-0.690
-1.533	-0.160	-0.731
-1.456	-0.028	-0.605
-1.550	-0.190	-0.776
-1.539	-0.185	-0.901
-1.503	-0.098	-0.819
-1.487	-0.096	-0.770
-1.428	-0.034	-0.730
-1.470	-0.095	-0.655
-1.468	-0.068	-0.677
-1.526	-0.094	-0.854
-1.571	-0.141	-0.910
-1.557	-0.130	-0.816
-1.504	-0.094	-0.697
-1.505	-0.246	-1.102
-1.489	-0.055	-0.785
-1.524	-0.191	-1.097
-1.529	-0.067	-0.842
-1.484	-0.050	-0.687
-1.471	-0.032	-0.612
-1.373	0.157	-0.450
-1.463	0.010	-0.682
-1.446	0.057	-0.631
-1.504	-0.023	-0.639
-1.492	-0.023	-0.599
-1.483	-0.019	-0.644
-1.492	-0.024	-0.694
-1.495	-0.032	-0.706
-1.460	0.018	-0.659
-1.431	-0.008	-0.618
-1.368	0.124	-0.347
-1.359	0.167	-0.313
-1.388	0.125	-0.400
-1.363	0.199	-0.365
-1.413	0.105	-0.442
-1.345	0.216	-0.271
-1.415	0.104	-0.339
-1.415	0.123	-0.390
-1.464	0.063	-0.525
-1.457	0.093	-0.493
-1.460	0.081	-0.408
-1.457	0.085	-0.391
-1.494	-0.015	-0.615
-1.494	0.055	-0.552
-1.485	0.084	-0.554
-1.498	0.058	-0.515
-1.386	0.077	-0.625
-1.467	0.077	-0.420
-1.446	0.121	-0.416
-1.443	0.130	-0.422
-1.434	0.145	-0.452
-1.421	0.154	-0.412
-1.389	0.166	-0.378
-1.372	0.181	-0.392
-1.351	0.246	-0.356
-1.389	0.178	-0.511
-1.366	0.185	-0.439
-1.362	0.152	-0.418
-1.345	0.170	-0.430
-1.329	0.161	-0.515
-1.366	0.126	-0.592
-1.342	0.121	-0.548
-1.331	0.127	-0.512
-1.334	0.116	-0.501
-1.299	0.198	-0.490
-1.366	0.093	-0.630
-1.311	0.165	-0.615
-1.417	0.022	-0.708
-1.370	0.058	-0.636
-1.361	0.058	-0.630
-1.348	0.028	-0.763
-1.345	0.003	-0.746
-1.329	-0.001	-0.657
-1.343	-0.033	-0.672
-1.248	0.076	-0.664
-1.353	-0.029	-0.686
-1.365	-0.024	-0.672
-1.379	-0.073	-0.683
-1.381	-0.094	-0.593
-1.367	-0.099	-0.587
-1.375	-0.239	-0.925
-1.397	-0.091	-0.658
-1.351	-0.201	-0.946
-1.361	-0.070	-0.557
-1.359	-0.193	-0.680
-1.325	-0.086	-0.497
-1.309	-0.060	-0.487
-1.313	-0.060	-0.503
-1.336	-0.092	-0.562
-1.300	-0.044	-0.479
-1.269	-0.011	-0.348
-1.264	-0.037	-0.430
-1.269	-0.011	-0.422
-1.305	-0.087	-0.567
-1.309	-0.076	-0.553
-1.298	-0.083	-0.513
-1.287	-0.063	-0.452
-1.351	-0.121	-0.603
-1.356	-0.106	-0.570
-1.379	-0.129	-0.652
-1.338	-0.091	-0.563
-1.352	-0.126	-0.551
-1.354	-0.086	-0.520
-1.388	-0.118	-0.610
-1.422	-0.135	-0.664
-1.423	-0.136	-0.660
-1.450	-0.101	-0.552
-1.488	-0.096	-0.516
-1.539	-0.087	-0.551
-1.618	-0.149	-0.716
-1.622	-0.067	-0.560
-1.646	-0.078	-0.504
-1.567	0.069	-0.309
-1.698	-0.069	-0.578
-1.684	-0.009	-0.656
-1.746	-0.064	-0.660
-1.684	0.066	-0.478
-1.746	-0.064	-0.523
-1.672	0.054	-0.457
-1.788	-0.049	-0.592
-1.733	0.050	-0.594
-1.814	-0.037	-0.663
-1.742	0.088	-0.453
-1.792	-0.003	-0.482
-1.754	0.070	-0.516
-1.879	-0.056	-0.659
-1.847	0.024	-0.476
-1.942	-0.115	-0.602
-1.897	-0.040	-0.458
-1.962	-0.135	-0.548
-1.923	-0.065	-0.627
-1.972	-0.135	-0.676
-1.918	-0.024	-0.616
-1.942	-0.045	-0.508
-1.886	0.005	-0.432
-1.969	-0.094	-0.556
-1.979	-0.046	-0.562
-2.013	-0.063	-0.573
-2.004	-0.039	-0.573
-1.954	-0.134	-0.728
-1.985	-0.011	-0.347
-2.024	-0.028	-0.418
-2.048	-0.077	-0.575
-2.042	-0.056	-0.588
-1.984	0.003	-0.443
-1.925	0.090	-0.262
-1.944	0.048	-0.354
-1.959	0.068	-0.385
-1.988	0.044	-0.426
-1.946	0.115	-0.322
-1.977	0.043	-0.305
-1.910	0.125	-0.223
-1.989	0.004	-0.411
-2.000	0.016	-0.457
-1.971	0.057	-0.385
-1.921	0.087	-0.365
-1.898	0.068	-0.289
-1.889	0.108	-0.341
-1.928	0.093	-0.360
-1.934	0.083	-0.340
-1.814	0.172	-0.306
-1.956	0.038	-0.291
-1.978	0.033	-0.334
-1.989	0.023	-0.403
-2.023	-0.024	-0.454
-2.005	-0.011	-0.412
-1.979	-0.007	-0.322
-1.991	-0.061	-0.425
-1.947	0.044	-0.335
-2.027	-0.080	-0.502
-2.002	-0.026	-0.456
-2.043	-0.088	-0.490
-1.981	0.034	-0.308
-2.064	-0.068	-0.486
-2.044	-0.027	-0.555
-2.095	-0.076	-0.596
-2.077	-0.066	-0.636
-2.074	-0.073	-0.495
-2.023	-0.024	-0.448
-2.048	-0.056	-0.454
-2.073	-0.093	-0.561
-2.104	-0.132	-0.606
-2.081	-0.103	-0.526
-2.065	-0.100	-0.418
-2.024	-0.063	-0.375
-2.056	-0.159	-0.592
-2.056	-0.080	-0.513
-2.084	-0.116	-0.595
-2.012	-0.038	-0.455
-2.043	-0.113	-0.495
-2.017	-0.080	-0.428
-2.104	-0.254	-0.708
-2.109	-0.144	-0.577
-2.038	-0.223	-0.851
-2.076	-0.106	-0.476
-2.101	-0.265	-0.666
-2.027	-0.109	-0.487
-2.050	-0.125	-0.534
-2.074	-0.170	-0.622
-2.100	-0.203	-0.628
-2.106	-0.243	-0.577
-2.117	-0.244	-0.537
-2.152	-0.268	-0.656
-2.157	-0.246	-0.612
-2.168	-0.264	-0.679
-2.158	-0.205	-0.554
-2.134	-0.211	-0.554
-2.110	-0.140	-0.522
-2.139	-0.203	-0.614
-2.109	-0.151	-0.533
-2.067	-0.160	-0.471
-2.008	-0.079	-0.357
-2.020	-0.119	-0.429
-2.008	-0.059	-0.507
-2.060	-0.121	-0.547
-1.992	-0.026	-0.508
-2.012	-0.069	-0.431
-1.917	0.011	-0.334
-1.944	-0.044	-0.384
-1.949	-0.039	-0.455
-1.945	-0.045	-0.481
-1.933	-0.024	-0.460
-1.935	-0.008	-0.309
-1.942	-0.045	-0.354
-1.996	-0.090	-0.505
-2.022	-0.075	-0.534
-2.020	-0.109	-0.616
-1.990	-0.075	-0.495
-1.967	-0.135	-0.520
-1.927	-0.045	-0.387
-1.934	-0.036	-0.432
-1.999	-0.122	-0.595
-2.006	-0.116	-0.563
-2.024	-0.137	-0.544
-2.023	-0.116	-0.438
-2.018	-0.113	-0.425
-2.065	-0.107	-0.471
-2.129	-0.213	-0.584
-2.141	-0.197	-0.533
-2.144	-0.223	-0.527
-2.100	-0.173	-0.391
-2.104	-0.198	-0.470
-2.080	-0.133	-0.438
-2.117	-0.197	-0.534
-2.100	-0.189	-0.471
-2.089	-0.194	-0.402
-2.037	-0.115	-0.246
-2.080	-0.196	-0.390
-2.014	-0.060	-0.304
-2.075	-0.169	-0.415
-2.018	-0.089	-0.334
-2.052	-0.165	-0.334
-1.990	-0.107	-0.264
-2.069	-0.173	-0.402
-2.069	-0.115	-0.340
-2.064	-0.130	-0.414
-2.006	-0.062	-0.240
-2.026	-0.074	-0.201
-1.987	-0.036	-0.190
-2.024	-0.045	-0.217
-2.019	-0.041	-0.309
-1.957	0.056	-0.179
-2.023	-0.036	-0.198
-2.047	-0.136	-0.336
-2.057	-0.051	-0.251
-2.076	-0.075	-0.261
-2.077	-0.074	-0.274
-2.079	-0.125	-0.307
-2.044	-0.063	-0.169
-2.076	-0.080	-0.198
-2.147	-0.144	-0.308
-2.181	-0.155	-0.323
-2.162	-0.141	-0.335
-2.163	-0.148	-0.249
-2.133	-0.120	-0.233
-2.046	-0.095	-0.460
-2.172	-0.151	-0.390
-2.093	-0.156	-0.561
-2.163	-0.109	-0.252
-2.130	-0.249	-0.522
-2.158	-0.143	-0.308
-2.164	-0.110	-0.331
-2.162	-0.093	-0.347
-2.172	-0.109	-0.356
-2.170	-0.119	-0.314
-2.107	-0.048	-0.144
-2.133	-0.084	-0.183
-2.096	0.006	-0.186
-2.177	-0.118	-0.310
-2.102	0.009	-0.193
-2.141	-0.082	-0.228
-2.034	0.030	-0.103
-2.092	-0.072	-0.207
-2.087	-0.069	-0.287
-2.114	-0.095	-0.293
-2.059	-0.030	-0.279
-2.102	-0.128	-0.233
-2.044	-0.073	-0.159
-2.089	-0.139	-0.249
-2.110	-0.159	-0.375
-2.131	-0.272	-0.534
-2.094	-0.156	-0.274
-2.066	-0.142	-0.162
-2.065	-0.178	-0.192
-2.037	-0.123	-0.289
-2.118	-0.222	-0.380
-2.111	-0.210	-0.343
-2.114	-0.230	-0.243
-2.093	-0.226	-0.205
-2.040	-0.136	-0.197
-2.100	-0.215	-0.295
-2.119	-0.256	-0.348
-2.062	-0.209	-0.286
-2.020	-0.189	-0.191
-1.954	-0.145	-0.107
-1.872	-0.182	-0.459
-1.944	-0.115	-0.227
-1.968	-0.147	-0.233
-1.977	-0.170	-0.260
-1.977	-0.185	-0.198
-1.943	-0.147	-0.131
-1.861	-0.194	-0.415
-1.984	-0.179	-0.256
-1.895	-0.100	-0.268
-1.975	-0.168	-0.213
-1.951	-0.283	-0.343
-1.935	-0.152	-0.136
-1.914	-0.126	-0.124
-1.928	-0.167	-0.230
-1.932	-0.180	-0.235
-1.930	-0.176	-0.199
-1.941	-0.180	-0.135
-1.957	-0.208	-0.208
-1.934	-0.142	-0.202
-2.016	-0.254	-0.347
-1.957	-0.141	-0.228
-2.003	-0.230	-0.237
-1.905	-0.111	-0.106
-1.977	-0.224	-0.270
-1.959	-0.207	-0.357
-1.993	-0.240	-0.377
-1.896	-0.122	-0.210
-1.926	-0.194	-0.241
-1.912	-0.159	-0.218
-1.982	-0.240	-0.403
-1.951	-0.208	-0.409
-1.934	-0.209	-0.341
-1.828	-0.076	-0.145
-1.860	-0.176	-0.221
-1.851	-0.175	-0.294
-1.888	-0.182	-0.347
-1.874	-0.179	-0.374
-1.935	-0.266	-0.390
-1.843	-0.121	-0.181
-1.914	-0.225	-0.251
-1.914	-0.161	-0.316
-1.970	-0.213	-0.429
-1.960	-0.155	-0.325
-2.009	-0.202	-0.319
-1.991	-0.139	-0.216
-2.022	-0.150	-0.211
-2.045	-0.144	-0.279
-2.049	-0.277	-0.616
-2.065	-0.098	-0.212
-2.105	-0.160	-0.224
-2.123	-0.152	-0.201
-2.120	-0.077	-0.165
-2.169	-0.130	-0.285
-2.168	-0.086	-0.250
-2.197	-0.143	-0.255
-2.177	-0.084	-0.149
-2.252	-0.200	-0.298
-2.209	-0.141	-0.310
-2.282	-0.209	-0.405
-2.269	-0.182	-0.390
-2.301	-0.214	-0.354
-2.267	-0.172	-0.249
-2.161	-0.040	-0.266
-2.294	-0.152	-0.333
-2.329	-0.272	-0.509
-2.337	-0.207	-0.401
-2.333	-0.244	-0.380
-2.324	-0.191	-0.226
-2.336	-0.172	-0.265
-2.360	-0.203	-0.354
-2.384	-0.212	-0.394
-2.401	-0.225	-0.411
-2.349	-0.324	-0.589
-2.364	-0.189	-0.254
-2.338	-0.304	-0.511
-2.329	-0.131	-0.284
-2.263	-0.190	-0.569
-2.286	-0.089	-0.233
-2.251	-0.214	-0.477
-2.245	-0.060	-0.155
-2.251	-0.059	-0.222
-2.266	-0.066	-0.358
-2.234	-0.052	-0.313
-2.224	-0.003	-0.218
-2.197	-0.018	-0.177
-2.202	-0.019	-0.231
-2.198	0.010	-0.236
-2.251	-0.060	-0.371
-2.282	-0.072	-0.372
-2.255	-0.067	-0.332
-2.218	-0.025	-0.235
-2.266	-0.121	-0.282
-2.314	-0.155	-0.451
-2.349	-0.171	-0.421
-2.344	-0.176	-0.456
-2.337	-0.172	-0.307
-2.305	-0.135	-0.245
-2.176	-0.020	-0.334
-2.293	-0.096	-0.263
-2.242	-0.197	-0.586
-2.296	-0.134	-0.312
-2.247	-0.160	-0.310
-2.214	-0.086	-0.207
-2.175	-0.062	-0.147
-2.188	-0.138	-0.298
-2.171	-0.118	-0.260
-2.141	-0.117	-0.165
-2.100	-0.099	-0.135
-2.081	-0.112	-0.162
-2.019	-0.004	-0.173
-2.078	-0.085	-0.274
-2.002	0.020	-0.173
-2.042	-0.075	-0.155
-2.034	-0.062	-0.122
-2.005	-0.227	-0.497
-2.067	-0.085	-0.166
-2.097	-0.106	-0.210
-2.088	-0.149	-0.255
-1.982	-0.034	-0.193
-2.052	-0.138	-0.344
-2.030	-0.130	-0.343
-1.991	-0.059	-0.325
-1.989	-0.126	-0.321
-1.878	0.021	-0.130
-1.923	-0.013	-0.162
-1.955	-0.051	-0.275
-2.014	-0.083	-0.338
-2.034	-0.086	-0.349
-2.072	-0.126	-0.423
-2.085	-0.117	-0.381
-2.121	-0.072	-0.264
-2.101	0.042	-0.118
-2.155	-0.012	-0.093
-2.186	-0.021	-0.246
-2.234	-0.134	-0.454
-2.262	-0.085	-0.362
-2.273	-0.101	-0.342
-2.272	-0.115	-0.296
-2.219	-0.002	-0.141
-2.298	-0.094	-0.246
-2.315	-0.115	-0.336
-2.349	-0.136	-0.372
-2.324	-0.095	-0.272
-2.268	-0.049	-0.145
-2.283	-0.137	-0.252
-2.264	-0.104	-0.299
-2.258	-0.102	-0.325
-2.230	-0.059	-0.289
-2.235	-0.103	-0.326
-2.240	-0.091	-0.267
-2.254	-0.149	-0.250
-2.302	-0.177	-0.353
-2.296	-0.169	-0.358
-2.320	-0.202	-0.469
-2.290	-0.154	-0.385
-2.269	-0.179	-0.340
-2.170	-0.065	-0.263
-2.252	-0.198	-0.452
-2.274	-0.190	-0.571
-2.347	-0.251	-0.610
-2.303	-0.202	-0.474
-2.296	-0.224	-0.383
-2.301	-0.234	-0.439
-2.321	-0.392	-0.760
-2.338	-0.268	-0.573
-2.368	-0.367	-0.729
-2.332	-0.273	-0.534
-2.310	-0.246	-0.422
-2.295	-0.258	-0.413
-2.255	-0.150	-0.358
-2.356	-0.282	-0.500
-2.313	-0.189	-0.461
-2.370	-0.274	-0.459
-2.321	-0.177	-0.333
-2.367	-0.246	-0.355
-2.340	-0.203	-0.358
-2.343	-0.224	-0.377
-2.256	-0.143	-0.295
-2.213	-0.128	-0.230
-2.179	-0.111	-0.168
-2.201	-0.130	-0.238
-2.214	-0.108	-0.241
-2.200	-0.077	-0.214
-2.184	-0.103	-0.196
-2.157	-0.093	-0.154
-2.183	-0.147	-0.245
-2.125	-0.079	-0.306
-2.149	-0.142	-0.383
-2.142	-0.153	-0.384
-2.116	-0.142	-0.273
-2.117	-0.161	-0.256
-2.101	-0.311	-0.675
-2.155	-0.215	-0.439
-2.046	-0.138	-0.510
-2.139	-0.202	-0.413
-2.170	-0.250	-0.420
-2.173	-0.237	-0.380
-2.110	-0.115	-0.312
-2.160	-0.202	-0.458
-2.099	-0.080	-0.357
-2.123	-0.158	-0.363
-2.041	-0.052	-0.224
-2.066	-0.105	-0.334
-2.091	-0.084	-0.347
-2.142	-0.129	-0.410
-2.119	-0.073	-0.356
-2.126	-0.080	-0.270
-2.093	-0.049	-0.223
-2.113	-0.118	-0.335
-2.099	-0.056	-0.295
-2.106	-0.061	-0.353
-2.078	-0.053	-0.325
-2.066	-0.079	-0.272
-2.069	-0.077	-0.303
-2.016	0.049	-0.192
-2.129	-0.076	-0.333
-2.123	-0.045	-0.323
-2.131	-0.086	-0.280
-2.103	-0.054	-0.264
-2.035	-0.136	-0.596
-2.090	-0.046	-0.351
-2.085	-0.134	-0.540
-2.075	-0.071	-0.361
-2.055	-0.053	-0.316
-2.062	-0.072	-0.348
-2.059	-0.033	-0.302
-2.117	-0.119	-0.407
-2.123	-0.108	-0.398
-2.163	-0.185	-0.442
-2.112	-0.113	-0.320
-2.126	-0.174	-0.406
-2.056	-0.057	-0.361
-2.114	-0.166	-0.540
-2.084	-0.096	-0.462
-2.121	-0.209	-0.538
-2.069	-0.129	-0.324
-2.144	-0.215	-0.452
-2.124	-0.114	-0.422
-2.221	-0.241	-0.546
-2.189	-0.182	-0.474
-2.191	-0.212	-0.380
-2.153	-0.155	-0.415
-2.165	-0.181	-0.486
-2.138	-0.138	-0.456
-2.158	-0.132	-0.477
-2.123	-0.114	-0.416
-2.119	-0.158	-0.372
-2.101	-0.105	-0.402
-2.109	-0.066	-0.365
-2.143	-0.121	-0.482
-2.076	-0.029	-0.299
-2.122	-0.114	-0.368
-2.103	-0.060	-0.285
-2.167	-0.165	-0.454
-2.114	-0.080	-0.444
-2.204	-0.215	-0.486
-2.206	-0.219	-0.465
-2.211	-0.213	-0.431
-2.194	-0.177	-0.490
-2.221	-0.207	-0.585
-2.211	-0.177	-0.530
-2.225	-0.196	-0.448
-2.208	-0.201	-0.416
-2.279	-0.299	-0.520
-2.320	-0.318	-0.556
-2.318	-0.319	-0.578
-2.243	-0.246	-0.492
-2.218	-0.224	-0.406
-2.208	-0.214	-0.407
-2.193	-0.347	-0.751
-2.212	-0.198	-0.454
-2.186	-0.327	-0.791
-2.210	-0.201	-0.405
-2.131	-0.286	-0.570
-2.178	-0.181	-0.383
-2.204	-0.189	-0.411
-2.210	-0.193	-0.493
-2.190	-0.159	-0.452
-2.162	-0.152	-0.373
-2.134	-0.101	-0.292
-2.135	-0.113	-0.388
-2.102	-0.025	-0.276
-2.167	-0.131	-0.401
-2.172	-0.128	-0.383
-2.191	-0.183	-0.380
-2.135	-0.084	-0.353
-2.176	-0.148	-0.407
-2.136	-0.062	-0.391
-2.219	-0.216	-0.553
-2.157	-0.107	-0.351
-2.173	-0.172	-0.361
-2.180	-0.138	-0.459
-2.285	-0.251	-0.556
-2.252	-0.160	-0.475
-2.310	-0.257	-0.510
-2.213	-0.134	-0.353
-2.259	-0.218	-0.428
-2.201	-0.106	-0.375
-2.302	-0.258	-0.569
-2.246	-0.148	-0.454
-2.288	-0.232	-0.453
-2.201	-0.110	-0.305
-2.277	-0.221	-0.407
-2.315	-0.235	-0.527
-2.315	-0.207	-0.494
-2.293	-0.153	-0.437
-2.290	-0.154	-0.350
-2.219	-0.070	-0.219
-2.263	-0.123	-0.307
-2.261	-0.109	-0.339
-2.276	-0.112	-0.353
-2.281	-0.120	-0.412
-2.274	-0.113	-0.287
-2.263	-0.101	-0.241
-2.300	-0.144	-0.316
-2.325	-0.120	-0.383
-2.351	-0.129	-0.447
-2.442	-0.210	-0.623
-2.442	-0.213	-0.543
-2.419	-0.201	-0.562
-2.429	-0.193	-0.583
-2.444	-0.202	-0.669
-2.419	-0.210	-0.728
-2.422	-0.287	-0.748
-2.384	-0.191	-0.538
-2.401	-0.217	-0.608
-2.376	-0.158	-0.648
-2.431	-0.231	-0.763
-2.403	-0.215	-0.760
-2.389	-0.232	-0.676
-2.351	-0.208	-0.605
-2.325	-0.358	-0.931
-2.366	-0.213	-0.676
-2.425	-0.234	-0.704
-2.436	-0.231	-0.737
-2.447	-0.248	-0.678
-2.470	-0.292	-0.715
-2.464	-0.244	-0.616
-2.467	-0.246	-0.696
-2.436	-0.173	-0.603
-2.448	-0.205	-0.645
-2.416	-0.182	-0.555
-2.383	-0.150	-0.482
-2.374	-0.090	-0.472
-2.430	-0.155	-0.617
-2.445	-0.146	-0.636
-2.431	-0.151	-0.606
-2.381	-0.093	-0.483
-2.401	-0.123	-0.514
-2.322	0.017	-0.516
-2.407	-0.092	-0.641
-2.342	0.026	-0.531
-2.376	-0.085	-0.561
-2.297	0.034	-0.388
-2.347	-0.072	-0.463
-2.381	-0.066	-0.559
-2.379	-0.047	-0.538
-2.380	-0.066	-0.578
-2.377	-0.108	-0.513
-2.345	-0.088	-0.407
-2.393	-0.187	-0.672
-2.381	-0.093	-0.569
-2.417	-0.118	-0.599
-2.420	-0.147	-0.604
-2.394	-0.130	-0.476
-2.434	-0.206	-0.598
-2.405	-0.129	-0.602
-2.463	-0.229	-0.698
-2.453	-0.188	-0.651
-2.475	-0.292	-0.648
-2.366	-0.135	-0.431
-2.423	-0.229	-0.573
-2.449	-0.237	-0.691
-2.469	-0.233	-0.671
-2.442	-0.194	-0.589
-2.443	-0.196	-0.507
-2.439	-0.204	-0.551
-2.444	-0.304	-0.803
-2.466	-0.194	-0.640
-2.438	-0.277	-0.766
-2.461	-0.195	-0.569
-2.506	-0.346	-0.785
-2.380	-0.155	-0.545
-2.340	-0.062	-0.426
-2.301	-0.044	-0.333
-2.237	0.081	-0.203
-2.286	-0.040	-0.264
-2.294	-0.040	-0.290
-2.369	-0.163	-0.435
-2.366	-0.189	-0.589
-2.352	-0.148	-0.524
-2.329	-0.128	-0.481
-2.375	-0.212	-0.501
-2.350	-0.201	-0.471
-2.373	-0.234	-0.533
-2.371	-0.207	-0.610
-2.364	-0.193	-0.624
-2.362	-0.175	-0.581
-2.305	-0.301	-0.861
-2.343	-0.182	-0.504
-2.371	-0.179	-0.473
-2.400	-0.225	-0.583
-2.391	-0.188	-0.524
-2.392	-0.223	-0.491
-2.326	-0.152	-0.381
-2.404	-0.254	-0.534
-2.397	-0.216	-0.549
-2.298	-0.204	-0.743
-2.459	-0.272	-0.610
-2.414	-0.286	-0.564
-2.387	-0.234	-0.449
-2.368	-0.192	-0.530
-2.456	-0.422	-0.883
-2.489	-0.312	-0.657
-2.402	-0.197	-0.540
-2.420	-0.263	-0.451
-2.385	-0.246	-0.406
-2.366	-0.231	-0.366
-2.408	-0.308	-0.542
-2.382	-0.243	-0.510
-2.333	-0.192	-0.415
-2.379	-0.270	-0.437
-2.398	-0.287	-0.416
-2.470	-0.383	-0.612
-2.451	-0.347	-0.579
-2.488	-0.346	-0.577
-2.493	-0.342	-0.569
-2.501	-0.342	-0.577
-2.500	-0.346	-0.522
-2.489	-0.337	-0.508
-2.541	-0.514	-0.799
-2.563	-0.425	-0.696
-2.536	-0.321	-0.611
-2.598	-0.439	-0.786
-2.596	-0.429	-0.796
-2.624	-0.436	-0.805
-2.674	-0.493	-0.935
-2.659	-0.464	-0.847
-2.621	-0.445	-0.764
-2.583	-0.420	-0.748
-2.495	-0.275	-0.619
-2.588	-0.411	-0.829
-2.556	-0.374	-0.823
-2.521	-0.512	-1.038
-2.531	-0.362	-0.525
-2.555	-0.322	-0.561
-2.564	-0.340	-0.626
-2.528	-0.299	-0.680
-2.421	-0.192	-0.674
-2.491	-0.233	-0.519
-2.465	-0.165	-0.390
-2.506	-0.216	-0.587
-2.513	-0.200	-0.590
-2.509	-0.214	-0.617
-2.486	-0.212	-0.518
-2.406	-0.312	-0.746
-2.417	-0.177	-0.471
-2.410	-0.130	-0.470
-2.478	-0.254	-0.729
-2.420	-0.127	-0.561
-2.458	-0.205	-0.641
-2.370	-0.098	-0.489
-2.429	-0.197	-0.561
-2.445	-0.201	-0.600
-2.470	-0.223	-0.678
-2.476	-0.242	-0.687
-2.460	-0.337	-0.773
-2.452	-0.261	-0.637
-2.410	-0.206	-0.501
-2.438	-0.269	-0.639
-2.399	-0.170	-0.628
-2.440	-0.234	-0.608
-2.466	-0.277	-0.708
-2.460	-0.215	-0.629
-2.492	-0.285	-0.696
-2.466	-0.258	-0.627
-2.489	-0.305	-0.616
-2.474	-0.282	-0.550
-2.480	-0.469	-0.931
-2.505	-0.338	-0.681
-2.535	-0.409	-0.825
-2.462	-0.311	-0.607
-2.413	-0.268	-0.462
-2.448	-0.310	-0.539
-2.385	-0.211	-0.530
-2.416	-0.286	-0.580
-2.404	-0.268	-0.564
-2.463	-0.321	-0.703
-2.489	-0.342	-0.706
-2.528	-0.379	-0.770
-2.514	-0.342	-0.746
-2.513	-0.419	-0.884
-2.536	-0.377	-0.868
-2.496	-0.287	-0.790
-2.576	-0.391	-0.820
-2.582	-0.418	-0.857
-2.493	-0.348	-0.774
-2.567	-0.377	-0.639
-2.457	-0.231	-0.412
-2.549	-0.348	-0.646
-2.598	-0.374	-0.743
-2.641	-0.421	-0.836
-2.621	-0.429	-0.811
-2.510	-0.343	-0.704
-2.492	-0.350	-0.707
-2.546	-0.360	-0.832
-2.645	-0.456	-0.905
-2.693	-0.520	-0.951
-2.656	-0.475	-0.919
-2.632	-0.443	-0.898
-2.623	-0.404	-0.827
-2.641	-0.381	-0.794
-2.638	-0.323	-0.767
-2.643	-0.389	-0.757
-2.608	-0.350	-0.709
-2.604	-0.322	-0.699
-2.648	-0.415	-0.836
-2.548	-0.264	-0.586
-2.384	-0.068	-0.203
-2.350	-0.083	-0.129
-2.426	-0.150	-0.342
-2.431	-0.068	-0.238
-2.522	-0.382	-0.791
-2.512	-0.221	-0.454
-2.460	-0.209	-0.517
-2.510	-0.300	-0.622
-2.488	-0.260	-0.593
-2.497	-0.247	-0.639
-2.537	-0.374	-0.828
-2.527	-0.252	-0.665
-2.467	-0.173	-0.587
-2.548	-0.323	-0.740
-2.524	-0.251	-0.618
-2.541	-0.275	-0.692
-2.536	-0.298	-0.667
-2.503	-0.331	-0.835
-2.528	-0.311	-0.869
-2.604	-0.344	-0.990
-2.653	-0.517	-1.292
-2.717	-0.454	-1.146
-2.688	-0.428	-1.067
-2.667	-0.434	-1.083
-2.602	-0.330	-0.976
-2.662	-0.415	-1.056
-2.611	-0.323	-0.944
-2.668	-0.423	-0.988
-2.579	-0.406	-0.887
-2.557	-0.389	-0.663
-2.577	-0.350	-0.685
-2.537	-0.255	-0.513
-2.581	-0.325	-0.583
-2.508	-0.236	-0.450
-2.550	-0.305	-0.491
-2.510	-0.283	-0.505
-2.531	-0.278	-0.526
-2.571	-0.319	-0.677
-2.502	-0.196	-0.525
-2.500	-0.264	-0.579
-2.467	-0.233	-0.547
-2.460	-0.344	-0.784
-2.460	-0.190	-0.605
-2.460	-0.162	-0.526
-2.476	-0.213	-0.561
-2.416	-0.155	-0.426
-2.377	-0.101	-0.337
-2.450	-0.213	-0.543
-2.439	-0.182	-0.525
-2.509	-0.276	-0.686
-2.500	-0.232	-0.630
-2.503	-0.296	-0.613
-2.440	-0.184	-0.532
-2.470	-0.246	-0.534
-2.508	-0.287	-0.658
-2.480	-0.237	-0.701
-2.536	-0.327	-0.733
-2.509	-0.361	-0.785
-2.450	-0.237	-0.589
-2.480	-0.209	-0.633
-2.577	-0.340	-0.805
-2.547	-0.227	-0.660
-2.611	-0.315	-0.739
-2.584	-0.281	-0.690
-2.583	-0.293	-0.594
-2.620	-0.306	-0.697
-2.664	-0.330	-0.770
-2.636	-0.282	-0.719
-2.627	-0.282	-0.774
-2.603	-0.269	-0.696
-2.554	-0.208	-0.561
-2.579	-0.250	-0.653
-2.572	-0.374	-0.946
-2.581	-0.218	-0.668
-2.571	-0.227	-0.705
-2.548	-0.225	-0.665
-2.541	-0.207	-0.606
-2.521	-0.176	-0.619
-2.475	-0.078	-0.535
-2.509	-0.150	-0.602
-2.446	-0.052	-0.511
-2.489	-0.176	-0.602
-2.425	-0.091	-0.542
-2.515	-0.206	-0.671
-2.573	-0.253	-0.771
-2.606	-0.302	-0.795
-2.632	-0.309	-0.805
-2.632	-0.333	-0.782
-2.591	-0.300	-0.732
-2.595	-0.288	-0.711
-2.653	-0.363	-0.884
-2.568	-0.402	-1.119
-2.614	-0.314	-0.850
-2.575	-0.343	-0.845
-2.544	-0.274	-0.788
-2.559	-0.245	-0.766
-2.603	-0.299	-0.848
-2.518	-0.194	-0.749
-2.558	-0.267	-0.799
-2.521	-0.235	-0.721
-2.541	-0.405	-1.162
-2.557	-0.253	-0.889
-2.538	-0.220	-0.815
-2.519	-0.224	-0.798
-2.450	-0.095	-0.599
-2.490	-0.185	-0.712
-2.487	-0.168	-0.771
-2.410	-0.199	-1.005
-2.500	-0.158	-0.662
-2.477	-0.133	-0.554
-2.449	-0.114	-0.560
-2.435	-0.025	-0.550
-2.510	-0.138	-0.634
-2.489	-0.127	-0.604
-2.410	-0.041	-0.553
-2.447	-0.099	-0.556
-2.442	-0.111	-0.545
-2.447	-0.135	-0.708
-2.376	-0.053	-0.654
-2.402	-0.226	-0.883
-2.415	-0.125	-0.736
-2.381	-0.075	-0.676
-2.456	-0.207	-0.835
-2.440	-0.176	-0.730
-2.382	-0.128	-0.641
-2.369	-0.151	-0.648
-2.500	-0.317	-0.754
-2.583	-0.397	-0.822
-2.610	-0.415	-0.874
-2.575	-0.353	-0.783
-2.488	-0.327	-0.701
-2.419	-0.226	-0.655
-2.434	-0.292	-0.729
-2.392	-0.235	-0.668
-2.376	-0.171	-0.610
-2.366	-0.210	-0.632
-2.341	-0.235	-0.648
-2.331	-0.288	-0.682
-2.244	-0.175	-0.450
-2.287	-0.282	-0.551
-2.292	-0.292	-0.648
-2.259	-0.363	-0.811
-2.283	-0.298	-0.729
-2.208	-0.219	-0.511
-2.221	-0.259	-0.546
-2.113	-0.126	-0.408
-2.079	-0.113	-0.533
-2.150	-0.209	-0.620
-2.143	-0.226	-0.611
-2.175	-0.280	-0.595
-2.119	-0.207	-0.478
-2.217	-0.286	-0.777
-2.256	-0.257	-0.640
-2.363	-0.381	-0.682
-2.344	-0.370	-0.584
-2.347	-0.493	-0.853
-2.294	-0.313	-0.664
-2.266	-0.295	-0.807
-2.213	-0.296	-0.717
-2.119	-0.192	-0.577
-2.069	-0.165	-0.676
-2.217	-0.267	-0.638
-2.195	-0.193	-0.562
-2.299	-0.355	-0.720
-2.319	-0.362	-0.705
-2.294	-0.283	-0.657
-2.290	-0.290	-0.710
-2.402	-0.382	-0.761
-2.408	-0.354	-0.760
-2.378	-0.355	-0.736
-2.301	-0.258	-0.557
-2.308	-0.304	-0.749
-2.206	-0.161	-0.677
-2.243	-0.238	-0.745
-2.194	-0.134	-0.617
-2.251	-0.262	-0.671
-2.187	-0.127	-0.488
-2.252	-0.255	-0.608
-2.227	-0.203	-0.629
-2.302	-0.258	-0.700
-2.298	-0.230	-0.705
-2.315	-0.288	-0.608
-2.316	-0.296	-0.619
-2.182	-0.258	-0.825
-2.255	-0.174	-0.640
-2.301	-0.273	-0.845
-2.276	-0.175	-0.649
-2.290	-0.176	-0.579
-2.284	-0.170	-0.621
-2.261	-0.088	-0.679
-2.326	-0.234	-0.819
-2.254	-0.098	-0.690
-2.326	-0.218	-0.720
-2.343	-0.218	-0.732
-2.392	-0.254	-0.777
-2.390	-0.213	-0.765
-2.398	-0.291	-0.852
-2.409	-0.287	-0.788
-2.262	-0.232	-0.862
-2.416	-0.289	-0.796
-2.436	-0.275	-0.822
-2.435	-0.277	-0.847
-2.389	-0.218	-0.673
-2.403	-0.257	-0.745
-2.349	-0.176	-0.734
-2.404	-0.277	-0.897
-2.405	-0.254	-0.833
-2.299	-0.127	-0.701
-2.352	-0.202	-0.698
-2.356	-0.178	-0.723
-2.362	-0.191	-0.753
-2.351	-0.137	-0.717
-2.362	-0.204	-0.719
-2.299	-0.156	-0.663
-2.319	-0.176	-0.688
-2.322	-0.161	-0.732
-2.209	-0.083	-0.730
-2.295	-0.167	-0.628
-2.256	-0.119	-0.507
-2.271	-0.126	-0.591
-2.243	-0.057	-0.580
-2.327	-0.180	-0.675
-2.325	-0.193	-0.660
-2.253	-0.089	-0.528
-2.317	-0.172	-0.684
-2.327	-0.225	-0.803
-2.328	-0.170	-0.730
-2.265	-0.120	-0.601
-2.260	-0.116	-0.635
-2.266	-0.074	-0.712
-2.371	-0.217	-0.847
-2.305	-0.127	-0.710
-2.305	-0.195	-0.718
-2.276	-0.185	-0.666
-2.215	-0.136	-0.811
-2.352	-0.244	-0.827
-2.413	-0.443	-1.119
-2.443	-0.364	-0.889
-2.428	-0.338	-0.738
-2.442	-0.372	-0.775
-2.410	-0.304	-0.844
-2.457	-0.386	-0.915
-2.439	-0.383	-0.887
-2.343	-0.276	-0.679
-2.341	-0.286	-0.749
-2.302	-0.360	-1.013
-2.262	-0.179	-0.684
-2.314	-0.344	-0.980
-2.279	-0.171	-0.585
-2.262	-0.122	-0.492
-2.306	-0.180	-0.644
-2.277	-0.104	-0.619
-2.310	-0.199	-0.676
-2.244	-0.126	-0.547
-2.280	-0.148	-0.562
-2.298	-0.176	-0.660
-2.294	-0.323	-1.014
-2.323	-0.185	-0.695
-2.314	-0.264	-0.726
-2.330	-0.239	-0.652
-2.308	-0.189	-0.645
-2.402	-0.315	-0.866
-2.407	-0.328	-0.892
-2.307	-0.376	-1.044
-2.404	-0.347	-0.899
-2.315	-0.191	-0.690
-2.307	-0.316	-1.079
-2.400	-0.390	-0.968
-2.390	-0.354	-0.834
-2.364	-0.327	-0.767
-2.338	-0.221	-0.732
-2.442	-0.318	-0.790
-2.435	-0.288	-0.754
-2.433	-0.301	-0.683
-2.426	-0.292	-0.628
-2.389	-0.387	-1.005
-2.480	-0.317	-0.790
-2.518	-0.376	-0.860
-2.503	-0.319	-0.712
-2.479	-0.274	-0.614
-2.484	-0.266	-0.634
-2.464	-0.185	-0.632
-2.542	-0.287	-0.734
-2.563	-0.298	-0.753
-2.568	-0.332	-0.675
-2.548	-0.276	-0.593
-2.553	-0.398	-0.880
-2.570	-0.281	-0.692
-2.562	-0.348	-0.788
-2.523	-0.242	-0.558
-2.503	-0.234	-0.487
-2.518	-0.230	-0.512
-2.505	-0.188	-0.544
-2.553	-0.260	-0.658
-2.514	-0.200	-0.580
-2.540	-0.293	-0.594
-2.520	-0.267	-0.568
-2.436	-0.171	-0.651
-2.539	-0.248	-0.661
-2.554	-0.422	-0.914
-2.539	-0.287	-0.574
-2.561	-0.309	-0.634
-2.628	-0.367	-0.787
-2.580	-0.271	-0.614
-2.648	-0.392	-0.716
-2.573	-0.271	-0.564
-2.625	-0.383	-0.697
-2.620	-0.371	-0.758
-2.633	-0.403	-0.845
-2.608	-0.375	-0.760
-2.603	-0.351	-0.693
-2.604	-0.339	-0.685
-2.628	-0.363	-0.798
-2.630	-0.364	-0.837
-2.599	-0.315	-0.689
-2.581	-0.333	-0.650
-2.519	-0.235	-0.581
-2.594	-0.337	-0.752
-2.617	-0.368	-0.872
-2.599	-0.352	-0.818
-2.563	-0.320	-0.749
-2.531	-0.311	-0.636
-2.542	-0.315	-0.669
-2.568	-0.326	-0.752
-2.604	-0.352	-0.859
-2.579	-0.313	-0.714
-2.641	-0.385	-0.748
-2.594	-0.268	-0.602
-2.640	-0.350	-0.783
-2.632	-0.332	-0.807
-2.640	-0.363	-0.763
-2.633	-0.346	-0.696
-2.654	-0.551	-1.132
-2.691	-0.412	-0.912
-2.669	-0.375	-0.876
-2.631	-0.353	-0.766
-2.626	-0.315	-0.654
-2.654	-0.386	-0.729
-2.659	-0.353	-0.799
-2.666	-0.320	-0.767
-2.717	-0.359	-0.801
-2.673	-0.450	-0.880
-2.628	-0.311	-0.644
-2.585	-0.239	-0.636
-2.637	-0.325	-0.771
-2.628	-0.276	-0.707
-2.669	-0.372	-0.729
-2.672	-0.374	-0.704
-2.662	-0.371	-0.735
-2.688	-0.356	-0.765
-2.658	-0.324	-0.749
-2.650	-0.363	-0.739
-2.551	-0.199	-0.496
-2.587	-0.278	-0.605
-2.626	-0.290	-0.656
-2.682	-0.432	-0.944
-2.696	-0.303	-0.718
-2.672	-0.311	-0.677
-2.647	-0.276	-0.593
-2.625	-0.221	-0.615
-2.611	-0.224	-0.662
-2.545	-0.099	-0.589
-2.569	-0.173	-0.597
-2.526	-0.119	-0.578
-2.555	-0.197	-0.639
-2.520	-0.161	-0.677
-2.423	-0.089	-0.752
-2.528	-0.193	-0.745
-2.506	-0.229	-0.714
-2.511	-0.260	-0.757
-2.482	-0.189	-0.759
-2.547	-0.268	-0.842
-2.587	-0.290	-0.861
-2.580	-0.318	-0.798
-2.600	-0.354	-0.890
-2.641	-0.454	-1.089
-2.626	-0.366	-0.931
-2.629	-0.330	-0.891
-2.653	-0.356	-0.904
-2.625	-0.294	-0.817
-2.705	-0.427	-0.971
-2.687	-0.371	-0.974
-2.732	-0.444	-1.046
-2.739	-0.449	-1.035
-2.676	-0.358	-0.952
-2.721	-0.422	-1.043
-2.735	-0.487	-1.123
-2.711	-0.419	-0.981
-2.663	-0.354	-0.896
-2.684	-0.401	-0.972
-2.635	-0.339	-0.919
-2.676	-0.403	-0.865
-2.690	-0.433	-0.879
-2.659	-0.555	-1.206
-2.733	-0.479	-0.981
-2.723	-0.477	-0.913
-2.697	-0.469	-0.824
-2.642	-0.353	-0.759
-2.727	-0.477	-0.852
-2.777	-0.516	-0.967
-2.754	-0.484	-0.896
-2.732	-0.501	-0.863
-2.666	-0.442	-0.853
-2.678	-0.455	-0.962
-2.602	-0.331	-0.892
-2.633	-0.435	-0.877
-2.608	-0.424	-0.806
-2.627	-0.452	-0.916
-2.646	-0.449	-1.012
-2.604	-0.341	-0.928
-2.635	-0.434	-0.926
-2.627	-0.410	-0.862
-2.667	-0.473	-1.018
-2.702	-0.445	-1.051
-2.701	-0.402	-1.029
-2.686	-0.422	-1.013
-2.618	-0.295	-0.776
-2.654	-0.363	-0.894
-2.692	-0.380	-1.002
-2.751	-0.416	-1.106
-2.706	-0.371	-1.016
-2.588	-0.392	-1.150
-2.665	-0.300	-0.912
-2.618	-0.217	-0.840
-2.640	-0.279	-1.027
-2.539	-0.145	-0.907
-2.545	-0.212	-0.913
-2.516	-0.158	-0.851
-2.567	-0.221	-0.995
-2.621	-0.287	-1.038
-2.613	-0.259	-0.935
-2.620	-0.306	-0.956
-2.570	-0.236	-0.804
-2.574	-0.254	-0.909
-2.566	-0.200	-0.885
-2.616	-0.279	-0.993
-2.555	-0.179	-0.851
-2.534	-0.200	-0.815
-2.497	-0.118	-0.736
-2.541	-0.187	-0.843
-2.532	-0.180	-0.867
-2.592	-0.264	-0.953
-2.587	-0.262	-0.872
-2.625	-0.321	-0.893
-2.652	-0.327	-0.925
-2.660	-0.462	-1.194
-2.675	-0.323	-0.949
-2.655	-0.397	-1.092
-2.621	-0.275	-0.839
-2.614	-0.301	-0.844
-2.624	-0.285	-0.897
-2.600	-0.246	-0.857
-2.611	-0.255	-0.903
-2.605	-0.236	-0.841
-2.609	-0.268	-0.844
-2.547	-0.155	-0.764
-2.665	-0.277	-0.922
-2.672	-0.277	-0.942
-2.730	-0.319	-0.920
-2.705	-0.264	-0.812
-2.621	-0.169	-0.825
-2.755	-0.306	-0.908
-2.698	-0.224	-0.847
-2.705	-0.263	-0.835
-2.569	-0.196	-0.833
-2.679	-0.298	-0.754
-2.675	-0.277	-0.808
-2.728	-0.336	-0.920
-2.709	-0.296	-0.843
-2.730	-0.322	-0.798
-2.638	-0.199	-0.696
-2.740	-0.339	-0.884
-2.721	-0.305	-0.913
-2.647	-0.267	-1.016
-2.761	-0.362	-0.926
-2.756	-0.394	-0.850
-2.772	-0.406	-0.898
-2.710	-0.289	-0.794
-2.734	-0.376	-0.912
-2.691	-0.328	-0.857
-2.669	-0.329	-0.746
-2.624	-0.307	-0.703
-2.625	-0.295	-0.685
-2.665	-0.365	-0.850
-2.618	-0.295	-0.834
-2.627	-0.505	-1.122
-2.630	-0.353	-0.772
-2.578	-0.303	-0.823
-2.688	-0.532	-1.122
-2.662	-0.455	-0.991
-2.621	-0.426	-0.888
-2.632	-0.481	-0.950
-2.660	-0.462	-0.951
-2.719	-0.509	-0.986
-2.666	-0.461	-0.838
-2.613	-0.457	-0.754
-2.625	-0.424	-0.758
-2.590	-0.334	-0.729
-2.597	-0.367	-0.734
-2.509	-0.276	-0.590
-2.563	-0.309	-0.621
-2.562	-0.316	-0.716
-2.569	-0.291	-0.695
-2.588	-0.330	-0.699
-2.582	-0.309	-0.613
-2.586	-0.378	-0.655
-2.612	-0.374	-0.698
-2.557	-0.313	-0.726
-2.599	-0.362	-0.688
-2.608	-0.506	-0.836
-2.608	-0.412	-0.675
-2.514	-0.272	-0.596
-2.519	-0.278	-0.655
-2.471	-0.216	-0.650
-2.529	-0.314	-0.674
-2.548	-0.346	-0.653
-2.529	-0.432	-0.984
-2.618	-0.389	-0.783
-2.649	-0.456	-0.896
-2.646	-0.432	-0.811
-2.643	-0.421	-0.725
-2.672	-0.447	-0.826
-2.654	-0.375	-0.836
-2.663	-0.427	-0.920
-2.604	-0.316	-0.788
-2.651	-0.389	-0.794
-2.650	-0.371	-0.758
-2.697	-0.416	-0.879
-2.686	-0.364	-0.805
-2.712	-0.386	-0.839
-2.739	-0.434	-0.899
-2.703	-0.378	-0.813
-2.706	-0.404	-0.891
-2.651	-0.319	-0.827
-2.664	-0.389	-0.851
-2.580	-0.263	-0.705
-2.631	-0.349	-0.790
-2.631	-0.335	-0.818
-2.613	-0.334	-0.787
-2.592	-0.318	-0.761
-2.562	-0.447	-0.956
-2.606	-0.334	-0.676
-2.647	-0.370	-0.770
-2.644	-0.347	-0.804
-2.611	-0.317	-0.746
-2.600	-0.335	-0.737
-2.562	-0.278	-0.617
-2.613	-0.349	-0.754
-2.566	-0.270	-0.717
-2.628	-0.349	-0.819
-2.643	-0.389	-0.836
-2.560	-0.304	-0.818
-2.589	-0.339	-0.809
-2.603	-0.388	-0.976
-2.618	-0.385	-0.983
-2.594	-0.356	-0.907
-2.618	-0.413	-0.947
-2.575	-0.342	-0.991
-2.660	-0.460	-1.161
-2.633	-0.432	-1.103
-2.611	-0.419	-0.990
-2.604	-0.427	-0.938
-2.605	-0.472	-1.013
-2.576	-0.392	-0.914
-2.598	-0.394	-0.954
-2.568	-0.386	-0.880
-2.522	-0.321	-0.767
-2.551	-0.373	-0.823
-2.562	-0.356	-0.843
-2.645	-0.452	-0.999
-2.625	-0.366	-0.942
-2.643	-0.431	-0.881
-2.553	-0.306	-0.704
-2.570	-0.373	-0.784
-2.595	-0.381	-0.850
-2.559	-0.491	-1.132
-2.550	-0.349	-0.706
-2.456	-0.234	-0.564
-2.501	-0.296	-0.694
-2.520	-0.297	-0.754
-2.532	-0.334	-0.881
-2.499	-0.255	-0.729
-2.442	-0.169	-0.539
-2.509	-0.264	-0.720
-2.510	-0.236	-0.808
-2.539	-0.269	-0.749
-2.555	-0.253	-0.708
-2.446	-0.244	-0.836
-2.561	-0.290	-0.724
-2.563	-0.298	-0.779
-2.594	-0.339	-0.913
-2.539	-0.264	-0.798
-2.521	-0.270	-0.774
-2.507	-0.218	-0.813
-2.573	-0.307	-0.891
-2.570	-0.325	-0.980
-2.551	-0.327	-0.978
-2.523	-0.303	-0.898
-2.478	-0.400	-1.216
-2.556	-0.319	-0.998
-2.571	-0.360	-1.039
-2.570	-0.345	-0.967
-2.559	-0.322	-0.858
-2.616	-0.392	-1.000
-2.525	-0.265	-0.866
-2.571	-0.335	-0.966
-2.552	-0.320	-0.911
-2.516	-0.288	-0.818
-2.548	-0.307	-0.935
-2.513	-0.238	-0.872
-2.572	-0.320	-0.981
-2.559	-0.300	-0.936
-2.542	-0.282	-0.818
-2.559	-0.371	-1.001
-2.541	-0.245	-0.752
-2.568	-0.378	-0.966
-2.587	-0.313	-0.810
-2.511	-0.221	-0.655
-2.579	-0.317	-0.881
-2.590	-0.290	-0.847
-2.588	-0.291	-0.857
-2.562	-0.257	-0.785
-2.567	-0.283	-0.817
-2.554	-0.238	-0.811
-2.567	-0.283	-0.814
-2.541	-0.197	-0.768
-2.588	-0.285	-0.824
-2.540	-0.194	-0.758
-2.562	-0.263	-0.827
-2.510	-0.201	-0.819
-2.546	-0.243	-0.803
-2.562	-0.254	-0.842
-2.707	-0.453	-1.081
-2.671	-0.430	-0.975
-2.699	-0.461	-1.030
-2.729	-0.511	-1.038
-2.696	-0.457	-0.892
-2.767	-0.554	-1.088
-2.752	-0.530	-1.060
-2.770	-0.574	-1.087
-2.724	-0.531	-1.009
-2.694	-0.603	-1.091
-2.749	-0.508	-0.976
-2.751	-0.481	-0.933
-2.754	-0.518	-0.921
-2.656	-0.356	-0.678
-2.731	-0.440	-0.768
-2.751	-0.476	-0.911
-2.744	-0.471	-0.930
-2.727	-0.472	-0.921
-2.747	-0.470	-0.987
-2.753	-0.464	-0.937
-2.788	-0.490	-0.997
-2.763	-0.462	-0.925
-2.753	-0.507	-0.946
-2.752	-0.453	-0.927
-2.712	-0.357	-0.871
-2.733	-0.393	-0.896
-2.639	-0.266	-0.716
-2.664	-0.332	-0.730
-2.633	-0.302	-0.727
-2.620	-0.316	-0.823
-2.621	-0.316	-0.818
-2.588	-0.282	-0.766
-2.625	-0.367	-1.127
-2.658	-0.378	-1.156
-2.600	-0.376	-1.401
-2.720	-0.423	-1.276
-2.762	-0.474	-1.373
-2.731	-0.451	-1.286
-2.607	-0.364	-1.294
-2.718	-0.441	-1.253
-2.771	-0.613	-1.524
-2.765	-0.506	-1.307
-2.796	-0.594	-1.327
-2.768	-0.535	-1.225
-2.783	-0.494	-1.199
-2.816	-0.556	-1.272
-2.779	-0.502	-1.153
-2.783	-0.535	-1.113
-2.707	-0.412	-0.996
-2.778	-0.510	-1.128
-2.744	-0.461	-1.004
-2.707	-0.424	-0.897
-2.678	-0.387	-0.833
-2.711	-0.461	-0.971
-2.742	-0.439	-0.969
-2.696	-0.375	-0.871
-2.704	-0.405	-0.859
-2.654	-0.309	-0.735
-2.722	-0.404	-0.849
-2.750	-0.407	-0.983
-2.770	-0.438	-0.971
-2.741	-0.383	-0.913
-2.693	-0.320	-0.779
-2.660	-0.286	-0.795
-2.579	-0.231	-0.999
-2.636	-0.259	-0.892
-2.504	-0.146	-0.801
-2.593	-0.251	-0.777
-2.621	-0.289	-0.860
-2.601	-0.279	-0.916
-2.600	-0.272	-0.919
-2.593	-0.282	-0.874
-2.576	-0.260	-0.826
-2.566	-0.303	-0.858
-2.581	-0.283	-0.924
-2.632	-0.382	-0.999
-2.661	-0.410	-1.011
-2.679	-0.422	-0.957
-2.670	-0.415	-1.035
-2.688	-0.513	-1.189
-2.691	-0.416	-1.028
-2.687	-0.397	-0.984
-2.722	-0.447	-1.002
-2.723	-0.428	-0.896
-2.770	-0.480	-1.005
-2.796	-0.476	-0.989
-2.842	-0.536	-1.059
-2.812	-0.459	-0.905
-2.878	-0.564	-1.011
-2.880	-0.514	-1.041
-2.925	-0.580	-1.109
-2.857	-0.481	-1.074
-2.875	-0.527	-1.039
-2.848	-0.493	-0.965
-2.831	-0.475	-0.955
-2.843	-0.473	-1.010
-2.844	-0.456	-0.989
-2.839	-0.469	-0.990
-2.800	-0.406	-0.929
-2.802	-0.407	-0.926
-2.658	-0.273	-0.938
-2.718	-0.273	-0.743
-2.717	-0.371	-0.860
-2.717	-0.287	-0.777
-2.719	-0.291	-0.758
-2.741	-0.318	-0.846
-2.693	-0.234	-0.683
-2.735	-0.347	-0.742
-2.683	-0.281	-0.718
-2.777	-0.390	-0.911
-2.758	-0.351	-0.881
-2.770	-0.367	-0.833
-2.728	-0.320	-0.699
-2.766	-0.373	-0.828
-2.810	-0.387	-0.911
-2.796	-0.347	-0.810
-2.814	-0.418	-0.882
-2.779	-0.369	-0.824
-2.835	-0.473	-0.992
-2.836	-0.478	-1.073
-2.821	-0.446	-1.020
-2.787	-0.438	-0.929
-2.734	-0.390	-0.809
-2.757	-0.409	-0.882
-2.774	-0.444	-0.911
-2.743	-0.372	-0.769
-2.754	-0.394	-0.744
-2.755	-0.439	-0.746
-2.788	-0.421	-0.771
-2.850	-0.496	-0.887
-2.778	-0.371	-0.771
-2.819	-0.467	-0.827
-2.750	-0.373	-0.707
-2.752	-0.406	-0.746
-2.735	-0.345	-0.711
-2.735	-0.362	-0.673
-2.735	-0.358	-0.719
-2.708	-0.327	-0.644
-2.723	-0.349	-0.596
-2.752	-0.371	-0.688
-2.757	-0.365	-0.684
-2.733	-0.358	-0.694
-2.725	-0.380	-0.637
-2.703	-0.334	-0.580
-2.706	-0.357	-0.593
-2.713	-0.346	-0.679
-2.765	-0.416	-0.721
-2.723	-0.405	-0.674
-2.691	-0.391	-0.619
-2.723	-0.411	-0.749
-2.763	-0.483	-0.878
-2.785	-0.480	-0.777
-2.685	-0.343	-0.629
-2.729	-0.400	-0.660
-2.715	-0.372	-0.650
-2.636	-0.413	-0.878
-2.701	-0.368	-0.570
-2.700	-0.350	-0.628
-2.733	-0.401	-0.752
-2.685	-0.325	-0.655
-2.686	-0.363	-0.617
-2.656	-0.340	-0.547
-2.710	-0.434	-0.721
-2.704	-0.368	-0.666
-2.687	-0.307	-0.562
-2.753	-0.400	-0.670
-2.681	-0.298	-0.495
-2.586	-0.349	-0.760
-2.711	-0.339	-0.617
-2.690	-0.279	-0.505
-2.724	-0.369	-0.603
-2.687	-0.328	-0.571
-2.656	-0.259	-0.442
-2.656	-0.288	-0.432
-2.645	-0.286	-0.527
-2.682	-0.309	-0.651
-2.674	-0.310	-0.679
-2.650	-0.430	-0.841
-2.621	-0.258	-0.491
-2.653	-0.273	-0.508
-2.693	-0.308	-0.574
-2.750	-0.371	-0.673
-2.744	-0.369	-0.640
-2.723	-0.369	-0.596
-2.764	-0.439	-0.740
-2.664	-0.307	-0.697
-2.683	-0.378	-0.739
-2.680	-0.349	-0.671
-2.609	-0.332	-0.805
-2.770	-0.378	-0.738
-2.779	-0.333	-0.670
-2.848	-0.408	-0.771
-2.773	-0.323	-0.532
-2.859	-0.442	-0.697
-2.836	-0.379	-0.719
-2.903	-0.450	-0.756
-2.885	-0.413	-0.698
-2.899	-0.426	-0.673
-2.852	-0.442	-0.871
-2.746	-0.268	-0.626
-2.779	-0.296	-0.620
-2.822	-0.347	-0.800
-2.804	-0.310	-0.619
-2.820	-0.339	-0.580
-2.829	-0.352	-0.730
-2.843	-0.407	-0.845
-2.789	-0.321	-0.779
-2.839	-0.408	-0.752
-2.818	-0.364	-0.629
-2.883	-0.478	-0.876
-2.877	-0.390	-0.817
-2.854	-0.342	-0.754
-2.825	-0.321	-0.683
-2.781	-0.231	-0.544
-2.814	-0.297	-0.637
-2.829	-0.302	-0.703
-2.840	-0.326	-0.766
-2.812	-0.291	-0.722
-2.808	-0.296	-0.670
-2.752	-0.256	-0.633
-2.787	-0.327	-0.810
-2.780	-0.279	-0.757
-2.815	-0.283	-0.767
-2.811	-0.310	-0.758
-2.784	-0.250	-0.651
-2.793	-0.304	-0.671
-2.818	-0.308	-0.775
-2.825	-0.335	-0.794
-2.835	-0.327	-0.796
-2.907	-0.412	-0.853
-2.903	-0.414	-0.827
-2.863	-0.499	-1.194
-3.023	-0.553	-1.128
-3.023	-0.574	-1.102
-2.975	-0.525	-1.003
-2.919	-0.435	-0.886
-2.928	-0.458	-0.920
-2.915	-0.434	-0.993
-2.925	-0.444	-1.009
-2.835	-0.323	-0.913
-2.776	-0.240	-0.661
-2.769	-0.230	-0.595
-2.755	-0.151	-0.555
-2.816	-0.232	-0.660
-2.797	-0.226	-0.645
-2.741	-0.219	-0.540
-2.724	-0.181	-0.537
-2.635	-0.042	-0.444
-2.697	-0.149	-0.622
-2.677	-0.128	-0.578
-2.673	-0.125	-0.577
-2.708	-0.178	-0.668
-2.749	-0.217	-0.694
-2.772	-0.401	-0.884
-2.709	-0.226	-0.571
-2.672	-0.155	-0.539
-2.716	-0.253	-0.729
-2.685	-0.210	-0.745
-2.730	-0.275	-0.746
-2.717	-0.273	-0.702
-2.766	-0.344	-0.796
-2.790	-0.362	-0.891
-2.717	-0.282	-0.818
-2.729	-0.318	-0.698
-2.719	-0.311	-0.722
-2.735	-0.301	-0.794
-2.774	-0.277	-0.814
-2.860	-0.405	-0.941
-2.793	-0.296	-0.762
-2.837	-0.344	-0.774
-2.844	-0.344	-0.849
-2.820	-0.395	-0.865
-2.808	-0.327	-0.761
-2.781	-0.254	-0.663
-2.807	-0.303	-0.768
-2.786	-0.268	-0.739
-2.807	-0.266	-0.746
-2.827	-0.264	-0.797
-2.859	-0.293	-0.728
-2.861	-0.305	-0.737
-2.876	-0.434	-1.008
-2.899	-0.319	-0.778
-2.901	-0.356	-0.807
-2.870	-0.324	-0.755
-2.829	-0.282	-0.672
-2.785	-0.224	-0.595
-2.758	-0.124	-0.530
-2.797	-0.219	-0.684
-2.748	-0.164	-0.643
-2.744	-0.183	-0.563
-2.726	-0.176	-0.506
-2.686	-0.108	-0.535
-2.736	-0.191	-0.607
-2.732	-0.228	-0.716
-2.711	-0.208	-0.633
-2.617	-0.111	-0.403
-2.656	-0.150	-0.486
-2.677	-0.164	-0.630
-2.712	-0.189	-0.636
-2.689	-0.180	-0.609
-2.583	-0.198	-0.723
-2.679	-0.172	-0.451
-2.730	-0.163	-0.474
-2.776	-0.218	-0.572
-2.772	-0.179	-0.575
-2.791	-0.250	-0.527
-2.834	-0.295	-0.600
-2.802	-0.408	-0.892
-2.877	-0.355	-0.738
-2.911	-0.360	-0.765
-2.882	-0.328	-0.649
-2.847	-0.227	-0.466
-2.895	-0.303	-0.538
-2.945	-0.371	-0.699
-2.997	-0.431	-0.753
-2.956	-0.391	-0.664
-2.835	-0.577	-0.841
-2.856	-0.314	-0.529
-2.839	-0.241	-0.492
-2.938	-0.414	-0.763
-2.960	-0.428	-0.746
-2.954	-0.578	-1.054
-2.931	-0.389	-0.648
-2.851	-0.248	-0.485
-2.867	-0.298	-0.555
-2.883	-0.343	-0.673
-2.943	-0.427	-0.722
-2.920	-0.429	-0.718
-2.889	-0.340	-0.650
-2.876	-0.343	-0.680
-2.878	-0.333	-0.719
-2.845	-0.494	-0.959
-2.883	-0.380	-0.691
-2.817	-0.289	-0.565
-2.754	-0.363	-0.853
-2.914	-0.428	-0.758
-2.844	-0.292	-0.607
-2.791	-0.356	-0.903
-2.957	-0.449	-0.825
-2.931	-0.381	-0.783
-3.011	-0.611	-1.116
-3.037	-0.531	-0.944
-3.078	-0.570	-1.039
-3.023	-0.525	-0.807
-3.016	-0.491	-0.783
-3.035	-0.467	-0.852
-3.111	-0.552	-0.926
-3.083	-0.512	-0.858
-2.908	-0.383	-0.851
-2.941	-0.413	-0.728
-2.924	-0.353	-0.750
-2.946	-0.393	-0.840
-2.911	-0.314	-0.808
-2.949	-0.392	-0.779
-2.937	-0.379	-0.759
-2.887	-0.497	-1.076
-3.033	-0.461	-0.908
-3.006	-0.404	-0.815
-2.980	-0.404	-0.777
-2.874	-0.272	-0.546
-2.951	-0.411	-0.744
-2.990	-0.412	-0.858
-2.964	-0.379	-0.856
-2.926	-0.350	-0.809
-2.866	-0.306	-0.673
-2.875	-0.333	-0.759
-2.763	-0.219	-0.764
-2.905	-0.331	-0.773
-2.887	-0.397	-0.857
-2.840	-0.298	-0.620
-2.818	-0.250	-0.537
-2.871	-0.360	-0.724
-2.777	-0.211	-0.532
-2.836	-0.327	-0.669
-2.803	-0.226	-0.594
-2.829	-0.305	-0.606
-2.828	-0.296	-0.554
-2.832	-0.284	-0.564
-2.892	-0.358	-0.711
-2.924	-0.376	-0.701
-2.919	-0.347	-0.699
-2.914	-0.338	-0.646
-2.884	-0.286	-0.572
-2.816	-0.269	-0.749
-2.948	-0.335	-0.676
-2.963	-0.432	-0.781
-2.922	-0.351	-0.612
-2.859	-0.269	-0.506
-2.867	-0.286	-0.557
-2.828	-0.221	-0.598
-2.918	-0.323	-0.714
-2.905	-0.295	-0.697
-2.941	-0.338	-0.665
-2.865	-0.268	-0.489
-2.864	-0.339	-0.661
-2.868	-0.270	-0.634
-2.827	-0.186	-0.475
-2.845	-0.235	-0.553
-2.753	-0.173	-0.407
-2.799	-0.227	-0.415
-2.835	-0.254	-0.491
-2.904	-0.309	-0.597
-2.895	-0.305	-0.597
-2.862	-0.255	-0.502
-2.902	-0.319	-0.646
-2.879	-0.301	-0.603
-2.829	-0.311	-0.554
-2.828	-0.264	-0.614
-2.843	-0.405	-0.901
-2.922	-0.310	-0.719
-2.924	-0.251	-0.683
-2.908	-0.285	-0.628
-2.839	-0.377	-0.788
-2.907	-0.260	-0.580
-2.913	-0.243	-0.639
-2.915	-0.276	-0.700
-2.902	-0.247	-0.615
-2.895	-0.283	-0.670
-2.861	-0.198	-0.598
-2.899	-0.282	-0.690
-2.949	-0.286	-0.761
-2.964	-0.287	-0.748
-2.964	-0.260	-0.683
-2.860	-0.315	-0.843
-2.955	-0.248	-0.635
-2.998	-0.265	-0.690
-3.049	-0.331	-0.784
-3.025	-0.255	-0.770
-2.986	-0.320	-0.775
-2.919	-0.261	-0.559
-2.994	-0.387	-0.787
-3.054	-0.408	-0.889
-3.059	-0.354	-0.877
-3.120	-0.480	-0.932
-3.097	-0.405	-0.765
-3.030	-0.462	-1.009
-3.144	-0.411	-0.906
-3.173	-0.420	-0.947
-3.140	-0.403	-0.873
-3.156	-0.419	-0.850
-3.172	-0.450	-0.872
-3.162	-0.395	-0.885
-3.213	-0.486	-1.023
-3.190	-0.439	-1.020
-3.153	-0.399	-0.836
-3.089	-0.293	-0.618
-3.138	-0.327	-0.685
-3.204	-0.398	-0.869
-3.227	-0.417	-0.866
-3.261	-0.441	-0.942
-3.215	-0.391	-0.761
-3.221	-0.399	-0.704
-3.231	-0.363	-0.768
-3.285	-0.429	-0.865
-3.311	-0.439	-0.867
-3.290	-0.372	-0.731
-3.237	-0.324	-0.601
-3.243	-0.315	-0.646
-3.177	-0.376	-0.887
-3.262	-0.335	-0.686
-3.288	-0.430	-0.755
-3.213	-0.278	-0.476
-3.125	-0.135	-0.258
-3.148	-0.157	-0.360
-3.165	-0.153	-0.469
-3.214	-0.252	-0.566
-3.139	-0.173	-0.377
-3.021	-0.187	-0.527
-3.132	-0.172	-0.361
-3.181	-0.222	-0.450
-3.194	-0.245	-0.479
-3.162	-0.202	-0.388
-3.151	-0.230	-0.372
-3.107	-0.129	-0.273
-3.188	-0.280	-0.519
-3.226	-0.312	-0.587
-3.263	-0.369	-0.613
-3.223	-0.331	-0.555
-3.232	-0.291	-0.457
-3.266	-0.336	-0.599
-3.317	-0.474	-0.828
-3.302	-0.381	-0.629
-3.277	-0.343	-0.473
-3.258	-0.319	-0.425
-3.247	-0.245	-0.411
-3.315	-0.374	-0.608
-3.265	-0.280	-0.515
-3.263	-0.300	-0.449
-3.224	-0.244	-0.411
-3.262	-0.266	-0.473
-3.284	-0.285	-0.571
-3.302	-0.288	-0.551
-3.345	-0.333	-0.549
-3.325	-0.422	-0.667
-3.264	-0.234	-0.385
-3.325	-0.275	-0.493
-3.357	-0.329	-0.608
-3.308	-0.250	-0.528
-3.253	-0.227	-0.425
-3.197	-0.125	-0.251
-3.215	-0.163	-0.333
-3.186	-0.075	-0.341
-3.262	-0.198	-0.421
-3.252	-0.183	-0.410
-3.306	-0.263	-0.403
-3.308	-0.243	-0.378
-3.354	-0.271	-0.482
-3.365	-0.270	-0.544
-3.371	-0.276	-0.577
-3.375	-0.268	-0.560
-3.268	-0.138	-0.420
-3.339	-0.228	-0.521
-3.406	-0.305	-0.646
-3.417	-0.304	-0.633
-3.419	-0.306	-0.623
-3.413	-0.329	-0.603
-3.355	-0.257	-0.443
-3.378	-0.326	-0.582
-3.339	-0.256	-0.592
-3.398	-0.330	-0.655
-3.365	-0.264	-0.596
-3.382	-0.313	-0.593
-3.349	-0.294	-0.546
-3.388	-0.358	-0.640
-3.369	-0.314	-0.599
-3.277	-0.197	-0.592
-3.345	-0.266	-0.553
-3.301	-0.390	-0.730
-3.250	-0.204	-0.370
-3.239	-0.185	-0.348
-3.271	-0.244	-0.363
-3.278	-0.217	-0.364
-3.318	-0.304	-0.564
-3.318	-0.279	-0.505
-3.338	-0.302	-0.503
-3.338	-0.259	-0.509
-3.353	-0.314	-0.494
-3.337	-0.303	-0.489
-3.261	-0.243	-0.416
-3.137	-0.105	-0.226
-3.276	-0.241	-0.608
-3.409	-0.358	-0.812
-3.651	-0.596	-0.807
-3.615	-0.559	-0.764
-3.624	-0.604	-0.961
-3.514	-0.526	-0.811
-3.378	-0.393	-0.607
-3.478	-0.412	-0.619
-3.407	-0.321	-0.432
-3.484	-0.437	-0.635
-3.519	-0.525	-0.815
-3.504	-0.508	-0.878
