-0.051 -0.021 -0.052
-0.076  0.068  0.110
-0.153  0.037  0.090
-0.154  0.027  0.099
-0.028  0.123  0.144
-0.109  0.012  0.069
-0.153 -0.014  0.005
-0.106  0.055  0.093
-0.159 -0.011  0.014
-0.092  0.010  0.038
-0.099 -0.002  0.018
-0.075  0.029  0.036
-0.121 -0.007  0.003
-0.080  0.054  0.018
-0.181 -0.026 -0.046
-0.101  0.040 -0.006
-0.090  0.045  0.012
-0.189 -0.002 -0.065
-0.115  0.077 -0.077
-0.186 -0.001 -0.086
-0.178 -0.023 -0.118
-0.198 -0.022 -0.111
-0.152  0.030 -0.062
-0.112  0.041 -0.030
-0.029  0.113 -0.027
-0.193 -0.047 -0.123
-0.238 -0.062 -0.157
-0.313 -0.178 -0.267
-0.367 -0.134 -0.169
-0.394 -0.131 -0.215
-0.422 -0.196 -0.249
-0.311 -0.165 -0.267
-0.105 -0.001  0.115
-0.079  0.050  0.034
-0.058  0.086  0.025
-0.112 -0.009 -0.036
-0.160  0.005  0.022
-0.108  0.087  0.074
-0.156  0.022  0.077
-0.135  0.054  0.083
-0.094  0.035  0.057
-0.184  0.006  0.030
-0.168  0.026  0.081
-0.262 -0.051 -0.019
-0.153  0.032  0.042
-0.205 -0.048 -0.031
-0.051  0.062  0.073
-0.092 -0.008  0.034
-0.051  0.070  0.040
-0.158 -0.022  0.003
-0.057  0.044  0.063
-0.000  0.086  0.132
-0.116  0.026  0.040
-0.096 -0.031 -0.033
-0.137  0.035  0.052
-0.191  0.022  0.019
-0.126  0.005  0.040
 0.048  0.157  0.178
 0.012  0.111  0.191
 0.016  0.108  0.151
 0.025  0.118  0.164
 0.029  0.122  0.178
 0.038  0.096  0.085
-0.203 -0.023  0.032
-0.172  0.006  0.062
-0.035  0.086  0.150
-0.011  0.102  0.167
-0.065  0.049  0.075
 0.015  0.162  0.162
-0.001  0.109  0.160
 0.055  0.176  0.132
-0.118  0.036  0.005
-0.089  0.080  0.021
-0.228 -0.025 -0.049
-0.193  0.002 -0.023
-0.232  0.007  0.004
-0.208 -0.026 -0.003
-0.228 -0.103 -0.092
-0.182 -0.044 -0.045
-0.098  0.037  0.008
-0.092 -0.007 -0.001
 0.009  0.072  0.064
-0.024  0.029  0.061
-0.070  0.015  0.041
-0.031  0.068  0.148
-0.054  0.038  0.094
 0.019  0.121  0.151
-0.050  0.042  0.077
-0.089 -0.008  0.057
-0.072  0.012  0.089
-0.030  0.029  0.119
-0.079 -0.005  0.076
-0.044  0.033  0.100
 0.047  0.078  0.175
 0.122  0.172  0.224
-0.000  0.071  0.138
 0.103  0.165  0.181
 0.021  0.077  0.128
-0.015  0.088  0.034
-0.093 -0.001 -0.014
-0.077  0.037 -0.067
-0.075 -0.003  0.017
-0.026  0.026  0.072
 0.018  0.051  0.131
-0.080  0.021  0.067
 0.028  0.116  0.098
-0.088  0.058  0.106
-0.005  0.080  0.132
 0.044  0.104  0.153
-0.006  0.083  0.101
-0.024  0.042  0.109
 0.065  0.132  0.157
 0.051  0.092  0.141
-0.057  0.032  0.058
 0.052  0.015  0.000
 0.053  0.097  0.152
-0.029  0.019  0.060
 0.010  0.047  0.113
 0.028  0.095  0.141
-0.043  0.022  0.094
 0.017  0.082  0.098
-0.120 -0.034 -0.016
-0.073  0.034  0.035
-0.229 -0.063 -0.097
-0.305 -0.124 -0.195
-0.376 -0.150 -0.221
-0.362 -0.181 -0.263
-0.208 -0.101 -0.261
-0.258 -0.103 -0.175
-0.096  0.012 -0.007
-0.086  0.016 -0.031
-0.079  0.032 -0.038
-0.101 -0.013 -0.070
-0.032  0.043 -0.036
-0.118 -0.038 -0.080
-0.157 -0.054 -0.129
-0.200 -0.084 -0.163
-0.164 -0.057 -0.135
-0.099 -0.027 -0.046
-0.034  0.029  0.012
-0.013  0.050  0.031
-0.071  0.005 -0.073
-0.067 -0.080 -0.275
-0.146 -0.050 -0.193
-0.109  0.001 -0.122
-0.233 -0.124 -0.277
-0.255 -0.151 -0.347
-0.322 -0.186 -0.373
-0.330 -0.193 -0.373
-0.257 -0.114 -0.338
-0.283 -0.174 -0.342
-0.201 -0.117 -0.321
-0.284 -0.220 -0.402
-0.212 -0.127 -0.340
-0.343 -0.221 -0.406
-0.235 -0.148 -0.360
-0.258 -0.195 -0.334
-0.148 -0.105 -0.222
-0.153 -0.126 -0.185
-0.174 -0.131 -0.212
-0.216 -0.161 -0.244
-0.180 -0.136 -0.218
-0.177 -0.134 -0.211
-0.129 -0.111 -0.158
-0.082 -0.032 -0.102
-0.106 -0.092 -0.133
-0.108 -0.147 -0.198
-0.150 -0.122 -0.185
-0.146 -0.098 -0.159
-0.191 -0.123 -0.205
-0.123 -0.027 -0.140
-0.227 -0.136 -0.193
-0.099 -0.015 -0.086
-0.196 -0.113 -0.137
-0.132 -0.064 -0.069
-0.072 -0.031 -0.035
-0.076 -0.067 -0.045
-0.032 -0.034  0.002
-0.124 -0.095 -0.104
-0.127 -0.062 -0.069
-0.152 -0.083 -0.108
-0.114 -0.056 -0.059
-0.138 -0.070 -0.082
-0.074  0.011 -0.025
-0.199 -0.100 -0.129
-0.110 -0.068 -0.097
-0.173 -0.096 -0.140
-0.135 -0.167 -0.199
-0.162 -0.112 -0.136
-0.040 -0.025  0.002
-0.026 -0.037  0.002
-0.046 -0.019 -0.016
-0.079 -0.059 -0.009
-0.018  0.016  0.033
-0.146 -0.081 -0.050
-0.154 -0.076 -0.046
-0.026 -0.002 -0.067
-0.118 -0.063 -0.049
-0.069 -0.039  0.012
-0.075 -0.038  0.010
-0.036  0.014 -0.053
-0.174 -0.106 -0.124
-0.204 -0.110 -0.121
-0.238 -0.138 -0.163
-0.146 -0.119 -0.205
-0.294 -0.156 -0.159
-0.247 -0.107 -0.081
-0.155 -0.094 -0.021
-0.160 -0.106 -0.098
-0.026 -0.108 -0.171
-0.010  0.009  0.024
-0.018  0.033 -0.032
 0.042  0.125  0.154
 0.098  0.144  0.147
 0.069  0.131  0.207
 0.052  0.136  0.256
 0.057  0.178  0.203
-0.096  0.066  0.125
-0.046  0.096  0.116
-0.022  0.091  0.188
 0.008  0.100  0.184
 0.017  0.082  0.200
 0.058  0.075  0.142
 0.084  0.125  0.112
-0.037 -0.048 -0.056
-0.025 -0.010 -0.020
-0.127 -0.095 -0.127
-0.112 -0.077 -0.175
-0.225 -0.164 -0.204
-0.127 -0.110 -0.152
-0.064 -0.135 -0.271
-0.061 -0.039 -0.058
-0.035 -0.036 -0.065
-0.127 -0.079 -0.120
-0.142 -0.086 -0.118
-0.148 -0.091 -0.161
-0.037 -0.005 -0.100
-0.148 -0.086 -0.178
-0.097 -0.053 -0.182
-0.165 -0.104 -0.217
-0.143 -0.070 -0.201
-0.045  0.035 -0.084
-0.128 -0.061 -0.175
-0.144 -0.098 -0.219
-0.117 -0.075 -0.191
-0.083 -0.031 -0.138
-0.114 -0.047 -0.151
-0.036  0.052 -0.115
-0.078 -0.016 -0.130
-0.059  0.001 -0.128
-0.076 -0.009 -0.117
-0.078 -0.001 -0.095
-0.106  0.023 -0.095
-0.126 -0.029 -0.165
 0.010  0.031 -0.174
-0.113 -0.033 -0.144
-0.086 -0.052 -0.128
-0.080 -0.034 -0.102
-0.078 -0.017 -0.113
-0.095 -0.055 -0.150
-0.038  0.032 -0.104
-0.115 -0.035 -0.140
 0.047  0.089 -0.023
 0.011  0.049 -0.038
-0.058  0.020 -0.087
-0.081  0.040 -0.067
-0.124  0.005 -0.118
-0.082  0.034 -0.073
-0.096  0.032 -0.076
-0.130  0.025 -0.078
-0.143  0.010 -0.079
-0.131  0.012 -0.052
-0.128 -0.003 -0.066
-0.106  0.004 -0.086
-0.114 -0.037 -0.118
-0.045  0.033 -0.034
-0.080 -0.003 -0.021
-0.025  0.078 -0.001
-0.134 -0.017 -0.039
-0.185 -0.020 -0.067
-0.174 -0.022 -0.020
-0.105  0.023  0.006
-0.039 -0.027 -0.040
-0.053  0.025  0.031
-0.057  0.013  0.013
-0.177 -0.058 -0.096
-0.106  0.003 -0.074
-0.089 -0.012 -0.066
-0.095 -0.011 -0.086
-0.150 -0.043 -0.118
-0.150 -0.032 -0.154
-0.231 -0.089 -0.191
-0.153 -0.015 -0.170
-0.283 -0.113 -0.256
-0.277 -0.100 -0.300
-0.244 -0.104 -0.264
-0.164 -0.042 -0.207
-0.118 -0.018 -0.186
-0.096  0.005 -0.172
-0.148 -0.040 -0.190
-0.204 -0.065 -0.241
-0.182 -0.108 -0.400
-0.249 -0.107 -0.321
-0.143 -0.014 -0.256
-0.223 -0.106 -0.294
-0.141 -0.104 -0.277
-0.035 -0.007 -0.135
-0.011  0.013 -0.126
-0.057 -0.024 -0.191
-0.085 -0.010 -0.220
-0.099 -0.028 -0.210
 0.002  0.068 -0.175
-0.127 -0.064 -0.315
-0.138 -0.057 -0.318
-0.118 -0.044 -0.277
-0.185 -0.074 -0.314
-0.069  0.022 -0.266
-0.137 -0.049 -0.263
-0.194 -0.135 -0.373
-0.189 -0.085 -0.295
-0.164 -0.056 -0.274
-0.154 -0.057 -0.303
-0.079  0.013 -0.222
-0.102 -0.021 -0.276
-0.023  0.062 -0.220
-0.179 -0.063 -0.343
-0.111  0.002 -0.308
-0.155 -0.069 -0.327
-0.132 -0.048 -0.299
 0.003  0.018 -0.282
-0.048  0.017 -0.220
-0.112 -0.017 -0.288
-0.101 -0.019 -0.285
-0.033  0.049 -0.241
-0.155 -0.047 -0.339
-0.088  0.014 -0.319
-0.137 -0.037 -0.351
-0.113 -0.006 -0.307
-0.192 -0.069 -0.377
-0.163 -0.054 -0.399
-0.042  0.067 -0.292
-0.114 -0.026 -0.383
-0.090 -0.083 -0.480
-0.076  0.005 -0.331
-0.065  0.027 -0.293
-0.096  0.001 -0.298
-0.069  0.046 -0.276
-0.037  0.042 -0.213
 0.008  0.109 -0.175
-0.116  0.012 -0.271
-0.133 -0.007 -0.300
 0.006  0.040 -0.312
-0.084  0.005 -0.260
-0.093  0.013 -0.264
-0.074  0.024 -0.283
-0.094  0.011 -0.294
-0.063  0.043 -0.249
 0.024  0.135 -0.179
-0.007  0.095 -0.198
 0.037  0.150 -0.180
-0.028  0.087 -0.185
-0.024  0.113 -0.195
-0.113  0.046 -0.274
-0.132  0.014 -0.314
-0.085 -0.062 -0.409
-0.117  0.004 -0.285
-0.034  0.057 -0.233
-0.076  0.041 -0.276
-0.004  0.078 -0.239
-0.103 -0.021 -0.333
-0.121 -0.011 -0.362
-0.165 -0.046 -0.353
-0.026  0.074 -0.262
-0.147 -0.030 -0.325
-0.103  0.025 -0.336
-0.149 -0.038 -0.338
-0.155 -0.014 -0.383
-0.187 -0.040 -0.357
-0.206 -0.049 -0.413
-0.144 -0.027 -0.335
-0.123 -0.006 -0.319
-0.154 -0.046 -0.350
-0.174 -0.066 -0.392
-0.155 -0.076 -0.340
-0.146 -0.064 -0.329
-0.134 -0.135 -0.435
-0.118 -0.030 -0.277
-0.162 -0.051 -0.285
-0.089 -0.042 -0.233
-0.071  0.006 -0.192
-0.203 -0.127 -0.324
 0.032  0.049 -0.134
-0.032 -0.010 -0.187
 0.047  0.055 -0.148
 0.111  0.104 -0.054
 0.097  0.085 -0.059
 0.155  0.144 -0.002
 0.152  0.137  0.025
 0.126  0.089 -0.051
 0.108  0.113 -0.058
 0.160  0.136 -0.007
 0.158  0.166 -0.041
 0.128  0.103 -0.065
 0.193  0.167 -0.093
 0.162  0.108 -0.093
 0.113  0.093 -0.116
 0.056  0.039 -0.137
 0.042  0.021 -0.157
-0.020 -0.010 -0.175
-0.048 -0.017 -0.203
-0.056 -0.078 -0.295
-0.116 -0.052 -0.281
-0.151 -0.039 -0.277
-0.128 -0.034 -0.290
-0.080  0.016 -0.262
-0.155 -0.045 -0.308
-0.157 -0.071 -0.339
-0.105 -0.051 -0.273
-0.114 -0.033 -0.276
-0.105 -0.039 -0.282
-0.157 -0.055 -0.325
-0.040  0.029 -0.231
-0.145 -0.060 -0.345
-0.130 -0.004 -0.379
-0.192 -0.063 -0.377
-0.136 -0.031 -0.325
-0.130 -0.043 -0.306
-0.211 -0.086 -0.404
-0.151 -0.121 -0.474
-0.214 -0.079 -0.384
-0.198 -0.053 -0.357
-0.133 -0.015 -0.315
-0.080  0.044 -0.309
-0.134 -0.016 -0.308
-0.116  0.001 -0.301
-0.140  0.002 -0.284
-0.126 -0.015 -0.306
-0.171 -0.047 -0.341
-0.117  0.003 -0.275
-0.048  0.085 -0.260
-0.156 -0.037 -0.336
-0.172 -0.043 -0.350
-0.134 -0.084 -0.446
-0.168 -0.038 -0.345
-0.051  0.042 -0.244
-0.129 -0.025 -0.311
-0.093  0.036 -0.261
-0.150 -0.020 -0.255
-0.112  0.038 -0.259
-0.211 -0.051 -0.332
-0.212 -0.031 -0.335
-0.200 -0.032 -0.273
-0.160 -0.009 -0.223
-0.166 -0.040 -0.217
-0.164 -0.031 -0.172
-0.160 -0.006 -0.158
-0.187 -0.068 -0.183
-0.199 -0.071 -0.172
-0.098 -0.018 -0.076
 0.005  0.050  0.031
-0.006  0.047  0.058
 0.064  0.102  0.070
 0.019  0.043  0.055
 0.044  0.056  0.065
 0.057  0.027  0.045
-0.003  0.055  0.091
 0.046  0.106  0.147
 0.053  0.078  0.155
 0.027  0.086  0.156
 0.012  0.083  0.180
-0.061  0.017  0.107
-0.007  0.079  0.124
-0.185 -0.075 -0.011
-0.215 -0.073 -0.020
-0.171 -0.070 -0.000
-0.171 -0.036  0.068
-0.115  0.006  0.090
-0.278 -0.102 -0.067
-0.183 -0.032 -0.020
-0.141 -0.016  0.036
-0.073  0.018  0.063
-0.092 -0.099 -0.124
-0.151 -0.068 -0.011
-0.151 -0.028  0.022
-0.219 -0.072 -0.054
-0.135  0.003 -0.012
-0.125 -0.017 -0.006
-0.114  0.031 -0.021
-0.102  0.004  0.035
-0.107  0.019  0.001
-0.117 -0.011 -0.003
-0.143 -0.038 -0.042
-0.149 -0.033 -0.015
-0.236 -0.076 -0.071
-0.193 -0.128 -0.159
-0.258 -0.099 -0.101
-0.277 -0.131 -0.119
-0.255 -0.108 -0.050
-0.178 -0.050  0.037
-0.173 -0.054  0.048
-0.089  0.029  0.121
-0.090 -0.008  0.127
 0.003  0.082  0.166
-0.054  0.002  0.156
-0.003  0.027  0.220
 0.057  0.105  0.259
 0.005  0.029  0.260
 0.036  0.042  0.297
-0.057 -0.030  0.194
-0.200 -0.086  0.039
-0.200 -0.118  0.055
-0.217 -0.115  0.066
-0.194 -0.074  0.092
-0.276 -0.126  0.028
-0.141 -0.025  0.138
-0.210 -0.082  0.135
-0.239 -0.098  0.112
-0.237 -0.170  0.000
-0.174 -0.061  0.164
-0.260 -0.111  0.088
-0.229 -0.097  0.129
-0.126 -0.006  0.139
-0.145 -0.048  0.143
-0.121 -0.039  0.143
-0.127 -0.051  0.134
-0.079  0.003  0.194
-0.038  0.044  0.164
-0.114 -0.042  0.120
-0.165 -0.070  0.101
-0.187 -0.072  0.131
-0.115 -0.007  0.230
-0.191 -0.049  0.181
-0.083  0.050  0.236
-0.130 -0.043  0.221
-0.160 -0.058  0.167
-0.125 -0.040  0.201
-0.115 -0.027  0.230
-0.080 -0.086  0.082
-0.096 -0.042  0.202
-0.180 -0.144  0.047
-0.269 -0.157  0.024
-0.278 -0.168  0.015
-0.294 -0.161  0.013
-0.212 -0.091  0.076
-0.282 -0.156 -0.026
-0.198 -0.081  0.039
-0.223 -0.107  0.064
-0.190 -0.054  0.081
-0.225 -0.107  0.096
-0.198 -0.076  0.098
-0.200 -0.073  0.152
-0.213 -0.086  0.154
-0.237 -0.110  0.106
-0.404 -0.228 -0.087
-0.390 -0.189 -0.045
-0.303 -0.150  0.017
-0.260 -0.160  0.025
-0.289 -0.192 -0.042
-0.156 -0.097  0.071
-0.218 -0.142  0.044
-0.078  0.003  0.176
-0.171 -0.076  0.092
 0.051  0.070  0.277
-0.031 -0.021  0.233
-0.075 -0.046  0.179
-0.165 -0.082  0.147
-0.173 -0.093  0.168
-0.101 -0.073  0.090
-0.075 -0.038  0.249
-0.053 -0.028  0.250
-0.085 -0.041  0.209
 0.063  0.066  0.284
 0.020 -0.004  0.237
-0.008 -0.000  0.184
 0.020  0.003  0.212
 0.096  0.075  0.298
 0.043  0.035  0.256
-0.019  0.008  0.207
-0.086 -0.024  0.205
-0.097 -0.045  0.190
-0.026  0.038  0.246
-0.023 -0.012  0.184
 0.019  0.069  0.255
 0.003  0.048  0.313
 0.034  0.045  0.315
 0.013  0.042  0.297
-0.013  0.027  0.245
-0.045  0.008  0.200
 0.144  0.147  0.329
 0.114  0.077  0.301
 0.144  0.103  0.318
 0.093  0.061  0.252
-0.056 -0.021  0.155
-0.128 -0.046  0.119
-0.124 -0.036  0.102
-0.050 -0.080  0.028
-0.008  0.025  0.196
 0.022  0.022  0.182
-0.081 -0.033  0.090
 0.043  0.055  0.237
-0.016  0.001  0.189
-0.035  0.005  0.175
-0.129 -0.063  0.146
-0.069  0.007  0.181
-0.108 -0.062  0.142
-0.139 -0.054  0.022
-0.122 -0.077  0.093
-0.079 -0.031  0.095
-0.208 -0.123  0.003
-0.243 -0.161 -0.073
-0.205 -0.144 -0.011
-0.172 -0.138  0.001
-0.110 -0.135  0.004
-0.146 -0.082  0.060
-0.127 -0.058  0.061
-0.109 -0.047  0.057
-0.024  0.027  0.103
-0.098 -0.061  0.052
-0.043 -0.039  0.099
 0.013 -0.070 -0.062
-0.093 -0.081  0.017
-0.138 -0.132 -0.053
-0.128 -0.068  0.039
-0.105 -0.017  0.075
-0.102 -0.028  0.073
-0.024  0.057  0.143
-0.052 -0.016  0.117
-0.037  0.017  0.072
-0.034  0.011  0.099
-0.034  0.014  0.081
-0.075 -0.034  0.016
-0.082 -0.051  0.011
-0.127 -0.075 -0.004
-0.135 -0.067  0.022
-0.137 -0.065  0.020
-0.193 -0.110 -0.017
-0.132 -0.057  0.033
-0.237 -0.149 -0.038
-0.214 -0.111 -0.041
-0.259 -0.171 -0.064
-0.187 -0.123 -0.019
-0.218 -0.143 -0.043
-0.183 -0.125 -0.034
-0.193 -0.123 -0.015
-0.052  0.019  0.099
-0.040  0.005  0.156
 0.019  0.036  0.172
-0.064 -0.021  0.093
-0.070 -0.021  0.064
-0.118 -0.036  0.058
-0.048  0.017  0.134
-0.024  0.058  0.166
-0.109 -0.041  0.092
-0.284 -0.229 -0.162
-0.332 -0.185 -0.094
-0.188 -0.093  0.015
-0.245 -0.133 -0.039
-0.242 -0.085 -0.073
-0.164 -0.048  0.049
-0.087  0.006  0.127
 0.060  0.078  0.133
-0.073  0.021  0.098
-0.107 -0.013  0.052
-0.079 -0.013  0.052
-0.144 -0.025 -0.016
-0.272 -0.113 -0.098
-0.185 -0.052 -0.047
-0.119  0.027 -0.004
-0.257 -0.091 -0.104
-0.215 -0.067 -0.065
-0.204 -0.050 -0.025
-0.171  0.008 -0.044
-0.284 -0.088 -0.109
-0.192 -0.040 -0.022
-0.229 -0.163 -0.196
-0.297 -0.122 -0.129
-0.294 -0.107 -0.138
-0.336 -0.148 -0.169
-0.196 -0.047 -0.046
-0.204 -0.086 -0.051
-0.284 -0.138 -0.148
-0.189 -0.128 -0.227
-0.230 -0.124 -0.098
-0.289 -0.107 -0.030
-0.314 -0.144 -0.098
-0.360 -0.189 -0.107
-0.333 -0.234 -0.135
-0.311 -0.158 -0.008
-0.193 -0.067  0.036
-0.202 -0.109  0.045
-0.260 -0.147 -0.011
-0.185 -0.164 -0.092
-0.247 -0.118  0.022
-0.211 -0.071  0.058
-0.215 -0.103  0.035
-0.152 -0.025  0.044
-0.243 -0.124  0.012
-0.248 -0.112 -0.038
-0.216 -0.101  0.018
-0.209 -0.119  0.000
-0.232 -0.133  0.020
-0.291 -0.168  0.069
-0.192 -0.143  0.095
-0.183 -0.106  0.126
-0.138 -0.059  0.141
-0.183 -0.119  0.106
-0.214 -0.119  0.084
-0.209 -0.115  0.129
-0.122 -0.068  0.160
-0.125 -0.097  0.141
-0.188 -0.127  0.084
-0.144 -0.072  0.132
-0.218 -0.143  0.072
-0.110 -0.045  0.110
-0.196 -0.120  0.062
-0.162 -0.112  0.090
-0.148 -0.092  0.109
-0.172 -0.113  0.109
-0.085 -0.082  0.045
-0.239 -0.159  0.010
-0.244 -0.216 -0.053
-0.231 -0.144  0.041
-0.180 -0.111  0.097
-0.175 -0.108  0.137
-0.126 -0.041  0.099
-0.217 -0.132  0.048
-0.150 -0.059  0.078
-0.104 -0.045  0.154
-0.126 -0.055  0.078
-0.214 -0.111 -0.006
-0.225 -0.105  0.025
-0.105  0.033  0.150
-0.192 -0.070  0.072
-0.149 -0.102  0.004
-0.166 -0.073  0.030
-0.060  0.003  0.147
-0.119 -0.033  0.091
-0.081  0.021  0.133
-0.107 -0.013  0.094
-0.042  0.048  0.145
-0.122 -0.030  0.084
-0.010  0.075  0.148
-0.070  0.010  0.152
-0.046  0.003  0.082
-0.014  0.018  0.131
-0.036  0.003  0.115
-0.107 -0.051  0.059
 0.023  0.026  0.112
-0.002  0.010  0.121
-0.016  0.031  0.127
-0.036  0.019  0.095
-0.015  0.027  0.092
-0.041  0.020  0.127
-0.086 -0.019  0.091
-0.004 -0.064  0.010
-0.056 -0.025  0.092
-0.056 -0.044  0.082
-0.143 -0.092  0.030
-0.082 -0.006  0.104
-0.132 -0.074  0.045
-0.017  0.026  0.063
-0.143 -0.083  0.000
-0.153 -0.069  0.026
-0.147 -0.059  0.063
-0.103 -0.050  0.020
-0.166 -0.036 -0.061
-0.094 -0.029  0.047
-0.051  0.017  0.104
-0.028  0.032  0.181
-0.076  0.022  0.088
-0.166 -0.071  0.040
-0.179 -0.071  0.078
-0.089  0.040  0.135
-0.160 -0.053  0.043
-0.066 -0.029  0.078
-0.097 -0.027  0.156
-0.017  0.052  0.210
-0.041 -0.016  0.153
-0.030  0.011  0.141
-0.143 -0.077  0.087
-0.122 -0.073  0.040
-0.067 -0.128 -0.046
-0.056 -0.027  0.128
-0.046  0.005  0.139
-0.041 -0.008  0.114
 0.053  0.068  0.191
-0.070 -0.051  0.103
 0.028  0.049  0.144
 0.008  0.013  0.132
-0.037 -0.007  0.119
-0.121 -0.064  0.065
-0.113 -0.060  0.042
-0.161 -0.115 -0.039
-0.181 -0.102  0.002
-0.129 -0.033  0.025
-0.079 -0.024  0.061
-0.022  0.048  0.063
-0.168 -0.092 -0.054
-0.066  0.014  0.020
-0.118 -0.050  0.025
-0.068 -0.010  0.079
-0.003  0.045  0.040
-0.096 -0.038  0.013
-0.077 -0.034  0.054
-0.210 -0.136 -0.035
-0.143 -0.043 -0.014
-0.224 -0.137 -0.043
-0.106 -0.056  0.052
 0.010 -0.085 -0.046
-0.099 -0.036 -0.046
-0.026  0.051  0.004
-0.207 -0.091 -0.189
-0.114 -0.030 -0.134
-0.023 -0.059 -0.229
-0.097 -0.021 -0.098
-0.177 -0.050 -0.186
-0.238 -0.080 -0.238
-0.192 -0.033 -0.219
-0.136 -0.040 -0.231
-0.143 -0.013 -0.227
-0.155 -0.015 -0.306
-0.132  0.027 -0.262
-0.147 -0.018 -0.313
-0.295 -0.057 -0.327
-0.293 -0.097 -0.239
-0.363 -0.173 -0.323
-0.169 -0.017 -0.189
-0.240 -0.100 -0.219
-0.217 -0.085 -0.240
-0.273 -0.132 -0.294
-0.286 -0.162 -0.321
-0.184 -0.071 -0.259
-0.255 -0.161 -0.289
-0.284 -0.178 -0.329
-0.254 -0.163 -0.280
-0.274 -0.206 -0.319
-0.224 -0.146 -0.280
-0.144 -0.312 -0.293
-0.117 -0.301 -0.288
-0.272 -0.221 -0.284
-0.322 -0.231 -0.278
-0.147 -0.100 -0.159
-0.208 -0.190 -0.337
-0.245 -0.166 -0.211
-0.310 -0.206 -0.271
-0.287 -0.215 -0.241
-0.203 -0.138 -0.181
-0.241 -0.181 -0.215
-0.110 -0.066 -0.113
-0.187 -0.158 -0.131
-0.136 -0.071 -0.101
-0.339 -0.238 -0.210
-0.246 -0.161 -0.147
-0.274 -0.224 -0.176
-0.224 -0.193 -0.140
-0.234 -0.205 -0.145
-0.198 -0.169 -0.120
-0.214 -0.227 -0.239
-0.240 -0.173 -0.102
-0.085 -0.060  0.017
-0.109 -0.081 -0.043
-0.087 -0.047 -0.007
-0.165 -0.133 -0.069
-0.074 -0.015 -0.009
-0.241 -0.157 -0.105
-0.180 -0.141 -0.068
-0.140 -0.224 -0.237
-0.100 -0.102 -0.029
-0.132 -0.129 -0.065
-0.175 -0.151 -0.103
-0.167 -0.122 -0.031
-0.160 -0.145 -0.038
 0.045  0.000  0.043
-0.082 -0.107 -0.007
-0.078 -0.068 -0.004
-0.241 -0.203 -0.131
-0.150 -0.241 -0.181
-0.135 -0.152 -0.024
-0.072 -0.113  0.014
-0.119 -0.132 -0.023
-0.123 -0.114 -0.006
-0.149 -0.125 -0.025
-0.105 -0.069  0.011
-0.054 -0.056  0.035
-0.132 -0.115 -0.040
-0.172 -0.139 -0.077
-0.125 -0.079 -0.001
-0.144 -0.114 -0.039
-0.054 -0.017  0.028
-0.146 -0.113 -0.061
-0.086 -0.057 -0.003
-0.212 -0.161 -0.103
-0.142 -0.081 -0.012
-0.115 -0.075 -0.016
-0.115 -0.034 -0.032
-0.212 -0.132 -0.096
-0.104 -0.034 -0.023
-0.251 -0.158 -0.141
-0.145 -0.062 -0.112
-0.244 -0.187 -0.164
-0.131 -0.101 -0.070
-0.165 -0.129 -0.051
-0.133 -0.096 -0.017
-0.077 -0.075  0.003
-0.145 -0.118 -0.085
-0.235 -0.182 -0.146
-0.169 -0.108 -0.057
-0.227 -0.148 -0.081
-0.212 -0.154 -0.094
-0.207 -0.257 -0.220
-0.177 -0.136 -0.086
-0.223 -0.205 -0.161
-0.176 -0.125 -0.043
-0.191 -0.126 -0.042
-0.172 -0.120 -0.043
-0.119 -0.054  0.003
-0.189 -0.140 -0.056
-0.036  0.031  0.087
-0.179 -0.099 -0.005
-0.158 -0.086 -0.052
-0.146 -0.120 -0.064
-0.001  0.004  0.091
-0.174 -0.116 -0.031
-0.183 -0.113 -0.042
-0.180 -0.102 -0.036
-0.196 -0.126 -0.071
-0.149 -0.103 -0.036
-0.121 -0.088 -0.015
-0.192 -0.130 -0.040
-0.144 -0.085 -0.013
-0.211 -0.226 -0.206
-0.168 -0.134 -0.088
-0.181 -0.156 -0.120
-0.105 -0.087 -0.000
-0.086 -0.054  0.034
-0.137 -0.124 -0.027
-0.182 -0.127 -0.068
-0.171 -0.138 -0.092
-0.122 -0.076 -0.002
-0.173 -0.135 -0.046
-0.076 -0.041  0.044
-0.112 -0.110 -0.007
 0.027  0.007  0.090
-0.109 -0.102 -0.016
 0.038  0.007  0.058
-0.023 -0.082  0.032
 0.022 -0.067  0.035
-0.032 -0.109  0.003
-0.142 -0.166 -0.092
-0.138 -0.132 -0.036
-0.079 -0.095  0.016
-0.026 -0.172 -0.119
-0.057 -0.098  0.019
-0.093 -0.194 -0.127
-0.129 -0.125 -0.003
-0.135 -0.121  0.014
-0.137 -0.142 -0.022
-0.104 -0.116 -0.025
-0.078 -0.131 -0.006
-0.052 -0.068  0.042
-0.046 -0.078  0.072
 0.022 -0.007  0.090
-0.059 -0.108  0.008
 0.010 -0.047  0.073
-0.115 -0.092  0.014
-0.109 -0.078  0.023
-0.112 -0.086  0.032
-0.184 -0.153 -0.055
-0.092 -0.065 -0.036
-0.148 -0.163 -0.083
-0.135 -0.138 -0.059
-0.104 -0.094  0.029
-0.092 -0.113  0.009
 0.055 -0.070 -0.049
-0.056 -0.123  0.012
-0.072 -0.117  0.042
-0.021 -0.071  0.068
 0.076  0.033  0.125
-0.043 -0.087 -0.002
-0.155 -0.163 -0.074
-0.185 -0.156 -0.078
-0.121 -0.077  0.002
-0.151 -0.128 -0.081
-0.077 -0.135 -0.187
-0.081 -0.097 -0.026
-0.023 -0.014 -0.029
-0.082 -0.042  0.063
-0.083 -0.063  0.013
-0.089 -0.055  0.031
-0.164 -0.124 -0.029
-0.076 -0.062  0.044
-0.066 -0.042  0.067
-0.080 -0.072  0.043
 0.016  0.020  0.083
-0.077 -0.078  0.011
 0.008 -0.002  0.064
-0.066 -0.075  0.045
-0.003 -0.011  0.054
-0.058 -0.060  0.053
-0.010 -0.024  0.055
-0.053 -0.070  0.044
-0.096 -0.098 -0.024
-0.134 -0.125 -0.018
-0.070 -0.033  0.033
-0.160 -0.095  0.016
-0.059 -0.016  0.055
-0.145 -0.072 -0.000
-0.036  0.020  0.062
-0.077 -0.031  0.075
 0.025  0.068  0.150
-0.039 -0.021  0.099
-0.015  0.013  0.122
 0.018 -0.015  0.238
 0.225  0.209  0.484
 0.069  0.067  0.365
 0.065  0.067  0.324
 0.031  0.028  0.309
 0.006  0.001  0.254
 0.021  0.019  0.343
-0.034 -0.016  0.284
 0.056 -0.060  0.178
 0.039  0.003  0.291
 0.018  0.043  0.322
 0.022  0.036  0.285
-0.112 -0.123  0.014
-0.102 -0.046  0.096
-0.014  0.031  0.165
-0.075 -0.020  0.155
-0.083  0.041  0.149
-0.102  0.006  0.138
-0.068  0.045  0.173
-0.186 -0.105  0.173
-0.251 -0.175  0.073
-0.325 -0.334 -0.040
-0.326 -0.280 -0.123
-0.027 -0.062  0.184
-0.081 -0.114  0.063
-0.115 -0.094 -0.096
-0.163 -0.152 -0.158
-0.183 -0.180 -0.142
-0.128 -0.146 -0.130
-0.089 -0.092 -0.136
-0.063 -0.069 -0.081
-0.092 -0.089 -0.035
 0.071  0.012  0.086
 0.181  0.092  0.196
 0.022 -0.032  0.141
 0.033 -0.028  0.127
 0.019  0.015  0.056
-0.243 -0.109 -0.204
-0.210 -0.022 -0.098
-0.310 -0.117 -0.211
-0.212 -0.039 -0.103
-0.220 -0.038 -0.125
-0.334 -0.132 -0.242
-0.250 -0.065 -0.132
-0.308 -0.087 -0.138
-0.397 -0.151 -0.234
-0.304 -0.098 -0.200
-0.208 -0.136 -0.238
-0.163 -0.024 -0.037
-0.270 -0.061 -0.101
-0.135  0.013  0.043
-0.105  0.031 -0.000
-0.218 -0.060 -0.077
-0.149 -0.003  0.021
-0.107  0.077  0.051
-0.075  0.043  0.059
 0.074  0.032 -0.017
 0.101  0.138  0.180
 0.134  0.132  0.226
 0.185  0.170  0.285
 0.095  0.142  0.204
 0.096  0.131  0.188
 0.069  0.132  0.126
-0.044  0.024  0.051
 0.051  0.133  0.102
-0.080  0.024  0.043
-0.052  0.043  0.050
-0.185 -0.049 -0.086
-0.268 -0.114 -0.158
-0.230 -0.073 -0.057
-0.262 -0.092 -0.091
-0.193 -0.011 -0.044
-0.119 -0.016  0.013
-0.150 -0.154 -0.235
-0.290 -0.155 -0.177
-0.246 -0.176 -0.189
-0.230 -0.091 -0.076
-0.227 -0.084 -0.083
-0.286 -0.140 -0.138
-0.265 -0.125 -0.133
-0.226 -0.127 -0.065
-0.116 -0.031  0.013
-0.186 -0.109 -0.031
-0.226 -0.128 -0.110
-0.150 -0.119 -0.043
-0.098 -0.087  0.004
-0.079 -0.146 -0.119
-0.106 -0.079  0.024
-0.137 -0.098 -0.020
-0.161 -0.132 -0.065
 0.016 -0.000  0.122
-0.083 -0.057  0.069
-0.066 -0.018  0.038
-0.117 -0.082  0.008
-0.073 -0.068  0.017
-0.120 -0.102 -0.007
-0.052 -0.037  0.037
-0.077 -0.078 -0.006
-0.059 -0.025  0.039
-0.028  0.000  0.085
-0.141 -0.096 -0.047
-0.068 -0.018  0.049
-0.079 -0.050  0.052
 0.025  0.048  0.097
-0.168 -0.114 -0.071
-0.050 -0.044  0.017
 0.018 -0.007  0.101
 0.016  0.011  0.114
-0.031 -0.007  0.066
-0.027 -0.020  0.027
 0.045 -0.068 -0.071
-0.038 -0.021  0.047
 0.014  0.012  0.095
-0.025 -0.035  0.025
-0.027 -0.036  0.025
-0.020 -0.051  0.013
 0.045  0.021  0.101
-0.047 -0.059  0.024
 0.064  0.044  0.109
-0.092 -0.107 -0.007
 0.030  0.002  0.091
-0.025 -0.062  0.048
-0.066 -0.079  0.037
-0.043 -0.068  0.080
 0.004 -0.033  0.119
-0.045 -0.037  0.103
-0.044 -0.044  0.064
-0.000 -0.034  0.085
-0.038 -0.036  0.086
-0.053 -0.037  0.082
-0.113 -0.076  0.038
-0.019  0.016  0.102
-0.071 -0.048  0.063
 0.029  0.038  0.087
-0.077 -0.058  0.041
-0.011  0.023  0.058
-0.086 -0.044  0.023
-0.134 -0.066 -0.042
-0.034 -0.028  0.048
-0.143 -0.079 -0.041
-0.149 -0.080 -0.034
-0.099 -0.044  0.010
-0.099 -0.103 -0.088
-0.030  0.010  0.074
-0.063 -0.014  0.024
-0.118 -0.047 -0.006
-0.069  0.017  0.006
-0.130 -0.035 -0.032
-0.132 -0.024 -0.023
 0.018  0.047 -0.018
 0.028  0.046  0.120
 0.012  0.021  0.094
-0.033 -0.003  0.088
-0.049  0.030  0.066
-0.126 -0.065 -0.031
-0.102 -0.022 -0.033
-0.156 -0.084 -0.018
-0.089 -0.007 -0.011
-0.199 -0.123 -0.077
-0.123 -0.059 -0.045
-0.152 -0.105 -0.038
-0.081 -0.015 -0.025
-0.170 -0.101 -0.070
-0.101 -0.067 -0.027
-0.168 -0.109 -0.083
-0.196 -0.120 -0.116
-0.329 -0.202 -0.219
-0.332 -0.218 -0.242
-0.332 -0.198 -0.202
-0.328 -0.202 -0.241
-0.335 -0.210 -0.253
-0.361 -0.220 -0.256
-0.347 -0.189 -0.216
-0.378 -0.223 -0.252
-0.236 -0.095 -0.165
-0.345 -0.200 -0.263
-0.310 -0.150 -0.226
-0.308 -0.146 -0.203
-0.267 -0.126 -0.168
-0.307 -0.154 -0.197
-0.335 -0.175 -0.216
-0.284 -0.115 -0.154
-0.272 -0.135 -0.117
-0.196 -0.079 -0.064
-0.214 -0.120 -0.090
-0.175 -0.102 -0.073
-0.164 -0.127 -0.096
-0.126 -0.073 -0.012
-0.171 -0.055 -0.048
-0.233 -0.145 -0.088
-0.183 -0.099 -0.073
-0.205 -0.123 -0.061
-0.177 -0.090 -0.019
-0.119 -0.020 -0.013
-0.263 -0.159 -0.106
-0.211 -0.161 -0.212
-0.331 -0.214 -0.180
-0.322 -0.216 -0.192
-0.271 -0.182 -0.147
-0.212 -0.156 -0.087
-0.267 -0.200 -0.136
-0.193 -0.120 -0.063
-0.221 -0.160 -0.074
-0.206 -0.152 -0.105
-0.248 -0.201 -0.121
-0.260 -0.193 -0.112
-0.181 -0.247 -0.178
-0.271 -0.205 -0.135
-0.204 -0.147 -0.060
-0.234 -0.175 -0.104
-0.180 -0.131 -0.071
-0.134 -0.149 -0.194
-0.142 -0.137 -0.057
-0.148 -0.136 -0.049
-0.143 -0.137 -0.049
-0.087 -0.066 -0.025
-0.155 -0.133 -0.056
-0.122 -0.120 -0.048
-0.169 -0.147 -0.088
-0.134 -0.138 -0.074
-0.206 -0.173 -0.108
-0.130 -0.123 -0.055
-0.048 -0.081 -0.102
-0.121 -0.129 -0.051
-0.116 -0.159 -0.184
-0.206 -0.194 -0.098
-0.157 -0.108 -0.026
-0.177 -0.161 -0.046
-0.178 -0.255 -0.195
-0.102 -0.124  0.021
-0.127 -0.232 -0.170
-0.118 -0.132 -0.001
-0.129 -0.207 -0.146
-0.146 -0.144  0.003
-0.173 -0.174 -0.038
-0.122 -0.156 -0.008
-0.154 -0.226 -0.084
-0.144 -0.159  0.001
-0.137 -0.174 -0.025
-0.128 -0.160  0.003
-0.146 -0.165 -0.019
-0.140 -0.161 -0.025
-0.115 -0.112  0.019
-0.175 -0.150 -0.062
-0.100 -0.074  0.005
-0.229 -0.194 -0.135
-0.162 -0.140 -0.057
-0.158 -0.166 -0.077
-0.181 -0.143 -0.064
-0.186 -0.156 -0.078
-0.165 -0.150 -0.078
-0.180 -0.186 -0.110
-0.139 -0.154 -0.066
-0.146 -0.126 -0.044
-0.084 -0.087 -0.006
-0.125 -0.144 -0.082
-0.126 -0.136 -0.064
-0.154 -0.161 -0.091
-0.126 -0.125 -0.035
-0.167 -0.170 -0.069
-0.031 -0.057  0.034
-0.124 -0.154 -0.031
-0.059 -0.088  0.006
-0.172 -0.168 -0.036
-0.117 -0.093  0.024
-0.101 -0.114  0.035
-0.057 -0.046  0.063
-0.175 -0.159 -0.027
-0.079 -0.059  0.043
-0.166 -0.143 -0.038
-0.177 -0.131 -0.045
-0.191 -0.174 -0.048
-0.194 -0.163 -0.057
-0.148 -0.172 -0.026
-0.105 -0.120 -0.002
-0.149 -0.167 -0.027
-0.020 -0.037  0.043
-0.124 -0.146 -0.038
-0.118 -0.105 -0.062
-0.099 -0.097 -0.009
-0.044 -0.046  0.034
-0.028 -0.040  0.063
-0.088 -0.074 -0.004
-0.118 -0.093 -0.021
-0.133 -0.102 -0.028
-0.104 -0.083  0.013
-0.097 -0.073  0.014
-0.087 -0.065  0.021
-0.124 -0.113 -0.057
-0.106 -0.100 -0.040
-0.134 -0.088 -0.045
-0.134 -0.032  0.025
-0.167 -0.086 -0.025
-0.046 -0.006 -0.008
-0.186 -0.106 -0.023
-0.199 -0.181 -0.102
-0.204 -0.136 -0.063
-0.146 -0.096 -0.080
-0.125 -0.113 -0.103
-0.081 -0.053 -0.066
-0.167 -0.135 -0.141
-0.068 -0.032 -0.105
-0.108 -0.098 -0.090
-0.088 -0.059 -0.043
-0.158 -0.115 -0.077
-0.139 -0.086 -0.032
-0.138 -0.159 -0.125
-0.179 -0.110 -0.064
-0.230 -0.135 -0.090
-0.230 -0.131 -0.072
-0.121 -0.040  0.014
-0.119 -0.075  0.018
-0.103 -0.039 -0.007
-0.084 -0.074  0.022
-0.015  0.010  0.030
-0.109 -0.085 -0.023
-0.074 -0.077 -0.026
-0.115 -0.083  0.005
-0.145 -0.113 -0.045
-0.126 -0.100 -0.014
-0.096 -0.079  0.003
-0.055 -0.026  0.032
-0.083 -0.059  0.006
-0.033 -0.005 -0.004
-0.130 -0.085 -0.056
-0.162 -0.108 -0.114
-0.117 -0.072 -0.041
-0.094 -0.055 -0.044
-0.095 -0.150 -0.225
-0.082 -0.048 -0.034
-0.122 -0.144 -0.146
-0.148 -0.113 -0.103
-0.152 -0.099 -0.090
-0.135 -0.108 -0.082
-0.117 -0.080 -0.074
-0.173 -0.141 -0.111
-0.071 -0.041 -0.063
-0.124 -0.097 -0.069
-0.116 -0.085 -0.059
-0.106 -0.106 -0.051
-0.076 -0.079 -0.027
-0.140 -0.133 -0.070
-0.109 -0.125 -0.078
-0.100 -0.092 -0.070
-0.137 -0.165 -0.134
-0.125 -0.142 -0.064
-0.160 -0.174 -0.090
-0.145 -0.259 -0.212
-0.107 -0.148 -0.086
-0.041 -0.154 -0.219
-0.087 -0.107 -0.101
-0.073 -0.186 -0.229
-0.097 -0.110 -0.143
-0.112 -0.092 -0.172
-0.127 -0.098 -0.230
-0.088 -0.006 -0.169
-0.177 -0.065 -0.232
-0.097 -0.009 -0.173
-0.113 -0.064 -0.192
-0.136 -0.085 -0.225
-0.148 -0.107 -0.213
-0.108 -0.090 -0.190
-0.102 -0.098 -0.181
-0.036 -0.069 -0.143
-0.091 -0.106 -0.175
-0.044 -0.086 -0.140
-0.109 -0.112 -0.160
-0.074 -0.090 -0.127
-0.088 -0.119 -0.145
-0.126 -0.137 -0.187
-0.156 -0.162 -0.165
-0.067 -0.078 -0.085
-0.184 -0.171 -0.161
-0.161 -0.156 -0.149
-0.082 -0.097 -0.074
-0.101 -0.119 -0.124
-0.012 -0.056 -0.015
-0.042 -0.062 -0.022
-0.100 -0.102 -0.075
-0.140 -0.131 -0.121
-0.228 -0.199 -0.150
-0.201 -0.179 -0.122
-0.221 -0.172 -0.088
-0.114 -0.112 -0.007
-0.167 -0.228 -0.249
-0.243 -0.199 -0.153
-0.170 -0.102 -0.086
-0.218 -0.169 -0.100
-0.178 -0.231 -0.213
-0.242 -0.191 -0.131
-0.197 -0.256 -0.285
-0.273 -0.207 -0.142
-0.205 -0.234 -0.224
-0.268 -0.205 -0.113
-0.247 -0.208 -0.113
-0.313 -0.248 -0.175
-0.250 -0.207 -0.110
-0.221 -0.203 -0.108
-0.209 -0.170 -0.053
-0.225 -0.187 -0.077
-0.188 -0.124 -0.037
-0.175 -0.155 -0.055
-0.247 -0.176 -0.140
-0.308 -0.239 -0.159
-0.220 -0.156 -0.119
-0.263 -0.213 -0.105
-0.290 -0.202 -0.174
-0.219 -0.190 -0.066
-0.110 -0.092 -0.013
-0.202 -0.167 -0.033
-0.256 -0.196 -0.106
-0.270 -0.249 -0.086
-0.298 -0.243 -0.084
-0.387 -0.333 -0.139
-0.330 -0.268 -0.099
-0.233 -0.197 -0.061
-0.255 -0.244 -0.067
-0.205 -0.214 -0.015
-0.190 -0.190  0.039
-0.200 -0.199 -0.026
-0.194 -0.184 -0.069
-0.232 -0.212 -0.042
-0.065 -0.115  0.112
-0.072 -0.113  0.112
-0.010 -0.092  0.144
 0.006 -0.052  0.138
-0.071 -0.122  0.100
-0.123 -0.153  0.044
-0.170 -0.212 -0.018
-0.103 -0.126  0.091
-0.212 -0.176 -0.014
-0.227 -0.208 -0.015
-0.288 -0.239 -0.113
-0.170 -0.123 -0.053
-0.172 -0.167  0.024
-0.106 -0.119  0.105
-0.196 -0.194  0.019
-0.127 -0.123  0.044
-0.126 -0.170  0.090
-0.013 -0.064  0.169
-0.058 -0.088  0.145
-0.174 -0.160  0.032
-0.217 -0.143  0.010
-0.206 -0.187 -0.018
-0.161 -0.140  0.056
-0.198 -0.162 -0.013
-0.183 -0.244 -0.192
-0.374 -0.266 -0.188
-0.318 -0.286 -0.203
-0.372 -0.256 -0.174
-0.358 -0.244 -0.146
-0.253 -0.185 -0.032
-0.248 -0.157 -0.051
-0.366 -0.255 -0.185
-0.248 -0.179 -0.129
-0.335 -0.276 -0.156
-0.147 -0.152  0.009
-0.212 -0.220 -0.003
-0.219 -0.211 -0.051
-0.225 -0.210 -0.059
-0.127 -0.137  0.024
-0.037 -0.090  0.112
-0.102 -0.129  0.047
-0.056 -0.081  0.122
-0.101 -0.131  0.058
-0.125 -0.162  0.060
-0.061 -0.135  0.085
 0.076 -0.110  0.043
-0.112 -0.154  0.016
-0.005 -0.104  0.046
-0.051 -0.098  0.029
-0.014 -0.049  0.088
-0.001 -0.039  0.119
-0.048 -0.067  0.070
-0.114 -0.124 -0.011
-0.005 -0.068  0.075
-0.056 -0.074  0.041
-0.111 -0.083  0.014
-0.066 -0.065  0.041
-0.029 -0.023  0.076
 0.027  0.018  0.123
 0.039  0.030  0.119
 0.074  0.033  0.169
 0.196  0.128  0.286
 0.170  0.091  0.273
 0.139  0.089  0.198
-0.042 -0.065  0.062
-0.019 -0.016  0.060
-0.036 -0.047  0.060
-0.142 -0.109 -0.050
-0.214 -0.135 -0.084
-0.125 -0.058 -0.005
-0.133 -0.044 -0.018
-0.130 -0.066 -0.048
-0.136 -0.143 -0.159
-0.046 -0.015  0.031
-0.010  0.019  0.079
-0.011 -0.018  0.038
 0.063  0.054  0.141
 0.013  0.037  0.171
-0.063  0.022  0.114
-0.094 -0.031  0.079
-0.069 -0.002  0.038
-0.142 -0.083  0.023
-0.069 -0.003  0.049
-0.242 -0.136 -0.066
-0.123 -0.071 -0.023
-0.155 -0.128 -0.048
-0.065 -0.056 -0.018
-0.091 -0.090 -0.050
-0.007 -0.010 -0.016
-0.225 -0.184 -0.165
-0.089 -0.094 -0.067
-0.183 -0.164 -0.144
-0.148 -0.125 -0.107
-0.094 -0.087 -0.060
-0.155 -0.130 -0.123
-0.122 -0.109 -0.074
-0.158 -0.139 -0.131
-0.084 -0.024 -0.045
-0.166 -0.119 -0.113
-0.184 -0.139 -0.140
-0.161 -0.128 -0.124
-0.190 -0.170 -0.164
-0.190 -0.136 -0.139
-0.152 -0.183 -0.257
-0.216 -0.154 -0.166
-0.185 -0.242 -0.288
-0.176 -0.155 -0.134
-0.128 -0.086 -0.058
-0.185 -0.156 -0.117
-0.238 -0.165 -0.178
-0.327 -0.282 -0.264
-0.236 -0.233 -0.169
-0.178 -0.190 -0.121
-0.157 -0.173 -0.082
-0.253 -0.224 -0.181
-0.208 -0.207 -0.133
-0.142 -0.153 -0.065
-0.155 -0.177 -0.085
-0.116 -0.146 -0.057
-0.144 -0.150 -0.060
-0.109 -0.136 -0.045
-0.136 -0.154 -0.066
-0.100 -0.138 -0.091
-0.155 -0.183 -0.115
 0.009 -0.046 -0.011
-0.049 -0.117 -0.012
-0.032 -0.083 -0.035
-0.145 -0.186 -0.092
-0.026 -0.077 -0.031
-0.069 -0.104  0.005
-0.026 -0.015  0.003
-0.137 -0.092 -0.032
-0.120 -0.036 -0.061
-0.164 -0.093 -0.058
-0.079 -0.001  0.014
-0.219 -0.112 -0.088
-0.213 -0.100 -0.075
-0.148 -0.097 -0.047
-0.123 -0.073 -0.003
-0.137 -0.122 -0.047
-0.092 -0.177 -0.101
-0.050 -0.087  0.056
-0.190 -0.188 -0.097
-0.176 -0.166 -0.105
-0.139 -0.157 -0.102
-0.160 -0.139 -0.071
-0.147 -0.209 -0.173
-0.185 -0.159 -0.069
-0.153 -0.183 -0.085
-0.153 -0.141 -0.035
-0.162 -0.260 -0.245
-0.109 -0.155 -0.074
-0.113 -0.135 -0.032
-0.083 -0.119 -0.018
-0.117 -0.117 -0.007
-0.259 -0.187 -0.171
-0.235 -0.202 -0.158
-0.423 -0.371 -0.312
-0.180 -0.268 -0.141
-0.504 -0.459 -0.364
-0.464 -0.458 -0.445
-0.531 -0.463 -0.403
-0.439 -0.404 -0.294
-0.444 -0.416 -0.337
-0.430 -0.385 -0.331
-0.470 -0.443 -0.361
-0.425 -0.375 -0.322
-0.538 -0.471 -0.379
-0.525 -0.470 -0.418
-0.580 -0.494 -0.436
-0.618 -0.525 -0.452
-0.570 -0.591 -0.538
-0.631 -0.547 -0.442
-0.570 -0.494 -0.366
-0.461 -0.445 -0.331
-0.354 -0.346 -0.260
-0.437 -0.420 -0.290
-0.310 -0.313 -0.190
-0.332 -0.327 -0.185
-0.249 -0.284 -0.166
-0.250 -0.384 -0.319
-0.247 -0.302 -0.185
-0.241 -0.374 -0.254
-0.299 -0.327 -0.196
-0.272 -0.315 -0.174
-0.264 -0.320 -0.185
-0.221 -0.284 -0.105
-0.201 -0.286 -0.096
-0.234 -0.284 -0.105
-0.211 -0.290 -0.098
-0.127 -0.230 -0.074
-0.163 -0.293 -0.103
-0.120 -0.225 -0.084
-0.220 -0.317 -0.140
-0.186 -0.250 -0.119
-0.195 -0.301 -0.133
-0.156 -0.239 -0.121
-0.144 -0.262 -0.039
-0.134 -0.218 -0.021
-0.204 -0.266 -0.020
-0.193 -0.253 -0.012
-0.186 -0.242  0.001
-0.178 -0.244 -0.035
-0.153 -0.321 -0.148
-0.209 -0.261 -0.035
-0.256 -0.301 -0.086
-0.128 -0.217  0.029
-0.167 -0.233 -0.009
-0.197 -0.282 -0.079
-0.177 -0.253 -0.064
-0.135 -0.228 -0.005
-0.107 -0.217  0.018
-0.103 -0.214  0.003
-0.123 -0.261 -0.048
-0.100 -0.235 -0.020
-0.124 -0.258 -0.051
-0.163 -0.250 -0.049
-0.136 -0.237 -0.028
-0.078 -0.202  0.026
-0.117 -0.320 -0.132
-0.059 -0.203  0.027
-0.036 -0.164  0.010
-0.123 -0.237 -0.002
 0.007 -0.132 -0.016
-0.169 -0.281 -0.116
-0.185 -0.299 -0.107
-0.182 -0.292 -0.107
-0.196 -0.284 -0.106
-0.133 -0.252 -0.059
-0.135 -0.261 -0.050
-0.073 -0.231 -0.016
-0.113 -0.254 -0.036
-0.185 -0.297 -0.098
-0.096 -0.254 -0.004
-0.127 -0.294 -0.048
-0.173 -0.329 -0.081
-0.103 -0.264 -0.026
-0.173 -0.321 -0.066
-0.067 -0.232 -0.009
-0.118 -0.277  0.001
-0.064 -0.228  0.015
-0.106 -0.282  0.002
-0.057 -0.217  0.018
-0.139 -0.279  0.012
-0.125 -0.243  0.011
-0.220 -0.339 -0.086
-0.180 -0.309 -0.068
-0.182 -0.310 -0.067
-0.067 -0.219  0.041
 0.004 -0.165  0.126
-0.019 -0.172  0.101
-0.061 -0.197  0.095
-0.089 -0.233  0.022
-0.234 -0.323 -0.080
-0.262 -0.333 -0.113
-0.274 -0.343 -0.126
-0.179 -0.276 -0.074
-0.214 -0.308 -0.101
-0.121 -0.231 -0.018
-0.158 -0.267 -0.019
-0.098 -0.198 -0.014
-0.155 -0.262 -0.001
-0.026 -0.135  0.046
-0.247 -0.315 -0.100
-0.043 -0.169  0.043
-0.142 -0.256 -0.049
-0.179 -0.266 -0.072
-0.192 -0.283 -0.060
-0.159 -0.276 -0.049
-0.135 -0.267 -0.027
-0.281 -0.455 -0.295
-0.246 -0.326 -0.113
-0.179 -0.343 -0.226
-0.139 -0.248 -0.025
-0.009 -0.141  0.083
-0.096 -0.247 -0.015
-0.167 -0.294 -0.082
-0.194 -0.293 -0.075
-0.104 -0.251  0.010
-0.091 -0.247 -0.033
-0.138 -0.276 -0.038
-0.059 -0.209  0.102
 0.055 -0.155  0.168
-0.024 -0.168  0.247
-0.099 -0.192  0.193
-0.146 -0.234  0.094
-0.102 -0.161  0.072
-0.287 -0.293 -0.034
-0.132 -0.209  0.026
-0.114 -0.251 -0.034
-0.059 -0.214  0.062
-0.003 -0.165  0.112
 0.008 -0.157  0.137
 0.033 -0.101  0.122
-0.013 -0.152  0.121
 0.071 -0.061  0.160
-0.076 -0.189  0.083
-0.053 -0.151  0.065
-0.140 -0.201  0.014
-0.101 -0.184  0.002
-0.131 -0.232 -0.013
-0.104 -0.201  0.006
-0.086 -0.173  0.031
-0.004 -0.113  0.084
-0.136 -0.217 -0.046
-0.194 -0.260 -0.137
-0.187 -0.275 -0.123
-0.072 -0.188 -0.021
-0.029 -0.141  0.059
-0.027 -0.162  0.012
 0.094 -0.169 -0.122
 0.147 -0.061  0.081
 0.198 -0.002  0.065
 0.098 -0.079  0.061
 0.166 -0.012  0.037
 0.044 -0.097  0.003
 0.072 -0.049  0.045
 0.142 -0.019  0.046
 0.090 -0.036 -0.005
 0.128 -0.005  0.020
 0.129  0.003  0.026
 0.111 -0.001  0.018
 0.110 -0.021 -0.011
 0.201  0.044  0.053
 0.190  0.033  0.079
 0.213  0.070  0.106
 0.108 -0.002  0.009
 0.079 -0.012 -0.010
 0.085 -0.010  0.027
-0.006 -0.072 -0.086
 0.010 -0.060 -0.067
 0.017 -0.040 -0.116
-0.023 -0.081 -0.101
 0.025 -0.043 -0.087
-0.097 -0.120 -0.169
-0.147 -0.147 -0.241
-0.144 -0.145 -0.205
-0.035 -0.028 -0.193
-0.084 -0.085 -0.260
-0.083 -0.061 -0.334
-0.165 -0.149 -0.450
-0.032 -0.081 -0.376
 0.008 -0.069 -0.386
 0.093 -0.112 -0.479
-0.007 -0.080 -0.414
 0.140 -0.050 -0.390
 0.113 -0.011 -0.361
 0.129  0.036 -0.336
 0.059 -0.030 -0.429
-0.016 -0.073 -0.480
-0.089 -0.128 -0.545
 0.029 -0.015 -0.432
-0.065 -0.124 -0.570
-0.041 -0.110 -0.547
-0.116 -0.143 -0.598
-0.217 -0.198 -0.652
-0.088 -0.116 -0.551
-0.087 -0.133 -0.570
-0.175 -0.186 -0.645
-0.145 -0.175 -0.589
-0.123 -0.146 -0.559
-0.134 -0.166 -0.548
-0.068 -0.108 -0.501
-0.181 -0.205 -0.524
-0.056 -0.122 -0.451
-0.170 -0.193 -0.527
 0.110  0.077 -0.302
 0.267  0.149 -0.080
 0.533  0.352  0.164
 0.557  0.344  0.228
 0.410  0.287  0.108
 0.126  0.106 -0.086
-0.086 -0.035 -0.302
-0.167 -0.115 -0.368
-0.240 -0.166 -0.448
-0.172 -0.124 -0.380
-0.372 -0.243 -0.547
-0.250 -0.154 -0.404
-0.339 -0.209 -0.485
-0.291 -0.234 -0.515
-0.324 -0.198 -0.501
-0.205 -0.129 -0.401
-0.249 -0.153 -0.415
-0.077 -0.010 -0.286
-0.178 -0.101 -0.362
-0.241 -0.147 -0.473
-0.286 -0.274 -0.682
-0.345 -0.204 -0.536
-0.400 -0.214 -0.561
-0.418 -0.264 -0.604
-0.288 -0.175 -0.531
-0.378 -0.283 -0.580
-0.338 -0.269 -0.559
-0.381 -0.297 -0.549
-0.137 -0.115 -0.317
-0.148 -0.114 -0.297
-0.172 -0.138 -0.337
-0.207 -0.144 -0.338
-0.068 -0.072 -0.235
-0.140 -0.105 -0.272
-0.082 -0.076 -0.230
-0.160 -0.117 -0.276
-0.101 -0.091 -0.208
 0.038  0.004  0.149
 0.025  0.015  0.191
-0.086 -0.089 -0.035
-0.186 -0.077 -0.098
-0.283 -0.122 -0.186
-0.282 -0.115 -0.197
-0.187 -0.061 -0.131
-0.172 -0.045 -0.103
-0.282 -0.117 -0.185
-0.238 -0.087 -0.151
-0.144 -0.065 -0.126
-0.230 -0.070 -0.125
-0.219 -0.072 -0.098
-0.355 -0.164 -0.187
-0.356 -0.224 -0.273
-0.282 -0.135 -0.110
-0.273 -0.244 -0.091
-0.287 -0.207 -0.164
-0.186 -0.145 -0.192
-0.103 -0.130 -0.169
-0.048 -0.051 -0.145
-0.125 -0.123 -0.164
-0.205 -0.135 -0.280
-0.315 -0.185 -0.465
-0.210 -0.089 -0.379
-0.158 -0.042 -0.332
-0.285 -0.154 -0.359
-0.244 -0.134 -0.345
-0.281 -0.164 -0.334
-0.212 -0.123 -0.256
-0.109 -0.027 -0.165
-0.265 -0.160 -0.241
-0.259 -0.136 -0.246
-0.309 -0.201 -0.259
-0.290 -0.185 -0.241
-0.301 -0.195 -0.229
-0.281 -0.192 -0.244
-0.289 -0.221 -0.231
-0.386 -0.279 -0.293
-0.319 -0.257 -0.356
-0.343 -0.241 -0.249
-0.397 -0.300 -0.313
-0.284 -0.219 -0.180
-0.234 -0.164 -0.109
-0.221 -0.163 -0.062
-0.191 -0.121 -0.038
-0.305 -0.214 -0.102
-0.187 -0.119 -0.039
-0.215 -0.170  0.003
-0.119 -0.072  0.038
-0.260 -0.173 -0.078
-0.185 -0.122 -0.103
-0.198 -0.234 -0.365
-0.163 -0.139 -0.206
-0.110 -0.088 -0.196
-0.104 -0.117 -0.257
-0.034 -0.072 -0.247
 0.049  0.013 -0.158
 0.067 -0.036 -0.170
-0.027 -0.074 -0.266
-0.056 -0.120 -0.324
 0.026 -0.053 -0.242
 0.005 -0.125 -0.343
-0.041 -0.105 -0.309
-0.071 -0.114 -0.348
-0.094 -0.133 -0.367
 0.046 -0.018 -0.274
-0.100 -0.139 -0.381
-0.008 -0.058 -0.310
-0.087 -0.127 -0.363
-0.073 -0.093 -0.373
-0.042 -0.096 -0.341
 0.022 -0.030 -0.311
-0.055 -0.123 -0.346
-0.033 -0.091 -0.337
-0.161 -0.177 -0.421
-0.048 -0.096 -0.326
-0.049 -0.182 -0.465
-0.032 -0.077 -0.274
-0.025 -0.045 -0.245
-0.064 -0.078 -0.288
 0.013 -0.004 -0.225
-0.089 -0.093 -0.266
-0.051 -0.043 -0.225
-0.039  0.013 -0.205
-0.189 -0.120 -0.315
-0.286 -0.213 -0.417
-0.382 -0.260 -0.479
-0.247 -0.220 -0.387
-0.332 -0.241 -0.418
-0.252 -0.180 -0.335
-0.213 -0.172 -0.295
-0.146 -0.129 -0.233
-0.052 -0.087 -0.162
 0.042 -0.026 -0.085
 0.007 -0.051 -0.094
 0.058 -0.003 -0.068
-0.035 -0.094 -0.158
-0.052 -0.064 -0.176
-0.004 -0.058 -0.087
 0.015 -0.015 -0.106
-0.040 -0.069 -0.085
-0.027 -0.055 -0.113
-0.011 -0.071 -0.081
 0.001 -0.044 -0.089
-0.024 -0.081 -0.091
 0.029 -0.025 -0.078
-0.085 -0.121 -0.120
-0.055 -0.075 -0.125
-0.132 -0.152 -0.162
 0.053 -0.011 -0.036
-0.026 -0.097 -0.100
 0.047 -0.029 -0.084
-0.032 -0.112 -0.103
 0.018 -0.052 -0.057
-0.003 -0.086 -0.053
-0.046 -0.091 -0.132
-0.183 -0.183 -0.230
-0.086 -0.069 -0.149
-0.118 -0.130 -0.115
-0.063 -0.090 -0.092
-0.058 -0.115 -0.056
-0.086 -0.127 -0.071
-0.157 -0.170 -0.139
-0.108 -0.185 -0.134
-0.150 -0.173 -0.120
-0.106 -0.130 -0.036
-0.044 -0.086  0.056
-0.144 -0.254 -0.187
-0.252 -0.250 -0.175
-0.306 -0.244 -0.162
-0.328 -0.247 -0.157
-0.326 -0.348 -0.311
-0.177 -0.155 -0.010
-0.183 -0.186 -0.061
-0.204 -0.160 -0.017
-0.231 -0.185 -0.032
-0.174 -0.143  0.006
-0.243 -0.181 -0.003
-0.230 -0.154 -0.027
-0.286 -0.226 -0.039
-0.193 -0.147  0.068
-0.397 -0.287 -0.114
-0.403 -0.363 -0.222
-0.405 -0.321 -0.135
-0.310 -0.299 -0.083
-0.383 -0.298 -0.128
-0.414 -0.402 -0.274
-0.276 -0.228 -0.002
-0.196 -0.261 -0.045
-0.184 -0.178  0.079
-0.195 -0.189  0.067
-0.038 -0.100  0.195
-0.127 -0.169  0.072
-0.056 -0.126  0.162
-0.081 -0.136  0.163
-0.111 -0.165  0.138
-0.124 -0.193  0.108
-0.120 -0.168  0.123
-0.095 -0.167  0.134
-0.045 -0.116  0.152
-0.010 -0.098  0.224
 0.029 -0.045  0.256
-0.060 -0.112  0.187
-0.078 -0.105  0.123
-0.070 -0.120  0.215
-0.063 -0.086  0.203
-0.109 -0.159  0.142
-0.076 -0.093  0.178
-0.080 -0.121  0.191
-0.120 -0.107  0.172
-0.211 -0.183  0.065
-0.115 -0.181  0.063
-0.104 -0.107  0.172
-0.079 -0.193  0.038
-0.156 -0.154  0.111
-0.180 -0.163  0.116
-0.122 -0.153  0.101
-0.212 -0.224  0.004
-0.065 -0.108  0.167
 0.035 -0.010  0.219
-0.086 -0.139  0.132
-0.162 -0.232  0.017
-0.074 -0.142  0.113
 0.044 -0.052  0.155
-0.070 -0.130  0.133
-0.019 -0.053  0.202
-0.059 -0.119  0.167
-0.045 -0.186  0.063
-0.074 -0.128  0.171
-0.073 -0.199  0.044
-0.000 -0.057  0.246
 0.017 -0.065  0.252
 0.055 -0.045  0.276
-0.033 -0.098  0.079
-0.117 -0.149  0.105
-0.133 -0.165  0.082
 0.033 -0.051  0.245
-0.040 -0.100  0.153
-0.010 -0.088  0.157
-0.161 -0.180  0.049
-0.162 -0.177  0.030
-0.160 -0.179  0.049
-0.137 -0.135  0.061
-0.108 -0.137  0.114
-0.046 -0.073  0.149
-0.038 -0.082  0.164
-0.073 -0.103  0.107
-0.193 -0.191 -0.007
-0.145 -0.141  0.053
-0.042 -0.095  0.144
-0.036 -0.082  0.151
 0.088  0.023  0.211
-0.058 -0.094  0.133
-0.069 -0.105  0.122
-0.223 -0.173  0.010
-0.264 -0.203 -0.012
-0.238 -0.184 -0.004
-0.354 -0.252 -0.111
-0.325 -0.244 -0.115
-0.371 -0.264 -0.126
-0.313 -0.196 -0.041
-0.249 -0.144  0.091
-0.086 -0.040  0.219
 0.021 -0.006  0.293
-0.002 -0.050  0.236
 0.044 -0.009  0.284
 0.000 -0.046  0.193
 0.070 -0.072  0.083
 0.107  0.033  0.218
 0.094  0.057  0.225
 0.028  0.038  0.121
-0.015  0.003  0.074
 0.080  0.073  0.144
-0.016  0.020  0.053
-0.038  0.010  0.027
-0.073 -0.025  0.018
-0.073 -0.029 -0.029
 0.044  0.036  0.061
-0.048 -0.051 -0.068
-0.092 -0.083 -0.093
-0.070 -0.078 -0.099
-0.046 -0.059 -0.089
 0.063  0.019 -0.027
 0.128  0.095  0.008
-0.002 -0.022 -0.103
 0.014  0.011 -0.114
-0.058 -0.047 -0.097
-0.074 -0.024 -0.145
-0.168 -0.091 -0.168
-0.117 -0.030 -0.158
-0.320 -0.182 -0.269
-0.231 -0.137 -0.220
-0.257 -0.117 -0.224
-0.287 -0.148 -0.263
-0.250 -0.105 -0.207
-0.240 -0.106 -0.222
-0.299 -0.126 -0.270
-0.383 -0.226 -0.381
-0.373 -0.202 -0.411
-0.402 -0.261 -0.429
-0.386 -0.235 -0.450
-0.339 -0.248 -0.382
-0.325 -0.222 -0.395
-0.339 -0.272 -0.415
-0.341 -0.266 -0.406
-0.390 -0.316 -0.446
-0.214 -0.166 -0.274
-0.303 -0.240 -0.344
-0.275 -0.207 -0.327
-0.254 -0.206 -0.328
-0.229 -0.263 -0.455
-0.317 -0.252 -0.373
-0.385 -0.365 -0.524
-0.277 -0.232 -0.327
-0.284 -0.264 -0.392
-0.262 -0.211 -0.324
-0.188 -0.195 -0.357
-0.262 -0.204 -0.296
-0.246 -0.239 -0.355
-0.245 -0.184 -0.290
-0.229 -0.193 -0.332
-0.253 -0.197 -0.343
-0.247 -0.191 -0.320
-0.204 -0.169 -0.295
-0.250 -0.222 -0.343
-0.221 -0.215 -0.340
-0.227 -0.239 -0.334
-0.141 -0.155 -0.287
-0.156 -0.202 -0.266
-0.165 -0.181 -0.277
-0.177 -0.214 -0.260
-0.189 -0.204 -0.270
-0.260 -0.259 -0.316
-0.209 -0.212 -0.260
-0.296 -0.283 -0.329
-0.206 -0.207 -0.271
-0.269 -0.285 -0.326
-0.262 -0.253 -0.301
-0.280 -0.276 -0.301
-0.218 -0.232 -0.296
-0.223 -0.275 -0.280
-0.126 -0.197 -0.261
-0.150 -0.238 -0.239
-0.119 -0.196 -0.180
-0.234 -0.266 -0.231
-0.326 -0.338 -0.333
-0.222 -0.261 -0.318
-0.326 -0.318 -0.261
-0.235 -0.309 -0.290
-0.253 -0.240 -0.165
-0.223 -0.214 -0.112
-0.211 -0.218 -0.099
-0.151 -0.163 -0.032
-0.143 -0.156 -0.025
-0.117 -0.130 -0.005
-0.143 -0.163 -0.027
-0.117 -0.123  0.015
-0.190 -0.193 -0.029
-0.148 -0.148  0.004
-0.186 -0.185  0.007
-0.092 -0.112  0.056
-0.112 -0.152  0.058
-0.160 -0.180 -0.001
-0.126 -0.165  0.062
-0.167 -0.185  0.050
-0.056 -0.110  0.050
-0.129 -0.155  0.107
-0.130 -0.233 -0.012
-0.176 -0.194  0.045
-0.185 -0.274 -0.075
-0.194 -0.189  0.053
-0.115 -0.141  0.127
-0.164 -0.182  0.053
-0.099 -0.141  0.112
-0.108 -0.154  0.094
-0.084 -0.125  0.127
-0.091 -0.126  0.117
-0.009 -0.066  0.177
-0.018 -0.087  0.176
 0.015 -0.049  0.197
-0.044 -0.130  0.135
 0.028 -0.066  0.186
-0.104 -0.166  0.103
-0.058 -0.108  0.107
-0.147 -0.200  0.043
-0.061 -0.115  0.075
-0.080 -0.156  0.069
-0.045 -0.158 -0.034
-0.293 -0.359 -0.250
-0.283 -0.369 -0.244
-0.338 -0.353 -0.217
-0.299 -0.355 -0.187
-0.219 -0.280 -0.161
-0.301 -0.363 -0.203
-0.296 -0.368 -0.215
-0.333 -0.383 -0.202
-0.276 -0.336 -0.135
-0.254 -0.421 -0.247
-0.225 -0.325 -0.112
-0.293 -0.398 -0.188
-0.277 -0.352 -0.142
-0.206 -0.293 -0.045
-0.212 -0.317 -0.069
-0.118 -0.234  0.019
-0.224 -0.324 -0.080
-0.271 -0.320 -0.096
-0.263 -0.329 -0.096
-0.218 -0.288 -0.091
-0.306 -0.376 -0.135
-0.221 -0.297 -0.088
-0.226 -0.327 -0.062
-0.273 -0.306 -0.154
-0.217 -0.268 -0.034
-0.199 -0.272 -0.043
-0.208 -0.272 -0.033
-0.195 -0.273 -0.049
-0.134 -0.193  0.007
-0.230 -0.293 -0.054
-0.259 -0.420 -0.258
-0.297 -0.363 -0.144
-0.141 -0.291 -0.123
-0.280 -0.341 -0.101
-0.228 -0.374 -0.195
-0.143 -0.245  0.043
-0.113 -0.328 -0.116
-0.111 -0.245  0.026
-0.154 -0.341 -0.182
-0.193 -0.297 -0.054
-0.166 -0.325 -0.076
-0.035 -0.195  0.096
-0.141 -0.325 -0.070
-0.136 -0.258  0.001
-0.158 -0.345 -0.137
-0.166 -0.265 -0.009
-0.142 -0.305 -0.075
-0.212 -0.291 -0.075
-0.147 -0.311 -0.123
-0.062 -0.185  0.051
-0.116 -0.247 -0.030
-0.113 -0.242 -0.021
-0.114 -0.263 -0.015
-0.147 -0.282 -0.044
-0.106 -0.245 -0.014
-0.082 -0.196  0.054
-0.140 -0.264 -0.026
 0.028 -0.125  0.167
-0.041 -0.258 -0.039
-0.056 -0.179  0.077
-0.112 -0.254 -0.044
-0.085 -0.234 -0.029
-0.059 -0.232 -0.015
-0.110 -0.249 -0.045
-0.083 -0.215  0.001
-0.056 -0.174  0.052
-0.112 -0.229 -0.035
-0.124 -0.259 -0.081
-0.064 -0.184  0.004
-0.050 -0.163  0.020
 0.139 -0.003  0.197
 0.220  0.011  0.269
 0.403  0.170  0.452
 0.213  0.017  0.313
 0.080 -0.069  0.164
-0.026 -0.162  0.018
 0.156 -0.005  0.209
 0.184  0.097  0.280
 0.120  0.012  0.220
 0.114  0.015  0.230
 0.066 -0.006  0.210
-0.022 -0.055  0.150
 0.101  0.069  0.208
 0.003 -0.021  0.152
 0.018 -0.010  0.173
-0.007 -0.044  0.131
 0.028 -0.028  0.140
 0.085  0.023  0.188
 0.076 -0.012  0.187
 0.040 -0.002  0.133
 0.077  0.026  0.173
 0.047 -0.022  0.092
 0.070 -0.001  0.135
 0.074  0.013  0.139
 0.116  0.074  0.155
 0.088  0.020  0.146
 0.032 -0.013  0.088
-0.005 -0.042  0.064
-0.020 -0.065 -0.000
-0.065 -0.138 -0.093
-0.054 -0.076  0.000
-0.074 -0.081 -0.015
-0.133 -0.130 -0.080
-0.033 -0.063  0.001
-0.050 -0.104 -0.038
-0.011 -0.070 -0.007
-0.045 -0.115 -0.030
 0.014 -0.044  0.006
-0.062 -0.124 -0.046
-0.070 -0.095 -0.059
-0.065 -0.120 -0.046
 0.003 -0.052 -0.001
-0.052 -0.106 -0.026
-0.011 -0.040  0.003
-0.054 -0.111 -0.019
-0.081 -0.091 -0.036
-0.055 -0.112 -0.031
-0.127 -0.132 -0.101
-0.055 -0.115 -0.046
-0.124 -0.146 -0.117
-0.124 -0.160 -0.107
-0.119 -0.145 -0.093
-0.089 -0.133 -0.067
-0.024 -0.079 -0.008
-0.055 -0.114 -0.036
-0.077 -0.137 -0.045
-0.122 -0.179 -0.079
-0.134 -0.208 -0.115
-0.162 -0.184 -0.112
-0.137 -0.210 -0.238
-0.066 -0.114 -0.096
-0.062 -0.186 -0.213
-0.091 -0.120 -0.119
-0.105 -0.102 -0.150
-0.156 -0.148 -0.124
-0.026 -0.114 -0.138
-0.128 -0.138 -0.073
-0.154 -0.207 -0.156
-0.187 -0.197 -0.143
-0.142 -0.181 -0.124
-0.092 -0.130 -0.055
-0.173 -0.180 -0.117
-0.237 -0.236 -0.198
-0.263 -0.252 -0.215
-0.197 -0.202 -0.136
-0.185 -0.233 -0.182
-0.204 -0.188 -0.120
-0.209 -0.241 -0.175
-0.330 -0.299 -0.203
-0.235 -0.200 -0.110
-0.297 -0.278 -0.174
-0.352 -0.341 -0.270
-0.301 -0.271 -0.180
-0.301 -0.287 -0.205
-0.311 -0.286 -0.191
-0.297 -0.272 -0.158
-0.209 -0.203 -0.053
-0.235 -0.212 -0.066
-0.164 -0.159 -0.024
-0.197 -0.190 -0.033
-0.217 -0.190 -0.087
-0.221 -0.231 -0.057
-0.175 -0.156 -0.035
-0.156 -0.184  0.021
-0.110 -0.155 -0.016
-0.172 -0.202 -0.050
-0.204 -0.201 -0.043
-0.225 -0.221 -0.071
-0.165 -0.170 -0.009
-0.189 -0.166  0.005
-0.269 -0.248 -0.078
-0.160 -0.161  0.031
-0.103 -0.157  0.047
-0.054 -0.098  0.095
-0.189 -0.201  0.005
-0.119 -0.119  0.031
-0.188 -0.193 -0.004
-0.082 -0.089  0.063
-0.183 -0.175 -0.015
 0.014 -0.052  0.076
-0.200 -0.214 -0.065
-0.221 -0.174 -0.114
-0.214 -0.226 -0.108
-0.151 -0.148 -0.046
-0.123 -0.133 -0.001
-0.075 -0.096 -0.029
-0.313 -0.279 -0.204
-0.230 -0.199 -0.156
-0.279 -0.266 -0.192
-0.133 -0.147 -0.114
-0.223 -0.252 -0.179
-0.178 -0.202 -0.171
-0.272 -0.283 -0.239
-0.184 -0.195 -0.200
-0.185 -0.247 -0.186
-0.121 -0.185 -0.131
-0.089 -0.181 -0.114
-0.158 -0.208 -0.195
-0.155 -0.214 -0.161
-0.117 -0.189 -0.118
-0.098 -0.182 -0.103
-0.080 -0.190 -0.140
-0.041 -0.132 -0.062
 0.024 -0.115 -0.031
-0.069 -0.161 -0.082
-0.045 -0.176 -0.111
-0.053 -0.157 -0.083
 0.039 -0.144 -0.134
-0.001 -0.138 -0.039
 0.035 -0.075  0.023
-0.032 -0.136 -0.015
-0.068 -0.161 -0.063
-0.056 -0.154 -0.050
 0.033 -0.100  0.034
