 0.698  1.195  0.401
 0.632  1.116  0.246
 0.636  1.082  0.541
 0.295  0.918 -0.172
 0.134  0.807 -0.690
 0.162  0.842 -0.581
 0.181  0.853 -0.481
 0.147  0.829 -0.559
 0.116  0.839 -0.530
 0.192  0.934 -0.372
 0.104  0.860 -0.469
 0.205  0.995 -0.272
 0.103  0.881 -0.327
 0.110  0.917 -0.369
 0.077  0.866 -0.502
 0.106  0.909 -0.360
 0.053  0.879 -0.375
-0.046  0.836 -0.487
 0.014  0.861 -0.353
-0.017  0.857 -0.375
 0.049  0.910 -0.481
-0.069  0.815 -0.437
-0.043  0.815 -0.444
-0.067  0.774 -0.542
 0.067  0.926 -0.328
-0.100  0.798 -0.391
-0.049  0.851 -0.531
-0.098  0.759 -0.622
-0.185  0.731 -0.759
-0.207  0.703 -0.691
-0.190  0.725 -0.637
-0.167  0.727 -0.659
-0.135  0.747 -0.513
-0.180  0.716 -0.584
-0.110  0.762 -0.428
-0.079  0.781 -0.444
-0.142  0.745 -0.573
-0.143  0.736 -0.501
-0.100  0.726 -0.425
-0.076  0.741 -0.432
-0.008  0.766 -0.230
 0.044  0.844 -0.197
-0.094  0.709 -0.381
-0.135  0.712 -0.538
-0.181  0.644 -0.544
-0.184  0.642 -0.726
-0.190  0.582 -0.805
-0.175  0.647 -0.618
-0.161  0.630 -0.659
-0.193  0.609 -0.729
-0.182  0.657 -0.656
-0.193  0.633 -0.619
-0.105  0.745 -0.582
-0.199  0.594 -0.655
-0.177  0.592 -0.600
-0.124  0.627 -0.566
-0.122  0.609 -0.478
-0.176  0.590 -0.571
-0.184  0.586 -0.573
-0.165  0.580 -0.646
-0.155  0.485 -0.681
-0.200  0.525 -0.611
-0.214  0.518 -0.610
-0.226  0.501 -0.651
-0.217  0.494 -0.705
-0.189  0.512 -0.674
-0.139  0.579 -0.573
-0.265  0.471 -0.701
-0.211  0.551 -0.603
-0.223  0.506 -0.669
-0.109  0.587 -0.550
-0.119  0.550 -0.540
-0.167  0.564 -0.628
-0.272  0.461 -0.657
-0.217  0.516 -0.590
-0.134  0.557 -0.488
-0.194  0.521 -0.694
-0.170  0.500 -0.575
-0.111  0.587 -0.485
-0.180  0.497 -0.518
-0.129  0.578 -0.526
-0.086  0.568 -0.438
-0.060  0.600 -0.433
-0.084  0.568 -0.424
-0.164  0.541 -0.504
-0.128  0.550 -0.464
-0.131  0.503 -0.592
-0.056  0.566 -0.462
-0.060  0.541 -0.469
-0.084  0.533 -0.527
-0.057  0.483 -0.736
-0.121  0.482 -0.671
-0.004  0.547 -0.533
 0.029  0.548 -0.513
 0.003  0.526 -0.643
-0.145  0.444 -0.678
-0.113  0.457 -0.542
-0.102  0.453 -0.598
-0.105  0.411 -0.737
-0.105  0.413 -0.812
-0.057  0.440 -0.749
 0.003  0.502 -0.694
-0.033  0.436 -0.724
 0.085  0.543 -0.621
 0.043  0.463 -0.729
 0.066  0.548 -0.686
-0.085  0.398 -0.801
-0.045  0.439 -0.724
-0.068  0.403 -0.726
 0.039  0.482 -0.611
 0.062  0.481 -0.592
 0.016  0.481 -0.678
-0.013  0.424 -0.688
 0.038  0.517 -0.600
-0.091  0.371 -0.735
-0.076  0.390 -0.749
-0.088  0.371 -0.758
-0.023  0.411 -0.595
 0.002  0.425 -0.428
-0.030  0.325 -0.548
-0.001  0.414 -0.404
 0.059  0.455 -0.497
-0.026  0.358 -0.618
-0.078  0.275 -0.676
-0.078  0.333 -0.615
-0.037  0.332 -0.522
-0.102  0.290 -0.698
-0.091  0.303 -0.742
-0.145  0.257 -0.763
-0.151  0.272 -0.754
-0.167  0.223 -0.827
-0.115  0.271 -0.832
-0.155  0.224 -0.862
-0.067  0.298 -0.684
-0.125  0.250 -0.765
-0.093  0.224 -0.787
-0.077  0.287 -0.713
-0.100  0.251 -0.710
-0.108  0.271 -0.673
-0.039  0.315 -0.756
-0.132  0.265 -0.767
-0.107  0.286 -0.745
-0.085  0.288 -0.689
-0.097  0.323 -0.644
-0.077  0.300 -0.643
-0.041  0.304 -0.681
-0.038  0.307 -0.678
-0.080  0.278 -0.728
-0.015  0.312 -0.563
-0.059  0.268 -0.682
-0.033  0.317 -0.620
-0.074  0.250 -0.604
-0.025  0.350 -0.567
-0.133  0.216 -0.755
 0.063  0.384 -0.472
-0.041  0.257 -0.500
 0.035  0.357 -0.410
-0.058  0.235 -0.602
-0.019  0.316 -0.676
-0.077  0.244 -0.628
-0.125  0.229 -0.611
-0.250  0.099 -0.737
-0.165  0.178 -0.705
-0.224  0.105 -0.709
-0.122  0.232 -0.609
-0.224  0.115 -0.648
-0.175  0.192 -0.713
-0.186  0.133 -0.669
-0.105  0.226 -0.642
-0.243  0.099 -0.695
-0.120  0.182 -0.461
-0.100  0.169 -0.471
-0.149  0.151 -0.588
-0.155  0.129 -0.563
-0.165  0.138 -0.533
-0.214  0.084 -0.624
-0.195  0.090 -0.653
-0.156  0.154 -0.598
-0.155  0.132 -0.585
-0.174  0.023 -0.814
-0.161  0.119 -0.653
-0.169  0.086 -0.735
-0.140  0.110 -0.689
-0.171  0.138 -0.703
-0.222  0.072 -0.815
-0.181  0.105 -0.789
-0.253  0.033 -0.932
-0.200  0.115 -0.861
-0.247  0.059 -0.899
-0.200  0.142 -1.012
-0.220  0.073 -0.940
-0.151  0.159 -0.818
-0.274  0.042 -0.969
-0.131  0.192 -0.815
-0.245  0.064 -0.972
-0.214  0.096 -0.916
-0.127  0.138 -0.925
-0.218  0.081 -0.947
-0.192  0.099 -0.886
-0.263  0.060 -0.937
-0.189  0.101 -0.852
-0.112  0.123 -0.784
-0.076  0.142 -0.718
-0.191  0.076 -0.974
-0.105  0.138 -0.953
-0.135  0.089 -0.939
-0.031  0.231 -0.765
-0.168  0.112 -0.706
 0.010  0.275 -0.473
-0.080  0.157 -0.614
-0.088  0.155 -0.777
-0.213  0.003 -0.836
-0.017  0.135 -0.493
-0.066  0.152 -0.614
-0.143  0.052 -0.670
-0.091  0.026 -0.661
-0.153  0.084 -0.577
-0.107  0.034 -0.693
-0.083  0.099 -0.553
-0.106  0.059 -0.699
 0.035  0.196 -0.267
-0.138  0.128 -0.682
-0.109  0.122 -0.593
 0.067  0.302 -0.435
-0.091  0.137 -0.622
-0.067  0.167 -0.599
-0.051  0.180 -0.597
-0.066  0.166 -0.640
 0.090  0.327 -0.434
-0.043  0.190 -0.561
-0.070  0.185 -0.602
 0.003  0.149 -0.748
-0.054  0.180 -0.665
-0.039  0.193 -0.632
-0.061  0.176 -0.627
-0.045  0.198 -0.646
-0.063  0.159 -0.674
-0.008  0.214 -0.649
-0.107  0.130 -0.713
-0.054  0.220 -0.711
-0.176  0.103 -0.847
-0.039  0.223 -0.761
-0.175  0.088 -0.951
-0.083  0.201 -0.868
-0.182  0.094 -0.933
-0.075  0.190 -0.842
-0.128  0.096 -0.872
-0.093  0.142 -0.794
-0.095  0.113 -0.768
-0.005  0.211 -0.721
-0.065  0.121 -0.774
 0.055  0.244 -0.692
-0.049  0.123 -0.734
 0.028  0.222 -0.729
-0.036  0.120 -0.750
 0.070  0.222 -0.713
-0.042  0.105 -0.781
 0.031  0.179 -0.760
 0.002  0.131 -0.759
 0.060  0.181 -0.784
-0.023  0.079 -0.881
 0.121  0.218 -0.676
-0.035  0.080 -0.777
-0.026  0.097 -0.893
 0.008  0.107 -0.861
 0.088  0.185 -0.837
 0.007  0.103 -0.875
 0.091  0.211 -0.739
 0.080  0.167 -0.710
 0.082  0.179 -0.828
 0.020  0.110 -0.836
 0.028  0.153 -0.884
-0.079  0.061 -1.006
-0.042  0.109 -0.972
-0.021  0.094 -0.941
 0.006  0.136 -0.849
-0.038  0.067 -0.900
-0.003  0.082 -0.849
-0.042  0.038 -0.960
-0.014  0.048 -0.952
-0.071  0.004 -0.970
 0.019  0.116 -0.870
-0.051  0.026 -0.906
 0.084  0.138 -0.764
 0.002  0.045 -0.854
 0.084  0.153 -0.791
-0.045  0.025 -0.924
-0.024  0.048 -0.906
 0.031  0.067 -0.816
 0.076  0.098 -0.742
 0.055  0.090 -0.733
 0.047  0.067 -0.760
 0.010  0.082 -0.771
 0.096  0.141 -0.872
 0.023  0.091 -0.833
 0.085  0.112 -0.941
 0.021  0.112 -0.777
 0.020  0.104 -0.826
 0.023  0.113 -0.845
 0.017  0.079 -0.857
 0.045  0.119 -0.769
-0.001  0.092 -0.840
 0.038  0.145 -0.856
 0.025  0.092 -0.838
 0.109  0.201 -0.757
 0.011  0.100 -0.789
 0.099  0.210 -0.771
-0.016  0.070 -0.851
 0.107  0.176 -0.756
-0.004  0.079 -0.798
 0.097  0.183 -0.650
-0.002  0.086 -0.756
 0.008  0.084 -0.809
 0.008  0.068 -0.824
-0.046  0.036 -0.932
-0.018  0.050 -0.839
 0.132  0.139 -0.806
 0.080  0.121 -0.734
 0.119  0.136 -0.865
 0.046  0.094 -0.733
 0.031  0.066 -0.730
-0.040  0.033 -0.902
-0.012  0.039 -0.877
 0.003  0.070 -0.769
-0.013  0.052 -0.793
-0.043  0.058 -0.872
-0.058  0.023 -0.984
-0.050  0.045 -1.010
-0.106 -0.010 -1.075
-0.124  0.003 -1.036
-0.112 -0.017 -1.003
 0.025  0.128 -0.927
-0.085 -0.019 -1.009
 0.038  0.118 -0.877
-0.159 -0.049 -1.114
 0.043  0.140 -0.932
-0.111 -0.016 -1.037
-0.093  0.038 -0.992
-0.127  0.002 -0.961
-0.079  0.069 -0.957
-0.160 -0.019 -1.100
-0.028  0.065 -0.865
-0.043  0.052 -0.850
-0.019  0.051 -0.782
-0.024  0.081 -0.775
-0.026  0.092 -0.768
-0.046  0.051 -0.850
-0.107  0.008 -0.955
-0.045  0.057 -0.799
-0.124  0.001 -0.988
-0.089  0.010 -0.994
-0.122 -0.023 -1.058
-0.182 -0.030 -1.116
-0.193 -0.049 -1.112
-0.082  0.066 -0.994
-0.113 -0.036 -1.031
-0.056  0.050 -0.948
-0.149 -0.036 -1.038
-0.052  0.078 -0.930
-0.149 -0.044 -1.090
-0.123 -0.008 -1.146
-0.156 -0.036 -1.158
-0.221 -0.036 -1.304
-0.263 -0.095 -1.415
-0.223 -0.143 -1.453
-0.236 -0.062 -1.347
-0.149  0.006 -1.145
-0.169 -0.007 -1.156
-0.135  0.013 -1.083
-0.167 -0.001 -1.180
-0.240 -0.059 -1.339
 0.032  0.216 -1.129
-0.097  0.066 -1.212
-0.015  0.177 -1.144
-0.139  0.031 -1.250
-0.096  0.086 -1.253
-0.160  0.014 -1.313
-0.181  0.023 -1.369
-0.200 -0.035 -1.407
-0.154 -0.046 -1.365
-0.185 -0.006 -1.392
-0.015  0.117 -1.247
-0.156  0.005 -1.288
-0.113  0.027 -1.232
-0.135  0.017 -1.272
-0.175 -0.020 -1.365
-0.067  0.121 -1.316
-0.176 -0.022 -1.332
-0.086  0.076 -1.223
-0.177 -0.044 -1.336
-0.084  0.050 -1.269
-0.121 -0.028 -1.290
-0.029  0.085 -1.198
-0.201 -0.077 -1.372
-0.185 -0.065 -1.423
-0.181 -0.078 -1.421
-0.137 -0.032 -1.312
-0.174 -0.056 -1.348
-0.183 -0.048 -1.394
-0.129 -0.039 -1.314
-0.161 -0.077 -1.430
-0.175 -0.076 -1.467
-0.178 -0.093 -1.442
-0.192 -0.089 -1.456
-0.224 -0.112 -1.548
-0.137 -0.032 -1.447
-0.166 -0.088 -1.467
-0.162 -0.051 -1.428
-0.197 -0.097 -1.470
-0.095  0.016 -1.428
-0.196 -0.106 -1.517
-0.181 -0.073 -1.430
-0.223 -0.120 -1.488
-0.167 -0.044 -1.380
-0.166 -0.046 -1.462
-0.151 -0.041 -1.391
-0.226 -0.090 -1.525
-0.199 -0.081 -1.470
-0.189 -0.067 -1.455
-0.217 -0.057 -1.556
-0.162 -0.062 -1.468
-0.173 -0.053 -1.428
-0.192 -0.061 -1.433
-0.157 -0.026 -1.378
-0.256 -0.093 -1.633
-0.176 -0.037 -1.535
-0.199 -0.070 -1.487
-0.175 -0.014 -1.408
-0.227 -0.069 -1.489
-0.099  0.071 -1.381
-0.198 -0.048 -1.380
-0.109  0.074 -1.292
-0.151  0.000 -1.201
-0.083  0.071 -1.241
-0.225 -0.078 -1.398
-0.095  0.063 -1.262
-0.230 -0.079 -1.377
-0.178 -0.032 -1.319
-0.198 -0.053 -1.365
-0.151 -0.049 -1.380
-0.097  0.031 -1.248
-0.071  0.025 -1.143
-0.089  0.038 -1.145
-0.101 -0.030 -1.262
-0.070  0.057 -1.165
-0.096 -0.016 -1.326
-0.152  0.001 -1.395
-0.171 -0.060 -1.443
-0.180 -0.034 -1.377
-0.197 -0.054 -1.483
-0.180 -0.036 -1.512
-0.130 -0.021 -1.410
-0.151 -0.015 -1.397
-0.169 -0.029 -1.403
-0.063  0.082 -1.312
-0.115  0.007 -1.360
 0.023  0.145 -1.293
-0.157 -0.009 -1.420
-0.048  0.102 -1.314
-0.175 -0.045 -1.487
-0.127 -0.015 -1.484
-0.171 -0.071 -1.587
-0.125 -0.032 -1.485
-0.169 -0.073 -1.531
-0.241 -0.153 -1.703
-0.167 -0.067 -1.520
-0.167 -0.168 -1.783
-0.204 -0.087 -1.575
-0.216 -0.116 -1.641
-0.285 -0.147 -1.830
-0.091  0.013 -1.702
-0.268 -0.140 -1.907
-0.359 -0.170 -1.947
-0.463 -0.272 -2.368
-0.313 -0.131 -2.313
-0.418 -0.268 -2.471
-0.264 -0.105 -2.266
-0.274 -0.162 -2.146
-0.261 -0.109 -2.142
-0.307 -0.137 -2.113
-0.284 -0.106 -2.028
-0.342 -0.175 -2.253
-0.227 -0.182 -2.131
-0.074  0.008 -1.652
 0.050 -0.041 -1.472
 0.175  0.122 -1.049
 0.220  0.133 -0.979
 0.231  0.172 -1.019
 0.175  0.169 -1.116
 0.108  0.096 -1.209
 0.092  0.114 -1.245
 0.047  0.016 -1.342
 0.078  0.069 -1.319
 0.048  0.022 -1.321
 0.069  0.077 -1.350
 0.081  0.053 -1.315
 0.084  0.095 -1.332
 0.015  0.027 -1.387
 0.089  0.135 -1.389
-0.056 -0.029 -1.547
 0.074  0.136 -1.431
-0.014  0.004 -1.423
 0.013  0.082 -1.488
-0.049  0.002 -1.539
-0.057  0.057 -1.681
-0.222 -0.091 -1.827
-0.080  0.040 -1.636
-0.142 -0.045 -1.652
-0.018  0.078 -1.579
-0.084 -0.012 -1.581
-0.095  0.014 -1.714
-0.066 -0.005 -1.655
-0.136 -0.046 -1.815
-0.132 -0.042 -1.735
-0.089 -0.009 -1.647
 0.003 -0.040 -1.683
-0.053 -0.016 -1.545
-0.115 -0.031 -1.697
-0.123 -0.029 -1.705
-0.044  0.057 -1.635
-0.105 -0.036 -1.702
-0.042  0.058 -1.662
-0.158 -0.075 -1.801
-0.016  0.050 -1.584
-0.074 -0.017 -1.685
-0.037  0.035 -1.718
-0.050  0.015 -1.593
-0.024  0.043 -1.677
-0.052 -0.013 -1.676
 0.131  0.154 -1.414
 0.056  0.072 -1.368
 0.227  0.232 -1.210
 0.107  0.084 -1.379
 0.103  0.123 -1.417
 0.016  0.032 -1.537
-0.061 -0.006 -1.681
 0.050  0.077 -1.623
-0.076 -0.012 -1.659
-0.112 -0.064 -1.745
-0.105 -0.041 -1.727
-0.005  0.033 -1.549
-0.059 -0.005 -1.644
-0.081  0.021 -1.736
-0.122 -0.043 -1.698
-0.076  0.003 -1.651
-0.151 -0.080 -1.799
-0.136 -0.026 -1.860
-0.185 -0.094 -1.859
-0.140 -0.053 -1.769
-0.173 -0.096 -1.811
-0.091 -0.018 -1.698
-0.086 -0.048 -1.593
-0.019  0.062 -1.496
-0.086 -0.018 -1.538
 0.046  0.121 -1.462
-0.028  0.015 -1.479
-0.014  0.072 -1.472
-0.111 -0.021 -1.554
-0.081  0.044 -1.589
-0.084 -0.001 -1.583
-0.086 -0.007 -1.587
-0.111 -0.023 -1.618
-0.113  0.001 -1.584
-0.135 -0.018 -1.618
-0.139 -0.010 -1.624
-0.103  0.018 -1.512
-0.121 -0.001 -1.555
-0.133 -0.023 -1.652
-0.128 -0.009 -1.674
-0.150 -0.023 -1.686
-0.166 -0.036 -1.640
-0.128  0.038 -1.578
-0.176 -0.031 -1.594
-0.134  0.012 -1.594
-0.158 -0.038 -1.620
-0.133  0.000 -1.578
-0.163 -0.040 -1.592
-0.160 -0.025 -1.601
-0.157 -0.022 -1.577
-0.186 -0.050 -1.629
-0.208 -0.048 -1.599
-0.234 -0.035 -1.635
-0.199 -0.021 -1.614
-0.150  0.004 -1.594
-0.153  0.020 -1.567
-0.178  0.008 -1.615
-0.122  0.061 -1.547
-0.104  0.048 -1.568
-0.096  0.077 -1.549
-0.167  0.022 -1.620
-0.086  0.133 -1.511
-0.188  0.013 -1.637
-0.167  0.049 -1.629
-0.185  0.021 -1.604
-0.207  0.015 -1.619
-0.218  0.009 -1.608
-0.132  0.096 -1.554
-0.164  0.027 -1.569
-0.167  0.002 -1.612
-0.185 -0.008 -1.651
-0.173 -0.019 -1.614
-0.125  0.038 -1.572
-0.165 -0.015 -1.627
-0.088  0.073 -1.479
-0.122  0.006 -1.489
-0.067  0.076 -1.489
-0.063  0.048 -1.435
-0.025  0.118 -1.390
-0.032  0.076 -1.371
 0.007  0.099 -1.388
-0.017  0.077 -1.448
-0.015  0.090 -1.399
-0.047  0.052 -1.411
 0.041  0.092 -1.437
-0.062  0.074 -1.448
-0.007  0.116 -1.454
-0.086  0.039 -1.451
-0.074  0.072 -1.378
-0.133  0.015 -1.476
-0.153  0.002 -1.589
-0.204 -0.017 -1.720
-0.213 -0.042 -1.738
-0.222 -0.023 -1.668
-0.285 -0.066 -1.748
-0.219  0.014 -1.721
-0.280 -0.058 -1.822
-0.176  0.047 -1.776
-0.270 -0.068 -1.826
-0.248 -0.007 -1.828
-0.305 -0.096 -1.833
-0.262 -0.069 -1.842
-0.229 -0.051 -1.813
-0.269 -0.062 -1.861
-0.312 -0.090 -1.870
-0.238 -0.149 -2.006
-0.266 -0.057 -1.877
-0.170  0.025 -1.872
-0.225 -0.052 -1.835
-0.207 -0.045 -1.773
-0.280 -0.083 -1.900
-0.243 -0.078 -1.888
-0.229 -0.065 -1.895
-0.219 -0.079 -1.864
-0.262 -0.094 -1.936
-0.262 -0.100 -1.912
-0.141  0.059 -1.778
-0.217 -0.051 -1.846
-0.161 -0.004 -1.878
-0.282 -0.092 -2.047
-0.257 -0.045 -1.981
-0.219 -0.040 -1.873
-0.174 -0.060 -1.878
-0.180 -0.033 -1.854
-0.218 -0.110 -1.984
-0.258 -0.073 -1.951
-0.221 -0.053 -1.846
-0.195 -0.016 -1.766
-0.095  0.037 -1.587
 0.045  0.104 -1.372
 0.073  0.137 -1.300
-0.003  0.068 -1.416
 0.039  0.136 -1.352
-0.021  0.068 -1.418
 0.017  0.153 -1.485
-0.236 -0.062 -1.899
-0.323 -0.072 -2.212
-0.512 -0.225 -2.368
-0.385 -0.106 -2.383
-0.178 -0.004 -2.002
-0.165  0.015 -1.872
-0.257 -0.043 -1.962
-0.237 -0.007 -1.875
-0.300 -0.062 -1.980
-0.226  0.015 -1.893
-0.252 -0.027 -1.908
-0.274 -0.047 -1.968
-0.264 -0.024 -1.898
-0.248 -0.026 -1.859
-0.169  0.034 -1.794
-0.216 -0.036 -1.815
-0.168  0.057 -1.909
-0.259 -0.046 -1.905
-0.179  0.046 -1.837
-0.205 -0.016 -1.795
-0.080  0.119 -1.728
-0.160  0.004 -1.695
-0.075  0.111 -1.610
-0.176 -0.008 -1.746
-0.107  0.053 -1.659
-0.166 -0.018 -1.796
-0.112  0.013 -1.748
-0.106  0.010 -1.663
-0.055  0.082 -1.446
-0.173 -0.024 -1.645
-0.130  0.002 -1.555
-0.158 -0.016 -1.623
-0.214 -0.112 -1.856
-0.174 -0.025 -1.669
-0.197 -0.134 -1.943
-0.191 -0.042 -1.745
-0.096 -0.007 -1.569
-0.109 -0.008 -1.635
-0.048  0.066 -1.385
-0.135 -0.025 -1.537
-0.132 -0.016 -1.464
-0.138 -0.007 -1.489
-0.133 -0.001 -1.482
-0.087  0.025 -1.382
-0.107  0.028 -1.406
 0.002  0.080 -1.288
-0.052  0.042 -1.353
 0.046  0.101 -1.194
 0.102  0.147 -1.029
 0.065  0.137 -1.088
 0.045  0.129 -1.039
 0.086  0.167 -1.027
 0.095  0.144 -0.976
 0.062  0.151 -0.986
-0.013  0.078 -1.144
 0.069  0.182 -1.150
-0.034  0.046 -1.257
 0.118  0.165 -1.086
 0.008  0.082 -1.133
 0.031  0.134 -1.156
-0.037  0.062 -1.173
 0.025  0.116 -1.105
-0.068  0.035 -1.208
-0.019  0.141 -1.120
-0.105  0.040 -1.221
-0.090  0.074 -1.221
-0.101  0.042 -1.238
-0.056  0.100 -1.079
-0.088  0.033 -1.101
-0.087  0.053 -1.143
-0.160 -0.015 -1.342
-0.104  0.048 -1.174
-0.205 -0.028 -1.341
-0.191  0.008 -1.374
-0.152  0.012 -1.324
-0.090  0.060 -1.166
-0.087  0.057 -1.097
-0.157 -0.043 -1.343
-0.175 -0.010 -1.357
-0.268 -0.093 -1.605
-0.303 -0.112 -1.639
-0.164 -0.085 -1.681
-0.248 -0.096 -1.658
-0.126 -0.133 -1.572
-0.149 -0.053 -1.419
-0.153 -0.136 -1.608
-0.299 -0.118 -1.656
-0.251 -0.073 -1.553
-0.269 -0.105 -1.583
-0.263 -0.201 -1.678
-0.247 -0.105 -1.449
-0.156 -0.068 -1.274
-0.104 -0.009 -1.115
-0.050  0.018 -1.067
-0.015  0.022 -1.010
 0.004  0.011 -1.189
-0.149 -0.046 -1.275
-0.197 -0.056 -1.275
-0.125 -0.012 -1.154
-0.145 -0.032 -1.231
-0.074  0.021 -1.146
-0.157 -0.051 -1.219
-0.118 -0.000 -1.195
-0.150 -0.022 -1.198
-0.049  0.094 -1.113
-0.092  0.022 -1.090
-0.057  0.074 -1.077
-0.140 -0.008 -1.165
-0.182 -0.070 -1.275
-0.207 -0.048 -1.303
-0.154  0.017 -1.238
-0.187 -0.022 -1.237
-0.111 -0.011 -1.187
-0.089 -0.002 -1.182
-0.081 -0.007 -1.134
-0.090  0.021 -1.226
-0.137 -0.017 -1.260
-0.041  0.114 -1.202
-0.089  0.015 -1.198
-0.021  0.099 -1.074
-0.096  0.010 -1.149
-0.127 -0.003 -1.151
-0.188 -0.042 -1.223
-0.210 -0.067 -1.289
-0.219 -0.069 -1.325
-0.247 -0.083 -1.353
-0.142  0.021 -1.258
-0.213 -0.050 -1.214
-0.204 -0.013 -1.218
-0.181 -0.053 -1.072
-0.083  0.044 -1.053
-0.175 -0.073 -1.187
-0.123 -0.015 -1.078
-0.135 -0.033 -1.022
-0.183 -0.060 -1.109
-0.216 -0.073 -1.241
-0.145 -0.011 -1.141
-0.169 -0.061 -1.178
-0.134 -0.036 -1.085
-0.170 -0.067 -1.156
-0.179 -0.066 -1.163
-0.106  0.014 -1.139
-0.095 -0.020 -1.029
-0.167 -0.023 -1.097
-0.194 -0.066 -1.164
-0.111 -0.053 -1.246
-0.150 -0.038 -1.090
-0.129 -0.027 -1.032
-0.141 -0.026 -1.055
-0.183 -0.048 -1.122
-0.234 -0.064 -1.173
-0.237 -0.087 -1.194
-0.096  0.037 -1.116
-0.161 -0.054 -1.098
-0.123  0.001 -1.045
-0.190 -0.065 -1.110
-0.142 -0.002 -1.104
-0.277 -0.099 -1.365
-0.322 -0.147 -1.566
-0.300 -0.109 -1.442
-0.234 -0.049 -1.427
-0.288 -0.105 -1.385
-0.342 -0.142 -1.574
-0.237 -0.058 -1.445
-0.219 -0.076 -1.267
-0.163 -0.010 -1.227
-0.144 -0.048 -1.093
-0.148 -0.088 -1.159
-0.082 -0.051 -1.054
-0.031 -0.012 -1.077
-0.006  0.007 -0.970
 0.022  0.079 -0.942
-0.035 -0.001 -1.100
-0.026  0.075 -1.165
-0.163 -0.039 -1.272
-0.135  0.006 -1.294
-0.056  0.106 -1.120
-0.221 -0.052 -1.312
-0.254 -0.038 -1.347
-0.343 -0.125 -1.712
-0.194 -0.036 -1.464
-0.284 -0.092 -1.528
-0.291 -0.166 -1.678
-0.279 -0.080 -1.445
-0.248 -0.037 -1.307
-0.259 -0.076 -1.315
-0.283 -0.055 -1.400
-0.286 -0.081 -1.391
-0.253 -0.059 -1.359
-0.335 -0.143 -1.498
-0.295 -0.123 -1.415
-0.376 -0.160 -1.492
-0.296 -0.156 -1.456
-0.288 -0.127 -1.431
-0.238 -0.088 -1.413
-0.305 -0.148 -1.441
-0.236 -0.080 -1.330
-0.289 -0.116 -1.385
-0.148 -0.088 -1.426
-0.238 -0.087 -1.372
-0.158 -0.118 -1.486
-0.346 -0.147 -1.548
-0.308 -0.132 -1.534
-0.252 -0.088 -1.486
-0.195 -0.067 -1.457
-0.205 -0.056 -1.410
-0.245 -0.092 -1.462
-0.202 -0.036 -1.363
-0.191 -0.036 -1.396
-0.159  0.013 -1.405
-0.145  0.021 -1.334
-0.208  0.013 -1.421
-0.172  0.044 -1.304
-0.020  0.188 -1.228
-0.124  0.062 -1.378
-0.026  0.172 -1.345
-0.100  0.102 -1.311
-0.018  0.211 -1.298
-0.059  0.117 -1.413
-0.033  0.141 -1.454
-0.024  0.091 -1.484
-0.077  0.073 -1.614
-0.079  0.059 -1.599
-0.085  0.086 -1.610
-0.036  0.099 -1.632
-0.022  0.090 -1.668
-0.057  0.078 -1.702
-0.127  0.046 -1.813
 0.007  0.159 -1.742
-0.065  0.055 -1.838
-0.007  0.108 -1.866
-0.096  0.027 -2.033
-0.058  0.079 -2.036
-0.104  0.009 -2.165
-0.067  0.042 -2.119
-0.107  0.010 -2.196
-0.105 -0.041 -2.270
-0.138 -0.038 -2.220
-0.139 -0.041 -2.247
-0.115 -0.014 -2.194
-0.129 -0.019 -2.234
-0.075  0.048 -2.199
-0.187 -0.076 -2.358
-0.105  0.025 -2.311
-0.137 -0.051 -2.361
-0.106 -0.003 -2.316
-0.153 -0.056 -2.380
-0.133 -0.019 -2.310
-0.110 -0.041 -2.257
-0.076  0.020 -2.321
-0.142 -0.055 -2.284
-0.139 -0.053 -2.270
-0.114 -0.049 -2.190
-0.160 -0.067 -2.306
-0.142 -0.043 -2.288
-0.112 -0.025 -2.255
-0.076  0.023 -2.332
-0.160 -0.056 -2.442
-0.100  0.004 -2.407
-0.157 -0.039 -2.507
-0.094  0.009 -2.437
-0.104 -0.011 -2.366
-0.070  0.042 -2.213
-0.092  0.012 -2.331
-0.016  0.108 -2.314
-0.115 -0.009 -2.382
-0.016  0.099 -2.158
-0.173 -0.028 -2.331
-0.167 -0.021 -2.346
-0.123 -0.006 -2.236
-0.075  0.016 -2.097
-0.174 -0.036 -2.248
-0.171 -0.024 -2.257
-0.198 -0.036 -2.281
-0.201 -0.125 -2.492
-0.173 -0.014 -2.258
-0.167 -0.099 -2.360
-0.220 -0.028 -2.247
-0.156  0.045 -2.158
-0.184  0.003 -2.292
-0.213 -0.110 -2.579
-0.281 -0.052 -2.532
-0.291 -0.047 -2.506
-0.310 -0.086 -2.514
-0.182  0.043 -2.327
-0.225 -0.042 -2.359
-0.178  0.021 -2.361
-0.223 -0.056 -2.335
-0.235 -0.052 -2.290
-0.291 -0.072 -2.449
-0.229  0.004 -2.323
-0.269 -0.028 -2.390
-0.213  0.003 -2.254
-0.214  0.027 -2.222
-0.244 -0.005 -2.350
-0.167  0.079 -2.354
-0.211 -0.033 -2.409
 0.117  0.237 -1.681
-0.199  0.018 -2.283
 0.011  0.190 -2.123
-0.060  0.089 -2.363
 0.060  0.194 -2.290
 0.009  0.111 -2.266
 0.002  0.125 -2.211
-0.064  0.039 -2.416
 0.111  0.214 -2.221
-0.007  0.057 -2.380
 0.064  0.161 -2.249
 0.005  0.077 -2.321
-0.020  0.075 -2.461
-0.000  0.080 -2.508
-0.073  0.080 -2.622
-0.039  0.074 -2.543
-0.061  0.064 -2.594
-0.103  0.024 -2.639
-0.137  0.005 -2.668
-0.099  0.033 -2.530
-0.067 -0.042 -2.709
-0.096  0.036 -2.546
-0.083 -0.005 -2.582
-0.172 -0.016 -2.597
-0.141 -0.106 -2.732
-0.177 -0.023 -2.644
-0.070 -0.039 -2.700
-0.114  0.019 -2.537
-0.101 -0.067 -2.662
-0.155  0.040 -2.563
-0.138 -0.006 -2.847
-0.367 -0.094 -3.066
-0.380 -0.197 -3.333
-0.546 -0.214 -3.418
-0.515 -0.205 -3.414
-0.511 -0.194 -3.364
-0.431 -0.165 -3.249
-0.447 -0.166 -3.217
-0.468 -0.179 -3.252
-0.355 -0.051 -3.191
-0.504 -0.201 -3.324
-0.345 -0.062 -3.127
-0.439 -0.153 -3.182
-0.371 -0.105 -3.159
-0.394 -0.165 -3.211
-0.302 -0.076 -3.107
-0.314 -0.121 -3.000
-0.385 -0.119 -3.100
-0.304 -0.091 -2.987
-0.296 -0.070 -3.039
-0.321 -0.102 -3.022
-0.331 -0.096 -3.039
-0.348 -0.087 -2.999
-0.246 -0.068 -2.853
-0.279 -0.063 -2.931
-0.322 -0.069 -2.996
-0.354 -0.113 -3.027
-0.274 -0.160 -3.111
-0.250 -0.008 -2.836
-0.161 -0.045 -2.830
-0.238  0.002 -2.711
-0.136  0.088 -2.654
-0.238  0.027 -2.721
-0.281 -0.092 -2.870
-0.207  0.016 -2.694
-0.229  0.016 -2.634
-0.208 -0.010 -2.708
 0.019  0.123 -2.486
-0.028  0.072 -2.518
-0.091  0.062 -2.535
-0.093  0.050 -2.509
-0.120  0.044 -2.576
-0.129  0.044 -2.631
-0.191  0.046 -2.628
-0.144  0.067 -2.422
-0.161  0.038 -2.440
-0.122  0.061 -2.400
-0.092  0.091 -2.387
-0.079  0.061 -2.366
-0.084  0.081 -2.299
-0.080  0.074 -2.265
-0.084  0.078 -2.267
-0.053  0.099 -2.246
-0.043  0.098 -2.195
-0.032  0.122 -2.069
-0.104  0.078 -2.226
 0.015  0.133 -2.064
 0.063  0.114 -1.965
 0.094  0.132 -1.859
-0.004  0.071 -1.945
 0.021  0.121 -1.939
-0.051  0.052 -2.048
 0.048  0.159 -1.979
-0.033  0.072 -2.004
 0.051  0.156 -1.827
 0.054  0.134 -1.794
 0.143  0.244 -1.805
 0.050  0.141 -1.832
 0.112  0.214 -1.753
 0.023  0.126 -1.814
 0.084  0.202 -1.811
-0.031  0.090 -1.938
 0.023  0.140 -1.864
-0.041  0.083 -1.935
-0.003  0.140 -1.940
-0.018  0.084 -1.924
 0.079  0.190 -1.919
-0.045  0.072 -1.914
 0.016  0.162 -1.855
-0.083  0.062 -1.995
-0.009  0.130 -1.954
-0.020  0.087 -1.890
-0.029  0.121 -1.842
-0.102  0.047 -1.952
-0.175 -0.035 -2.135
-0.159 -0.016 -2.097
-0.159  0.029 -2.089
-0.181  0.001 -2.095
-0.175 -0.014 -2.097
-0.137  0.029 -2.049
-0.178 -0.034 -2.135
-0.103  0.045 -2.084
-0.194 -0.039 -2.118
-0.159  0.052 -2.113
-0.193 -0.007 -2.033
-0.093  0.083 -2.029
-0.184 -0.014 -2.148
-0.102  0.106 -2.066
-0.192 -0.006 -2.112
-0.178  0.018 -2.114
-0.189 -0.025 -2.098
-0.146  0.022 -2.090
-0.204 -0.034 -2.233
-0.198 -0.024 -2.222
-0.274 -0.088 -2.373
-0.283 -0.105 -2.368
-0.250 -0.086 -2.295
-0.182 -0.025 -2.117
-0.230 -0.046 -2.163
-0.207 -0.027 -2.141
-0.191 -0.023 -2.137
-0.182 -0.017 -2.157
-0.229 -0.052 -2.268
-0.244 -0.075 -2.315
-0.275 -0.085 -2.376
-0.214 -0.048 -2.328
-0.189 -0.056 -2.325
-0.103  0.017 -2.323
-0.154 -0.053 -2.267
-0.112 -0.111 -2.402
-0.183 -0.090 -2.386
-0.199 -0.119 -2.360
-0.208 -0.097 -2.252
-0.122 -0.026 -2.237
-0.180 -0.092 -2.311
-0.091 -0.037 -2.323
-0.204 -0.111 -2.296
-0.285 -0.160 -2.376
-0.284 -0.121 -2.420
-0.266 -0.109 -2.383
-0.157  0.012 -2.350
-0.188 -0.044 -2.181
-0.168 -0.000 -2.047
-0.182 -0.015 -2.051
-0.171  0.010 -2.066
-0.118  0.000 -1.967
-0.009  0.094 -1.876
-0.157 -0.050 -2.003
-0.086  0.045 -1.879
-0.157 -0.046 -1.940
-0.133 -0.023 -1.943
-0.182 -0.069 -2.051
-0.133 -0.015 -1.933
-0.175 -0.047 -1.921
-0.232 -0.092 -2.052
-0.265 -0.077 -2.118
-0.197 -0.001 -2.081
-0.207 -0.045 -2.149
-0.248 -0.085 -2.189
-0.291 -0.098 -2.209
-0.274 -0.106 -2.171
-0.155  0.032 -2.035
-0.228 -0.064 -2.109
-0.200 -0.009 -2.054
-0.247 -0.035 -2.082
-0.260 -0.037 -2.096
-0.245 -0.028 -2.048
-0.220  0.019 -2.140
-0.241 -0.011 -2.145
-0.275 -0.022 -2.206
-0.254 -0.026 -2.083
-0.216 -0.026 -2.011
-0.271 -0.034 -2.128
-0.410 -0.098 -2.389
-0.331  0.006 -2.420
-0.525 -0.176 -2.683
-0.400 -0.065 -2.436
-0.473 -0.149 -2.572
-0.525 -0.172 -2.791
-0.448 -0.148 -2.705
-0.347 -0.112 -2.484
-0.374 -0.116 -2.511
-0.389 -0.123 -2.568
-0.366 -0.123 -2.561
-0.333 -0.108 -2.415
-0.312 -0.093 -2.319
-0.312 -0.086 -2.278
-0.230  0.018 -2.269
-0.253 -0.066 -2.269
-0.156  0.013 -2.135
-0.217 -0.030 -2.233
-0.260 -0.086 -2.345
-0.067  0.025 -1.910
 0.058  0.147 -1.666
 0.032  0.105 -1.573
 0.005  0.096 -1.655
 0.035  0.156 -1.649
-0.026  0.087 -1.750
-0.124  0.054 -1.900
-0.217  0.020 -2.111
-0.228  0.025 -2.135
-0.202  0.048 -2.044
-0.189  0.093 -2.168
-0.301  0.008 -2.317
-0.083  0.155 -2.025
-0.153  0.049 -1.988
-0.124  0.124 -2.042
-0.284 -0.007 -2.285
-0.291  0.012 -2.337
-0.307  0.008 -2.263
-0.317  0.008 -2.329
-0.229  0.033 -2.135
-0.228  0.050 -2.156
-0.346 -0.037 -2.386
-0.287 -0.024 -2.336
-0.349 -0.026 -2.471
-0.402 -0.107 -2.624
-0.403 -0.061 -2.529
-0.380 -0.046 -2.442
-0.460 -0.087 -2.625
-0.372 -0.064 -2.489
-0.409 -0.091 -2.570
-0.401 -0.086 -2.533
-0.430 -0.096 -2.710
-0.375 -0.092 -2.649
-0.259  0.033 -2.495
-0.179 -0.000 -2.210
-0.118  0.073 -1.998
-0.088  0.060 -1.952
-0.060 -0.004 -2.048
 0.031  0.136 -1.730
 0.163  0.159 -1.687
 0.078  0.145 -1.641
 0.132  0.161 -1.579
 0.074  0.132 -1.754
-0.117  0.006 -2.183
-0.132 -0.006 -2.131
-0.038  0.037 -1.961
 0.037  0.089 -1.787
 0.137  0.183 -1.697
 0.102  0.129 -1.666
 0.104  0.104 -1.708
 0.040  0.113 -1.718
 0.092  0.168 -1.748
 0.054  0.152 -1.684
 0.129  0.245 -1.639
 0.004  0.105 -1.757
 0.018  0.145 -1.892
 0.038  0.166 -1.894
 0.000  0.112 -1.830
-0.017  0.093 -1.889
-0.087  0.052 -2.083
-0.033  0.123 -1.943
-0.102  0.045 -1.985
-0.044  0.148 -1.909
-0.036  0.112 -1.810
-0.059  0.118 -1.928
-0.096  0.067 -1.902
-0.115  0.075 -1.921
-0.149  0.003 -2.060
-0.098  0.042 -2.044
-0.136 -0.004 -2.023
-0.059  0.114 -1.849
-0.139  0.018 -1.946
-0.062  0.087 -1.894
-0.086  0.031 -1.847
-0.069  0.096 -1.893
-0.165 -0.007 -1.911
-0.211  0.000 -2.161
-0.247 -0.068 -2.192
-0.194 -0.030 -2.041
-0.216 -0.035 -2.104
-0.172 -0.005 -2.044
-0.182 -0.025 -2.126
-0.204 -0.009 -2.124
-0.151 -0.001 -1.954
-0.185 -0.029 -2.030
-0.213 -0.052 -2.122
-0.182 -0.035 -2.121
-0.185  0.020 -2.085
-0.264 -0.014 -2.096
-0.242 -0.027 -2.047
-0.269 -0.042 -2.199
-0.303 -0.067 -2.262
-0.342 -0.072 -2.346
-0.350 -0.076 -2.356
-0.345 -0.079 -2.426
-0.219  0.003 -2.352
-0.289 -0.044 -2.217
-0.220  0.020 -2.188
-0.214 -0.005 -2.130
-0.264 -0.050 -2.310
-0.277 -0.031 -2.330
-0.242 -0.029 -2.211
-0.290 -0.042 -2.242
-0.286 -0.043 -2.188
-0.137  0.094 -2.111
-0.260 -0.027 -2.232
-0.119  0.113 -2.039
-0.255 -0.008 -2.142
-0.229  0.034 -2.090
-0.221 -0.004 -2.057
-0.185  0.031 -2.006
-0.254 -0.050 -2.044
-0.235  0.000 -1.984
-0.269 -0.056 -1.985
-0.253 -0.025 -1.989
-0.265 -0.066 -2.001
-0.227 -0.036 -1.986
-0.271 -0.073 -1.934
-0.282 -0.052 -1.912
-0.231 -0.052 -1.879
-0.268 -0.069 -1.993
-0.278 -0.090 -1.992
-0.304 -0.130 -1.996
-0.329 -0.116 -2.021
-0.326 -0.098 -2.019
-0.293 -0.081 -1.946
-0.291 -0.035 -2.019
-0.407 -0.124 -2.080
-0.331 -0.086 -1.915
-0.252 -0.045 -1.824
-0.274 -0.073 -1.859
-0.247 -0.056 -1.746
-0.211 -0.050 -1.708
-0.224 -0.056 -1.813
-0.195 -0.056 -1.746
-0.230 -0.069 -1.720
-0.278 -0.081 -1.727
-0.200 -0.005 -1.711
-0.289 -0.113 -1.872
-0.222 -0.013 -1.809
-0.286 -0.090 -1.746
-0.266 -0.069 -1.736
-0.262 -0.085 -1.747
-0.223 -0.058 -1.736
-0.221 -0.077 -1.681
-0.266 -0.071 -1.679
-0.310 -0.104 -1.719
-0.288 -0.183 -1.910
-0.307 -0.082 -1.771
-0.310 -0.178 -1.904
-0.371 -0.124 -1.833
-0.337 -0.182 -1.965
-0.360 -0.092 -1.816
-0.340 -0.088 -1.853
-0.284 -0.059 -1.799
-0.284 -0.150 -1.899
-0.318 -0.073 -1.754
-0.266 -0.013 -1.794
-0.303 -0.046 -1.714
-0.188  0.019 -1.489
-0.076  0.070 -1.266
-0.164  0.011 -1.443
-0.202  0.010 -1.500
-0.148  0.018 -1.446
-0.153  0.024 -1.507
-0.195 -0.017 -1.545
-0.110  0.050 -1.419
-0.154 -0.010 -1.484
-0.061  0.085 -1.418
-0.205 -0.014 -1.474
-0.254 -0.004 -1.599
-0.362 -0.093 -1.828
-0.302 -0.041 -1.795
-0.298 -0.063 -1.717
-0.330 -0.049 -1.735
-0.364 -0.087 -1.807
-0.316 -0.055 -1.846
-0.348 -0.093 -1.870
-0.314 -0.036 -1.793
-0.402 -0.121 -1.910
-0.301 -0.029 -1.828
-0.373 -0.082 -1.815
-0.311  0.002 -1.816
-0.362 -0.073 -1.794
-0.247  0.026 -1.703
-0.312 -0.040 -1.781
-0.267  0.028 -1.735
-0.322 -0.038 -1.746
-0.380 -0.043 -1.882
-0.366 -0.049 -1.957
-0.316  0.001 -1.924
-0.325 -0.004 -1.899
-0.323 -0.001 -1.876
-0.343 -0.022 -1.913
-0.246 -0.022 -1.818
-0.303  0.014 -1.826
-0.215  0.094 -1.744
-0.308  0.017 -1.807
-0.208  0.057 -1.694
-0.154  0.080 -1.592
-0.048  0.117 -1.339
-0.002  0.166 -1.223
-0.077  0.116 -1.272
-0.000  0.190 -1.267
-0.109  0.076 -1.390
-0.043  0.142 -1.333
-0.058  0.112 -1.350
-0.073  0.130 -1.417
-0.122  0.079 -1.443
-0.080  0.061 -1.416
-0.162  0.053 -1.571
-0.204  0.029 -1.689
-0.297 -0.012 -1.921
-0.259  0.002 -1.870
-0.185  0.068 -1.612
-0.171  0.051 -1.560
-0.100  0.140 -1.476
-0.157  0.063 -1.503
-0.309 -0.031 -1.956
-0.284 -0.006 -1.896
-0.284 -0.101 -2.057
-0.319 -0.013 -1.898
-0.392 -0.065 -2.026
-0.305 -0.002 -1.942
-0.239 -0.062 -2.061
-0.135  0.044 -1.960
-0.265 -0.076 -1.992
-0.203 -0.026 -1.976
-0.272 -0.074 -1.929
-0.185  0.019 -1.765
-0.173 -0.031 -1.790
-0.206 -0.014 -1.785
-0.181  0.002 -1.747
-0.186  0.016 -1.793
-0.113  0.067 -1.685
-0.049  0.100 -1.536
-0.087  0.059 -1.576
-0.157  0.029 -1.703
-0.265 -0.047 -1.953
-0.160  0.056 -1.843
-0.274 -0.058 -1.948
-0.136  0.059 -1.687
-0.120  0.036 -1.670
-0.010  0.082 -1.510
-0.091  0.045 -1.566
-0.130  0.002 -1.623
-0.150 -0.012 -1.701
-0.023  0.043 -1.754
-0.140 -0.011 -1.844
-0.045  0.041 -1.825
-0.098  0.045 -1.625
-0.031  0.098 -1.443
-0.004  0.134 -1.418
 0.050  0.146 -1.349
 0.041  0.164 -1.362
-0.006  0.105 -1.393
 0.037  0.191 -1.396
-0.077  0.075 -1.554
-0.010  0.110 -1.476
 0.013  0.120 -1.436
 0.050  0.110 -1.359
-0.018  0.142 -1.384
-0.081  0.085 -1.572
-0.123  0.043 -1.668
-0.052  0.120 -1.497
-0.118  0.045 -1.550
-0.074  0.075 -1.387
-0.071  0.092 -1.393
-0.123  0.019 -1.596
-0.091  0.084 -1.681
-0.234 -0.037 -1.795
-0.148  0.040 -1.706
-0.157  0.005 -1.692
-0.106  0.052 -1.672
-0.146  0.030 -1.707
-0.132  0.056 -1.578
-0.174  0.024 -1.543
-0.230 -0.079 -1.778
-0.244 -0.031 -1.763
-0.162 -0.031 -1.645
-0.246 -0.007 -1.722
-0.205  0.036 -1.643
-0.231 -0.006 -1.806
-0.201 -0.007 -1.776
-0.280 -0.046 -1.926
-0.367 -0.088 -2.150
-0.409 -0.090 -2.232
-0.384 -0.082 -2.183
-0.413 -0.077 -2.220
-0.447 -0.132 -2.243
-0.480 -0.146 -2.352
-0.495 -0.156 -2.341
-0.397 -0.086 -2.253
-0.443 -0.139 -2.390
-0.404 -0.096 -2.202
-0.360 -0.087 -2.127
-0.266  0.003 -2.208
-0.358 -0.096 -2.311
-0.270 -0.012 -2.149
-0.306 -0.058 -2.044
-0.217  0.045 -1.956
-0.283 -0.030 -2.026
-0.256 -0.010 -2.054
-0.261 -0.018 -1.945
-0.139  0.087 -1.621
-0.180  0.045 -1.740
-0.072  0.115 -1.585
-0.044  0.134 -1.566
-0.046  0.125 -1.540
-0.237  0.015 -1.880
-0.252  0.000 -1.830
-0.157  0.085 -1.780
-0.277 -0.032 -1.988
-0.163  0.105 -1.775
-0.325 -0.050 -2.028
-0.167  0.071 -1.768
-0.144  0.079 -1.661
-0.169  0.094 -1.734
-0.180  0.055 -1.673
-0.240 -0.086 -2.046
-0.251 -0.017 -1.996
-0.163  0.045 -1.977
-0.214  0.019 -1.794
-0.185  0.032 -1.776
-0.189  0.036 -1.843
-0.206 -0.025 -1.956
-0.191 -0.012 -1.858
-0.157 -0.005 -1.769
-0.166  0.003 -1.782
-0.184 -0.024 -1.901
-0.158  0.004 -1.976
-0.177  0.003 -1.905
-0.171  0.039 -1.881
-0.213  0.000 -1.951
-0.206 -0.004 -1.988
-0.194 -0.005 -1.933
-0.235 -0.025 -2.025
-0.185 -0.016 -1.974
-0.056  0.119 -1.889
-0.151  0.017 -1.883
-0.200  0.035 -1.995
-0.201  0.000 -1.966
-0.137  0.037 -1.909
-0.180  0.015 -1.936
-0.239 -0.017 -1.985
-0.256 -0.021 -1.949
-0.185  0.051 -1.969
-0.250 -0.036 -2.045
-0.241 -0.027 -1.966
-0.207 -0.010 -1.916
-0.224 -0.023 -1.932
-0.130  0.049 -1.869
-0.148 -0.000 -1.834
-0.092  0.100 -1.776
-0.190 -0.036 -1.857
-0.159  0.001 -1.890
-0.145 -0.026 -1.798
-0.138  0.006 -1.771
-0.123 -0.009 -1.701
-0.219 -0.051 -1.882
-0.157 -0.029 -1.846
-0.168 -0.044 -1.908
-0.180 -0.014 -1.869
-0.263 -0.071 -2.037
-0.105  0.063 -1.761
-0.207 -0.046 -1.922
-0.155 -0.006 -1.851
-0.203 -0.062 -1.888
-0.129 -0.003 -1.663
-0.187 -0.028 -1.797
-0.220 -0.055 -1.937
-0.056  0.037 -1.624
-0.152 -0.019 -1.784
-0.250 -0.061 -1.941
-0.260 -0.096 -1.997
-0.074  0.027 -1.731
-0.136 -0.037 -1.851
-0.099  0.030 -1.705
-0.061  0.036 -1.651
-0.036  0.057 -1.631
-0.062  0.046 -1.735
-0.019  0.083 -1.693
-0.116  0.010 -1.721
-0.075  0.095 -1.706
-0.135  0.001 -1.728
-0.041  0.082 -1.680
-0.089  0.024 -1.661
-0.054  0.085 -1.746
-0.183 -0.031 -1.858
-0.151  0.032 -1.891
-0.197 -0.058 -1.996
-0.119  0.047 -1.918
-0.276 -0.071 -2.040
-0.282 -0.027 -2.128
-0.334 -0.117 -2.152
-0.179  0.016 -2.002
-0.258 -0.073 -2.063
-0.285 -0.078 -2.101
-0.322 -0.096 -2.177
-0.325 -0.080 -2.218
-0.253 -0.078 -2.131
-0.337 -0.103 -2.241
-0.368 -0.131 -2.278
-0.307 -0.074 -2.124
-0.224 -0.011 -1.973
-0.197  0.001 -1.974
-0.166 -0.001 -1.829
-0.176  0.020 -1.873
-0.231 -0.052 -1.895
-0.118  0.062 -1.767
-0.124  0.024 -1.742
-0.103  0.033 -1.750
-0.156  0.008 -1.812
-0.167 -0.105 -2.014
-0.177 -0.002 -1.802
-0.150 -0.003 -1.791
-0.125  0.039 -1.726
-0.114  0.043 -1.708
-0.145  0.050 -1.673
-0.149  0.011 -1.705
 0.003  0.147 -1.598
-0.125  0.031 -1.682
-0.044  0.127 -1.554
-0.169 -0.016 -1.740
-0.137  0.035 -1.722
-0.117  0.006 -1.691
-0.179 -0.016 -1.765
-0.226 -0.013 -1.802
-0.180  0.031 -1.830
-0.197 -0.041 -1.870
-0.199 -0.041 -1.908
-0.243 -0.044 -1.943
-0.239 -0.043 -1.913
-0.172  0.053 -1.939
-0.248 -0.040 -2.011
-0.163  0.053 -1.956
-0.243 -0.022 -1.931
-0.186  0.029 -1.843
-0.183  0.023 -1.820
-0.169  0.018 -1.855
-0.149  0.045 -1.765
-0.203  0.013 -1.836
-0.241  0.016 -1.888
-0.094  0.107 -1.830
-0.169  0.044 -1.842
-0.181  0.083 -1.907
-0.174  0.071 -1.751
-0.171  0.055 -1.795
-0.146  0.069 -1.797
-0.147  0.058 -1.865
-0.055  0.135 -1.549
-0.105  0.073 -1.701
-0.109  0.070 -1.805
-0.031  0.108 -1.734
-0.035  0.126 -1.670
-0.009  0.126 -1.616
-0.036  0.111 -1.599
-0.059  0.069 -1.713
 0.021  0.166 -1.749
 0.002  0.112 -1.621
 0.034  0.199 -1.579
-0.043  0.096 -1.594
-0.080  0.071 -1.709
-0.095  0.009 -1.832
-0.109  0.033 -1.814
-0.105  0.023 -1.739
-0.105  0.047 -1.642
-0.107  0.037 -1.649
-0.041 -0.014 -1.768
-0.125  0.041 -1.808
-0.110 -0.043 -1.869
-0.190  0.010 -1.809
-0.050  0.025 -1.781
-0.110  0.053 -1.675
-0.140  0.021 -1.829
-0.140 -0.004 -1.868
-0.207 -0.044 -1.939
-0.224 -0.071 -2.000
-0.189 -0.045 -1.963
-0.177 -0.028 -1.931
-0.252 -0.082 -2.063
-0.316 -0.096 -2.079
-0.250 -0.069 -1.987
-0.242 -0.077 -1.995
-0.202 -0.138 -2.203
-0.313 -0.152 -2.184
-0.211 -0.160 -2.267
-0.184 -0.070 -1.947
-0.220 -0.123 -2.092
-0.180 -0.096 -1.953
-0.225 -0.094 -1.928
-0.259 -0.100 -1.978
-0.218 -0.096 -1.940
-0.117  0.019 -1.792
-0.229 -0.075 -1.914
-0.174  0.019 -1.906
-0.138 -0.016 -1.715
-0.068  0.043 -1.682
-0.175 -0.024 -1.925
-0.057  0.066 -1.616
-0.116  0.020 -1.730
-0.185 -0.122 -2.055
-0.176  0.003 -1.862
-0.116  0.013 -1.856
-0.001  0.113 -1.600
-0.121  0.042 -1.828
-0.204  0.006 -1.993
-0.240 -0.066 -2.008
-0.204 -0.006 -1.919
-0.176 -0.039 -1.963
-0.149 -0.028 -1.971
-0.167 -0.015 -2.013
-0.123 -0.052 -2.084
-0.183  0.005 -1.949
-0.162  0.010 -1.964
-0.072  0.099 -1.817
-0.148  0.010 -1.933
 0.028  0.178 -1.566
-0.139  0.016 -1.783
-0.133  0.032 -1.831
-0.216 -0.025 -1.963
-0.214 -0.069 -2.007
-0.339 -0.085 -2.115
-0.411 -0.154 -2.292
-0.352 -0.092 -2.196
-0.354 -0.105 -2.258
-0.406 -0.124 -2.323
-0.335 -0.105 -2.155
-0.204  0.037 -1.939
-0.258 -0.052 -1.955
-0.173  0.024 -1.840
-0.158  0.004 -1.837
-0.068  0.068 -1.570
-0.156  0.015 -1.681
-0.137  0.049 -1.652
-0.218 -0.038 -1.918
-0.271 -0.056 -2.050
-0.161  0.068 -1.937
-0.270 -0.036 -1.958
-0.244  0.028 -1.993
-0.342 -0.096 -2.133
-0.304 -0.073 -2.074
-0.234 -0.039 -1.968
-0.238 -0.056 -1.971
-0.359 -0.080 -2.055
-0.298 -0.048 -1.982
-0.276 -0.034 -2.013
-0.285 -0.048 -2.093
-0.263 -0.036 -2.005
-0.274 -0.047 -1.994
-0.260 -0.009 -2.094
-0.266 -0.069 -2.125
-0.137  0.059 -1.987
-0.292 -0.056 -2.054
-0.264 -0.029 -2.034
-0.353 -0.102 -2.141
-0.274 -0.102 -2.112
-0.257 -0.049 -1.998
-0.275 -0.036 -2.013
-0.274 -0.059 -1.993
-0.282 -0.079 -2.048
-0.228 -0.036 -1.954
-0.235 -0.058 -1.943
-0.279 -0.054 -2.006
-0.339 -0.110 -2.144
-0.233 -0.006 -2.119
-0.320 -0.101 -2.155
-0.249 -0.030 -2.028
-0.283 -0.094 -1.975
-0.302 -0.090 -2.042
-0.219 -0.043 -1.928
-0.253 -0.151 -2.194
-0.271 -0.064 -2.050
-0.258 -0.049 -1.947
-0.283 -0.063 -2.028
-0.256 -0.051 -2.011
-0.237  0.002 -2.050
-0.317 -0.095 -2.124
-0.256  0.001 -2.005
-0.323 -0.100 -2.074
-0.174  0.023 -1.905
-0.237 -0.044 -1.989
-0.212  0.011 -1.943
-0.214 -0.023 -1.803
-0.174  0.010 -1.757
-0.198 -0.023 -1.850
-0.203 -0.076 -1.923
-0.237 -0.042 -1.860
-0.230 -0.083 -2.065
-0.311 -0.087 -1.967
-0.275 -0.064 -1.931
-0.214 -0.022 -1.856
-0.201  0.002 -1.816
-0.172  0.045 -1.744
-0.164  0.037 -1.743
-0.156  0.065 -1.800
-0.169  0.026 -1.860
-0.159  0.054 -1.784
-0.156  0.051 -1.707
-0.036  0.025 -1.684
-0.111  0.070 -1.653
-0.117  0.011 -1.897
-0.209  0.019 -1.813
-0.151  0.060 -1.673
-0.262 -0.015 -1.968
-0.201  0.009 -1.900
-0.151  0.060 -1.754
-0.123  0.069 -1.652
-0.194  0.043 -1.755
-0.303 -0.041 -2.079
-0.200  0.050 -1.843
-0.249  0.014 -1.919
-0.275  0.039 -1.904
-0.223  0.052 -1.788
-0.071  0.170 -1.530
-0.145  0.097 -1.627
-0.064  0.149 -1.420
-0.188  0.070 -1.648
-0.192 -0.026 -1.814
-0.274  0.010 -1.902
-0.101  0.132 -1.685
-0.195  0.052 -1.692
-0.375 -0.060 -2.105
-0.269  0.006 -1.894
-0.250  0.014 -1.888
-0.240  0.042 -1.901
-0.307 -0.023 -1.938
-0.227  0.071 -1.808
-0.266  0.010 -1.877
-0.177  0.080 -1.824
-0.254 -0.009 -1.937
-0.182  0.060 -1.775
-0.171  0.039 -1.704
-0.189 -0.076 -1.911
-0.193 -0.000 -1.798
-0.133  0.062 -1.605
-0.205  0.001 -1.731
-0.200 -0.001 -1.711
-0.048  0.130 -1.484
-0.034  0.091 -1.382
 0.032  0.146 -1.329
-0.060  0.072 -1.443
-0.026  0.074 -1.384
-0.058  0.081 -1.466
-0.060  0.079 -1.546
-0.086  0.081 -1.575
-0.148  0.052 -1.633
-0.213  0.019 -1.754
-0.167  0.018 -1.726
-0.141  0.061 -1.700
-0.136  0.064 -1.632
-0.127  0.102 -1.630
-0.189  0.022 -1.750
-0.121  0.089 -1.661
-0.141  0.058 -1.638
-0.152  0.080 -1.630
-0.105  0.083 -1.481
-0.154  0.037 -1.612
-0.170  0.055 -1.633
-0.124  0.096 -1.590
-0.185  0.046 -1.645
-0.151  0.047 -1.579
-0.121  0.088 -1.548
-0.114  0.073 -1.599
 0.015  0.187 -1.505
-0.084  0.086 -1.520
-0.048  0.155 -1.528
-0.173  0.042 -1.725
-0.134  0.039 -1.750
-0.114  0.074 -1.667
-0.150 -0.023 -1.911
-0.193  0.027 -1.698
-0.175  0.028 -1.667
-0.137  0.056 -1.675
-0.129  0.015 -1.716
 0.046  0.106 -1.512
 0.107  0.190 -1.120
 0.116  0.211 -0.997
 0.213  0.226 -1.073
 0.146  0.221 -0.917
 0.111  0.188 -0.975
 0.293  0.288 -0.573
 0.102  0.203 -1.020
 0.094  0.185 -0.893
 0.122  0.248 -0.918
-0.050  0.094 -1.142
 0.009  0.177 -1.075
-0.011  0.112 -1.141
 0.030  0.227 -1.233
-0.124  0.077 -1.342
-0.059  0.122 -1.223
 0.064  0.141 -1.250
-0.064  0.135 -1.250
-0.096  0.113 -1.308
-0.115  0.072 -1.292
-0.021  0.162 -1.204
-0.123  0.050 -1.296
-0.087  0.115 -1.274
-0.100  0.080 -1.257
-0.115  0.087 -1.245
-0.119  0.068 -1.159
-0.085  0.070 -1.176
-0.073  0.089 -1.158
-0.060  0.027 -1.201
-0.076  0.069 -1.160
-0.035  0.130 -1.167
-0.106  0.058 -1.215
-0.115  0.033 -1.330
-0.044  0.095 -1.173
-0.109  0.032 -1.317
-0.128  0.058 -1.258
-0.106  0.076 -1.257
-0.042  0.135 -1.285
-0.124  0.052 -1.372
-0.037  0.134 -1.373
-0.125  0.047 -1.397
-0.075  0.112 -1.270
-0.142  0.021 -1.351
-0.170 -0.010 -1.485
-0.141  0.037 -1.431
-0.115 -0.037 -1.614
-0.107  0.081 -1.315
-0.200 -0.016 -1.470
-0.123  0.021 -1.492
 0.010  0.109 -1.440
-0.085  0.009 -1.500
-0.149  0.001 -1.547
-0.111 -0.007 -1.376
 0.147  0.131 -0.924
 0.179  0.129 -0.805
 0.184  0.212 -0.887
-0.000  0.061 -1.040
-0.015  0.114 -1.015
-0.058  0.092 -1.205
-0.051  0.077 -1.184
-0.030  0.091 -1.068
-0.052  0.067 -1.061
-0.013  0.139 -1.069
-0.102  0.033 -1.203
 0.005  0.139 -1.158
-0.190 -0.028 -1.347
-0.101  0.063 -1.220
-0.188 -0.020 -1.375
-0.160  0.017 -1.318
-0.031  0.123 -1.240
-0.112  0.085 -1.204
-0.057  0.094 -1.383
-0.180  0.010 -1.455
-0.087  0.099 -1.428
-0.107  0.046 -1.357
-0.105 -0.061 -1.602
-0.253 -0.077 -1.684
-0.182 -0.018 -1.732
-0.286 -0.105 -1.812
-0.289 -0.214 -1.966
-0.368 -0.133 -1.875
-0.233 -0.025 -1.769
-0.235 -0.035 -1.664
-0.157  0.026 -1.615
-0.311 -0.120 -1.834
-0.310 -0.117 -1.806
-0.228 -0.053 -1.668
-0.127  0.004 -1.676
-0.175 -0.046 -1.576
-0.211 -0.071 -1.582
-0.231 -0.080 -1.579
-0.193 -0.039 -1.563
-0.214 -0.079 -1.679
-0.129  0.005 -1.710
-0.189 -0.066 -1.671
-0.092  0.049 -1.607
-0.219 -0.071 -1.783
-0.066 -0.083 -1.721
-0.093  0.010 -1.560
-0.160 -0.050 -1.661
-0.174 -0.047 -1.652
-0.118 -0.029 -1.479
 0.051  0.090 -1.433
 0.012 -0.011 -1.539
 0.088  0.069 -1.502
 0.031  0.003 -1.432
 0.028  0.035 -1.580
-0.053 -0.057 -1.605
 0.063  0.066 -1.520
-0.168 -0.042 -1.697
-0.154  0.027 -1.714
-0.244 -0.079 -1.879
-0.145  0.013 -1.729
-0.170 -0.027 -1.744
-0.245 -0.081 -1.866
-0.149 -0.011 -1.868
-0.229 -0.053 -1.783
-0.148 -0.048 -1.718
 0.016  0.073 -1.637
-0.191 -0.076 -1.770
-0.058  0.041 -1.457
-0.152 -0.040 -1.796
-0.029  0.061 -1.551
-0.073  0.002 -1.575
-0.096  0.003 -1.600
-0.090 -0.008 -1.515
-0.078  0.013 -1.460
-0.120 -0.010 -1.584
-0.051  0.055 -1.549
-0.098 -0.011 -1.547
 0.015  0.099 -1.441
-0.101  0.011 -1.510
-0.023  0.090 -1.462
-0.106 -0.008 -1.512
-0.057  0.070 -1.463
-0.138 -0.039 -1.569
-0.032  0.059 -1.403
-0.010  0.070 -1.327
-0.022  0.083 -1.320
-0.084  0.034 -1.388
-0.094 -0.029 -1.498
-0.096  0.001 -1.529
-0.063 -0.038 -1.461
-0.133 -0.052 -1.499
-0.122 -0.137 -1.771
-0.170 -0.083 -1.536
-0.081 -0.039 -1.342
-0.069 -0.047 -1.281
-0.107 -0.066 -1.277
-0.091 -0.042 -1.213
-0.059 -0.039 -1.192
-0.108 -0.061 -1.289
-0.147 -0.081 -1.350
-0.116 -0.057 -1.318
-0.095 -0.037 -1.263
-0.126 -0.039 -1.398
-0.079 -0.027 -1.271
-0.048  0.007 -1.207
-0.116 -0.038 -1.297
-0.087  0.024 -1.266
-0.076 -0.005 -1.226
-0.059  0.053 -1.227
-0.173 -0.050 -1.344
-0.127  0.031 -1.341
-0.194 -0.059 -1.365
-0.094  0.019 -1.256
-0.174 -0.047 -1.311
-0.173 -0.033 -1.346
-0.150 -0.034 -1.308
-0.099  0.003 -1.267
-0.147 -0.020 -1.342
-0.128 -0.014 -1.263
-0.178 -0.055 -1.277
-0.129 -0.088 -1.303
-0.070 -0.003 -1.155
-0.031  0.005 -0.992
-0.067 -0.003 -1.036
 0.047  0.020 -1.080
-0.001  0.040 -0.968
-0.025 -0.086 -1.184
-0.069  0.015 -1.070
-0.101 -0.019 -1.126
-0.121 -0.020 -1.134
-0.119 -0.033 -1.150
-0.093 -0.005 -1.054
-0.088 -0.009 -1.011
-0.066  0.043 -1.055
-0.076 -0.001 -1.031
-0.007  0.091 -1.037
-0.185 -0.030 -1.230
-0.038  0.101 -1.039
-0.090  0.050 -1.069
-0.035  0.119 -1.025
-0.130  0.035 -1.141
-0.197  0.019 -1.270
-0.169  0.021 -1.186
-0.101  0.000 -1.128
-0.130  0.040 -1.172
-0.176 -0.085 -1.361
-0.191 -0.005 -1.258
-0.216 -0.035 -1.349
-0.218 -0.018 -1.359
-0.175 -0.021 -1.314
-0.139  0.028 -1.311
-0.179 -0.017 -1.361
-0.130  0.064 -1.407
-0.225 -0.043 -1.449
-0.209 -0.007 -1.430
-0.231 -0.042 -1.443
-0.202 -0.025 -1.347
-0.229 -0.055 -1.412
-0.153 -0.085 -1.532
-0.187 -0.042 -1.419
-0.158 -0.033 -1.582
-0.274 -0.080 -1.551
-0.288 -0.086 -1.620
-0.223 -0.047 -1.522
-0.205 -0.049 -1.507
-0.194 -0.006 -1.479
-0.233 -0.042 -1.530
-0.132  0.064 -1.464
-0.217 -0.036 -1.520
-0.187  0.026 -1.474
-0.198 -0.035 -1.514
-0.172  0.004 -1.500
-0.161 -0.012 -1.481
-0.150  0.013 -1.453
-0.188 -0.022 -1.500
-0.207 -0.069 -1.553
-0.214 -0.011 -1.471
-0.135  0.069 -1.408
-0.194 -0.007 -1.485
-0.116 -0.013 -1.570
-0.183  0.001 -1.431
-0.198 -0.101 -1.639
-0.167  0.020 -1.446
-0.204 -0.046 -1.545
-0.161  0.015 -1.451
-0.174  0.024 -1.460
-0.215  0.003 -1.489
-0.177 -0.078 -1.620
-0.178  0.019 -1.463
-0.138  0.072 -1.401
-0.259 -0.058 -1.542
-0.303 -0.099 -1.605
-0.256 -0.045 -1.577
-0.290 -0.102 -1.623
-0.229 -0.053 -1.592
-0.231 -0.076 -1.523
-0.245 -0.069 -1.547
-0.268 -0.106 -1.589
-0.216 -0.034 -1.527
-0.239 -0.067 -1.545
-0.250 -0.073 -1.561
-0.254 -0.061 -1.593
-0.239 -0.080 -1.533
-0.163  0.011 -1.450
-0.244 -0.083 -1.568
-0.184  0.001 -1.617
-0.235 -0.092 -1.633
-0.181 -0.024 -1.570
-0.226 -0.072 -1.569
-0.214 -0.077 -1.567
-0.218 -0.080 -1.592
-0.241 -0.137 -1.615
-0.274 -0.092 -1.588
-0.218 -0.079 -1.479
-0.213 -0.064 -1.500
-0.202 -0.060 -1.492
-0.147 -0.016 -1.411
-0.152 -0.047 -1.413
-0.045  0.064 -1.316
-0.142 -0.026 -1.386
-0.150 -0.025 -1.432
-0.126 -0.014 -1.298
-0.131 -0.118 -1.563
-0.177 -0.044 -1.403
-0.164 -0.041 -1.436
-0.141 -0.018 -1.405
-0.154 -0.047 -1.392
-0.108  0.021 -1.386
-0.200 -0.060 -1.480
-0.175 -0.030 -1.536
-0.120 -0.034 -1.372
-0.149 -0.023 -1.421
-0.159 -0.050 -1.407
-0.168 -0.090 -1.442
-0.162 -0.051 -1.445
-0.091 -0.108 -1.600
-0.092  0.008 -1.306
-0.141  0.005 -1.372
-0.128 -0.006 -1.399
-0.168 -0.028 -1.513
-0.187 -0.043 -1.580
-0.149 -0.031 -1.428
-0.096  0.042 -1.425
-0.163 -0.040 -1.446
-0.136  0.015 -1.464
-0.200 -0.049 -1.575
-0.185 -0.018 -1.490
-0.410 -0.193 -2.256
-0.404 -0.191 -2.290
-0.373 -0.192 -2.298
-0.457 -0.236 -2.537
-0.442 -0.238 -2.417
-0.413 -0.214 -2.309
-0.323 -0.127 -2.125
-0.333 -0.245 -2.406
-0.337 -0.146 -2.204
-0.273 -0.051 -2.074
-0.325 -0.117 -2.160
-0.268 -0.085 -2.026
-0.345 -0.119 -2.209
-0.382 -0.159 -2.228
-0.378 -0.145 -2.182
-0.277 -0.102 -1.978
-0.304 -0.125 -2.067
-0.303 -0.128 -2.059
-0.304 -0.119 -2.076
-0.340 -0.150 -2.160
-0.232 -0.026 -2.097
-0.296 -0.140 -2.130
-0.239 -0.052 -2.031
-0.265 -0.106 -2.007
-0.282 -0.107 -2.044
-0.318 -0.130 -2.138
-0.290 -0.122 -2.124
-0.277 -0.075 -2.017
-0.212 -0.099 -2.133
-0.289 -0.077 -2.059
-0.285 -0.095 -2.098
-0.231 -0.037 -1.928
-0.244 -0.048 -1.970
-0.215 -0.026 -1.872
-0.242 -0.079 -1.938
-0.139  0.035 -1.956
-0.212 -0.038 -1.869
-0.077  0.125 -1.652
-0.100  0.077 -1.530
 0.088  0.210 -1.223
 0.089  0.173 -1.124
-0.057  0.117 -1.400
 0.023  0.120 -1.157
 0.048  0.139 -1.224
 0.122  0.053 -1.365
 0.056  0.132 -1.201
 0.089  0.169 -1.138
 0.084  0.150 -1.078
 0.095  0.201 -1.063
-0.006  0.139 -1.225
 0.012  0.190 -1.396
-0.176  0.025 -1.612
-0.005  0.198 -1.287
-0.144  0.066 -1.420
-0.154  0.062 -1.476
-0.185  0.026 -1.514
-0.085  0.012 -1.614
-0.241  0.004 -1.698
-0.273 -0.013 -1.720
-0.245  0.008 -1.691
-0.251 -0.006 -1.732
-0.137  0.109 -1.679
-0.232 -0.009 -1.687
-0.154  0.090 -1.609
-0.215 -0.016 -1.602
-0.173  0.037 -1.573
-0.148  0.041 -1.466
-0.131  0.067 -1.478
-0.090  0.072 -1.327
 0.074  0.088 -1.293
-0.032  0.136 -1.213
 0.008  0.155 -1.151
 0.041  0.151 -1.132
-0.070  0.122 -1.298
-0.108  0.106 -1.360
-0.086  0.109 -1.320
-0.035  0.162 -1.356
-0.151  0.070 -1.431
-0.118  0.121 -1.399
-0.062  0.137 -1.204
-0.072  0.025 -1.432
-0.018  0.136 -1.300
 0.025  0.089 -1.391
-0.082  0.122 -1.279
-0.106  0.102 -1.375
-0.181  0.045 -1.483
-0.178  0.028 -1.543
-0.005  0.186 -1.310
-0.100  0.077 -1.287
-0.036  0.162 -1.198
-0.080  0.076 -1.217
-0.003  0.174 -1.120
-0.051  0.113 -1.141
-0.086  0.121 -1.183
-0.181  0.051 -1.348
-0.285 -0.044 -1.724
-0.409 -0.060 -1.936
-0.566 -0.234 -2.310
-0.541 -0.160 -2.136
-0.422 -0.080 -1.905
-0.371 -0.073 -1.829
-0.342 -0.062 -1.774
-0.288 -0.000 -1.633
-0.336 -0.041 -1.752
-0.343 -0.005 -1.889
-0.314 -0.044 -1.864
-0.068  0.149 -1.445
-0.187  0.033 -1.518
-0.163  0.062 -1.537
-0.205  0.023 -1.570
-0.140  0.056 -1.494
-0.202  0.039 -1.564
-0.155  0.011 -1.527
-0.180  0.038 -1.524
-0.197  0.040 -1.581
-0.357 -0.080 -1.922
-0.354 -0.088 -1.866
-0.316 -0.054 -1.752
-0.294 -0.058 -1.730
-0.254 -0.010 -1.738
-0.329 -0.083 -1.838
-0.284 -0.022 -1.685
-0.286 -0.056 -1.685
-0.230  0.045 -1.732
-0.245 -0.023 -1.621
-0.221  0.039 -1.612
-0.306 -0.042 -1.678
-0.212  0.069 -1.604
-0.317 -0.041 -1.688
-0.228  0.053 -1.669
-0.320 -0.048 -1.649
-0.296  0.003 -1.664
-0.372 -0.098 -1.776
-0.384 -0.115 -1.938
-0.338 -0.084 -1.705
-0.277 -0.011 -1.524
-0.320 -0.044 -1.666
-0.218  0.031 -1.505
-0.208  0.035 -1.460
-0.256 -0.010 -1.505
-0.350 -0.068 -1.671
-0.338 -0.151 -1.840
-0.269 -0.018 -1.587
-0.236 -0.016 -1.512
-0.200  0.029 -1.410
-0.193  0.067 -1.394
-0.236  0.003 -1.511
-0.183  0.026 -1.422
-0.223  0.012 -1.522
-0.231  0.016 -1.533
-0.209  0.031 -1.487
-0.234 -0.016 -1.580
-0.098  0.092 -1.449
-0.203 -0.017 -1.509
-0.178  0.023 -1.511
-0.234 -0.056 -1.549
-0.099  0.063 -1.461
-0.210 -0.026 -1.581
-0.054  0.109 -1.292
-0.138  0.045 -1.410
-0.110  0.079 -1.447
-0.127  0.038 -1.366
-0.053  0.114 -1.368
-0.169 -0.009 -1.437
-0.090  0.112 -1.342
-0.143  0.026 -1.330
-0.042  0.131 -1.310
-0.153  0.001 -1.424
-0.075  0.084 -1.392
-0.178 -0.009 -1.484
-0.143  0.041 -1.430
-0.169 -0.005 -1.446
-0.126  0.039 -1.376
-0.178 -0.011 -1.496
-0.161  0.023 -1.421
-0.207  0.002 -1.478
-0.042  0.126 -1.251
-0.123  0.055 -1.282
-0.106  0.054 -1.303
-0.101  0.060 -1.276
-0.120  0.047 -1.277
-0.026  0.163 -1.233
-0.153  0.031 -1.350
-0.064  0.098 -1.225
-0.120  0.036 -1.294
-0.150  0.039 -1.330
-0.182 -0.021 -1.401
-0.158 -0.036 -1.414
-0.160 -0.007 -1.408
-0.066  0.015 -1.491
-0.123  0.026 -1.384
-0.062  0.103 -1.271
-0.165  0.019 -1.376
-0.193 -0.016 -1.481
-0.201 -0.008 -1.522
-0.207 -0.034 -1.477
-0.164  0.033 -1.361
-0.229 -0.042 -1.460
-0.205  0.001 -1.482
-0.214 -0.049 -1.466
-0.251 -0.038 -1.533
-0.245 -0.063 -1.445
-0.284 -0.080 -1.560
-0.263 -0.063 -1.542
-0.221 -0.141 -1.645
-0.245 -0.063 -1.503
-0.292 -0.069 -1.527
-0.232 -0.060 -1.456
-0.184 -0.045 -1.383
-0.095  0.038 -1.339
-0.196 -0.056 -1.493
-0.074  0.088 -1.313
-0.162 -0.030 -1.345
-0.141  0.001 -1.401
-0.118  0.002 -1.353
-0.111  0.049 -1.288
-0.183  0.005 -1.382
-0.130 -0.057 -1.413
-0.117  0.031 -1.298
-0.064  0.083 -1.193
-0.030  0.085 -1.145
-0.040  0.065 -1.175
-0.088  0.041 -1.218
-0.086  0.044 -1.180
-0.036  0.095 -1.116
-0.042  0.062 -1.102
 0.012  0.149 -1.047
-0.070  0.055 -1.121
-0.069  0.068 -1.205
-0.111  0.041 -1.243
-0.124  0.025 -1.299
-0.132  0.013 -1.293
-0.130  0.002 -1.271
-0.107  0.012 -1.245
-0.121  0.005 -1.292
-0.101  0.030 -1.228
-0.106  0.005 -1.262
 0.004  0.130 -1.147
-0.132  0.003 -1.237
-0.109  0.052 -1.300
-0.139 -0.005 -1.232
-0.127 -0.026 -1.258
-0.114  0.001 -1.211
-0.112 -0.011 -1.227
-0.177 -0.037 -1.348
-0.150 -0.009 -1.240
-0.107  0.029 -1.174
-0.119  0.001 -1.196
-0.032  0.096 -1.195
-0.041  0.034 -1.078
 0.019  0.113 -0.973
-0.013  0.056 -0.935
