-0.278 -0.056 -1.581
-0.218  0.020 -1.587
-0.269 -0.064 -1.605
-0.216  0.010 -1.580
-0.273 -0.060 -1.578
-0.254 -0.032 -1.494
-0.253 -0.066 -1.582
-0.215 -0.034 -1.547
-0.184 -0.111 -1.584
-0.210 -0.032 -1.432
-0.160  0.013 -1.343
-0.244 -0.056 -1.582
-0.164 -0.050 -1.589
-0.272 -0.047 -1.457
-0.257 -0.031 -1.483
-0.240 -0.025 -1.467
-0.290 -0.150 -1.709
-0.315 -0.087 -1.577
-0.253 -0.019 -1.568
-0.294 -0.073 -1.632
-0.212 -0.096 -1.670
-0.226 -0.034 -1.377
-0.197 -0.009 -1.351
-0.174 -0.000 -1.403
-0.165  0.018 -1.352
-0.229 -0.015 -1.456
-0.186 -0.021 -1.432
-0.160  0.028 -1.415
-0.162  0.008 -1.495
-0.188 -0.027 -1.509
-0.138 -0.040 -1.484
-0.028  0.121 -1.266
-0.114 -0.064 -1.611
-0.060  0.075 -1.386
 0.006  0.172 -1.264
-0.183  0.015 -1.480
-0.154  0.053 -1.491
-0.167  0.022 -1.597
-0.155  0.041 -1.597
-0.243 -0.026 -1.787
-0.172  0.024 -1.560
-0.189 -0.004 -1.615
-0.188  0.035 -1.784
-0.214 -0.002 -1.726
-0.188  0.043 -1.583
-0.172  0.036 -1.572
-0.146  0.053 -1.557
-0.184  0.005 -1.723
-0.082  0.106 -1.532
-0.165  0.030 -1.508
-0.011  0.166 -1.267
-0.139  0.043 -1.505
-0.143  0.068 -1.606
-0.164  0.051 -1.531
-0.133  0.075 -1.444
-0.261  0.012 -1.769
-0.083  0.161 -1.612
-0.102  0.123 -1.496
-0.191  0.060 -1.647
-0.245  0.035 -1.734
-0.237  0.032 -1.775
-0.270  0.039 -1.942
-0.264  0.005 -1.895
-0.263  0.054 -1.986
-0.320  0.004 -1.965
-0.253  0.053 -2.004
-0.377 -0.045 -2.210
-0.429 -0.030 -2.225
-0.472 -0.067 -2.318
-0.601 -0.140 -2.705
-0.512 -0.095 -2.766
-0.441 -0.056 -2.461
-0.503 -0.083 -2.602
-0.495 -0.098 -2.669
-0.489 -0.092 -2.711
-0.438 -0.052 -2.591
-0.451 -0.051 -2.506
-0.377 -0.120 -2.567
-0.430 -0.050 -2.505
-0.376 -0.019 -2.467
-0.430 -0.060 -2.499
-0.448 -0.032 -2.522
-0.447 -0.093 -2.596
-0.354 -0.010 -2.492
-0.238  0.079 -2.430
-0.318  0.005 -2.328
-0.336 -0.048 -2.440
-0.327 -0.038 -2.411
-0.300  0.016 -2.353
-0.307 -0.019 -2.189
-0.200  0.100 -2.078
-0.403 -0.087 -2.452
-0.392 -0.055 -2.516
-0.433 -0.095 -2.519
-0.387 -0.065 -2.435
-0.386 -0.053 -2.480
-0.397 -0.082 -2.521
-0.417 -0.085 -2.483
-0.443 -0.078 -2.433
-0.292  0.026 -2.209
-0.356 -0.036 -2.285
-0.256  0.095 -2.155
-0.406 -0.071 -2.216
-0.349  0.001 -2.169
-0.370 -0.058 -2.265
-0.321 -0.003 -2.117
-0.277 -0.018 -2.019
-0.277 -0.003 -2.059
-0.239  0.043 -2.084
-0.258  0.004 -1.983
-0.223  0.056 -1.848
-0.223  0.033 -1.873
-0.216  0.051 -1.841
-0.119  0.128 -1.777
-0.229  0.071 -1.714
-0.132  0.138 -1.628
-0.219  0.052 -1.745
-0.190 -0.006 -1.973
-0.276  0.036 -1.788
-0.199 -0.027 -1.935
-0.264 -0.017 -1.866
-0.247 -0.015 -1.869
-0.292 -0.026 -1.784
-0.279 -0.014 -1.777
-0.244 -0.024 -1.797
-0.237  0.004 -1.867
-0.267 -0.031 -1.726
-0.204  0.052 -1.695
-0.290 -0.058 -1.782
-0.154  0.081 -1.649
-0.266 -0.022 -1.672
-0.254  0.007 -1.680
-0.222 -0.020 -1.670
-0.135  0.071 -1.696
-0.255 -0.055 -1.758
-0.230 -0.005 -1.707
-0.322 -0.099 -1.818
-0.367 -0.137 -2.030
-0.336 -0.119 -1.943
-0.293 -0.095 -1.748
-0.344 -0.115 -1.840
-0.320 -0.200 -1.997
-0.256 -0.060 -1.735
-0.235 -0.069 -1.643
-0.297 -0.078 -1.830
-0.293 -0.116 -1.967
-0.292 -0.065 -1.864
-0.255 -0.018 -1.684
-0.274 -0.035 -1.637
-0.393 -0.129 -2.019
-0.338 -0.104 -1.916
-0.293 -0.044 -1.795
-0.292 -0.038 -1.713
-0.323 -0.067 -1.881
-0.335 -0.082 -1.915
-0.297 -0.033 -1.826
-0.380 -0.103 -1.899
-0.314 -0.062 -1.811
-0.320 -0.074 -1.777
-0.273 -0.020 -1.732
-0.341 -0.085 -1.694
-0.261 -0.007 -1.540
-0.275 -0.064 -1.581
-0.219  0.006 -1.503
-0.271 -0.025 -1.476
-0.216 -0.019 -1.368
-0.175  0.024 -1.318
-0.167 -0.044 -1.441
-0.231  0.001 -1.403
-0.250 -0.127 -1.700
-0.315 -0.045 -1.641
-0.230 -0.110 -1.659
-0.302 -0.044 -1.629
-0.260 -0.041 -1.518
-0.280 -0.027 -1.470
-0.228 -0.055 -1.752
-0.245 -0.004 -1.553
-0.243 -0.073 -1.589
-0.286  0.003 -1.525
-0.213 -0.043 -1.576
-0.219  0.052 -1.404
-0.219 -0.050 -1.561
-0.303  0.008 -1.530
-0.239  0.014 -1.669
-0.324 -0.012 -1.596
-0.197  0.094 -1.411
-0.310  0.008 -1.484
-0.343 -0.035 -1.591
-0.309 -0.024 -1.542
-0.292 -0.018 -1.583
-0.259  0.034 -1.511
-0.227  0.041 -1.394
-0.205  0.068 -1.365
-0.226  0.043 -1.494
-0.145  0.121 -1.321
-0.203  0.064 -1.316
-0.184  0.108 -1.256
-0.265  0.031 -1.448
-0.115  0.162 -1.266
-0.232  0.059 -1.263
-0.193  0.129 -1.295
-0.288 -0.000 -1.481
-0.144  0.119 -1.392
-0.222  0.020 -1.404
-0.136  0.146 -1.264
-0.303 -0.016 -1.507
-0.242  0.036 -1.552
-0.302 -0.037 -1.598
-0.288 -0.002 -1.543
-0.287 -0.020 -1.496
-0.261  0.029 -1.507
-0.276  0.002 -1.514
-0.296  0.019 -1.475
-0.265  0.012 -1.391
-0.282 -0.004 -1.550
-0.307 -0.047 -1.613
-0.317 -0.024 -1.654
-0.361 -0.064 -1.657
-0.243  0.027 -1.462
-0.305 -0.055 -1.627
-0.250  0.027 -1.710
-0.286 -0.042 -1.560
-0.201  0.064 -1.431
-0.178  0.024 -1.359
-0.236  0.041 -1.434
-0.322 -0.022 -1.584
-0.457 -0.103 -1.896
-0.388 -0.095 -1.828
-0.432 -0.119 -1.962
-0.288  0.015 -1.690
-0.441 -0.109 -1.828
-0.350 -0.078 -1.923
-0.398 -0.119 -1.864
-0.381 -0.187 -1.912
-0.360 -0.110 -1.705
-0.317 -0.127 -1.747
-0.333 -0.103 -1.748
-0.354 -0.106 -1.803
-0.387 -0.125 -1.850
-0.359 -0.115 -1.836
-0.350 -0.110 -1.794
-0.370 -0.082 -1.769
-0.404 -0.131 -1.873
-0.322 -0.080 -1.784
-0.375 -0.108 -1.864
-0.320 -0.025 -1.686
-0.313 -0.038 -1.663
-0.255  0.010 -1.638
-0.261 -0.009 -1.586
-0.341 -0.023 -1.756
-0.374 -0.077 -1.760
-0.361 -0.060 -1.781
-0.382 -0.103 -1.871
-0.379 -0.076 -1.850
-0.361 -0.076 -1.720
-0.328 -0.049 -1.701
-0.349 -0.080 -1.744
-0.343 -0.062 -1.687
-0.371 -0.103 -1.689
-0.301 -0.086 -1.677
-0.329 -0.081 -1.709
-0.404 -0.133 -1.843
-0.377 -0.077 -1.667
-0.301 -0.120 -1.671
-0.298 -0.009 -1.549
-0.353 -0.153 -1.861
-0.368 -0.065 -1.638
-0.294  0.006 -1.546
-0.309 -0.043 -1.569
-0.300 -0.008 -1.501
-0.329 -0.046 -1.455
-0.337 -0.076 -1.507
-0.309 -0.045 -1.490
-0.311 -0.057 -1.521
-0.317 -0.036 -1.502
-0.340 -0.063 -1.461
-0.315 -0.016 -1.450
-0.294 -0.040 -1.506
-0.176  0.084 -1.383
-0.316 -0.045 -1.518
-0.256  0.038 -1.509
-0.391 -0.115 -1.744
-0.293 -0.039 -1.711
-0.380 -0.123 -1.708
-0.333 -0.073 -1.661
-0.295 -0.086 -1.528
-0.275 -0.033 -1.609
-0.339 -0.086 -1.627
-0.340 -0.059 -1.663
-0.408 -0.124 -1.739
-0.288 -0.018 -1.636
-0.200 -0.014 -1.384
-0.389 -0.068 -1.700
-0.457 -0.120 -1.795
-0.430 -0.084 -1.748
-0.476 -0.082 -1.955
-0.506 -0.116 -1.901
-0.510 -0.098 -1.846
-0.451 -0.076 -1.676
-0.453 -0.060 -1.789
-0.383 -0.052 -1.683
-0.339 -0.021 -1.600
-0.424 -0.064 -1.734
-0.347 -0.034 -1.631
-0.328 -0.023 -1.606
-0.328 -0.040 -1.746
-0.441 -0.122 -1.938
-0.329  0.017 -1.693
-0.425 -0.055 -1.726
-0.349  0.039 -1.738
-0.431 -0.083 -1.846
-0.370 -0.019 -1.958
-0.372 -0.059 -1.863
-0.327  0.040 -1.854
-0.361 -0.034 -1.827
-0.243  0.089 -1.771
-0.280  0.006 -1.831
-0.237  0.062 -1.953
-0.373 -0.048 -2.107
-0.296  0.034 -1.967
-0.332 -0.033 -1.905
-0.270  0.036 -1.852
-0.289 -0.015 -1.972
-0.309 -0.004 -2.228
-0.283  0.003 -2.060
-0.316  0.010 -2.246
-0.313 -0.012 -2.270
-0.323 -0.043 -2.442
-0.373 -0.057 -2.551
-0.363 -0.066 -2.559
-0.464 -0.085 -2.629
-0.381 -0.128 -2.537
-0.303 -0.015 -2.344
-0.360 -0.175 -2.728
-0.396 -0.083 -2.623
-0.378 -0.161 -2.699
-0.376 -0.077 -2.586
-0.370 -0.171 -2.804
-0.373 -0.081 -2.702
-0.348 -0.123 -2.718
-0.371 -0.073 -2.624
-0.353 -0.123 -2.748
-0.377 -0.096 -2.835
-0.328 -0.150 -2.839
-0.255  0.001 -2.523
-0.332 -0.091 -2.695
-0.363 -0.059 -2.694
-0.413 -0.114 -2.964
-0.360 -0.087 -2.883
-0.392 -0.086 -2.840
-0.386 -0.058 -2.784
-0.344 -0.054 -2.783
-0.195  0.086 -2.607
-0.273 -0.000 -2.650
-0.246  0.039 -2.660
-0.280 -0.007 -2.648
-0.312 -0.033 -2.791
-0.270 -0.014 -2.812
-0.309 -0.036 -2.908
-0.294 -0.014 -2.806
-0.362 -0.046 -2.973
-0.374 -0.025 -3.036
-0.320 -0.008 -3.049
-0.292  0.005 -3.046
-0.313 -0.004 -3.134
-0.343 -0.036 -3.194
-0.335 -0.043 -3.293
-0.300  0.003 -3.286
-0.232  0.074 -3.373
-0.314 -0.003 -3.414
-0.299 -0.029 -3.402
-0.305  0.003 -3.386
-0.311 -0.010 -3.488
-0.278  0.035 -3.564
-0.342 -0.046 -3.636
-0.282  0.043 -3.586
-0.347 -0.035 -3.576
-0.270  0.031 -3.508
-0.275 -0.002 -3.558
-0.259 -0.005 -3.580
-0.301 -0.005 -3.566
-0.325 -0.078 -3.825
-0.392 -0.041 -3.628
-0.283  0.007 -3.407
-0.345 -0.017 -3.532
-0.307 -0.002 -3.332
-0.400 -0.016 -3.497
-0.379 -0.052 -3.353
-0.359 -0.027 -3.335
-0.353 -0.049 -3.334
-0.388 -0.065 -3.348
-0.417 -0.077 -3.278
-0.453 -0.092 -3.345
-0.356 -0.035 -3.155
-0.336 -0.037 -3.068
-0.338 -0.005 -3.031
-0.340 -0.041 -2.875
-0.314  0.008 -2.880
-0.279  0.008 -2.681
-0.337 -0.070 -2.928
-0.337 -0.030 -2.790
-0.237  0.066 -2.650
-0.269  0.029 -2.588
-0.261  0.039 -2.569
-0.311  0.027 -2.702
-0.239  0.061 -2.357
-0.243  0.113 -2.440
-0.282  0.030 -2.384
-0.167  0.141 -2.167
-0.247  0.053 -2.338
-0.245  0.077 -2.260
-0.321  0.003 -2.380
-0.403 -0.115 -2.634
-0.320  0.015 -2.376
-0.267 -0.036 -2.371
-0.278  0.076 -2.074
-0.187  0.054 -2.178
-0.275  0.060 -2.154
-0.391 -0.096 -2.588
-0.431 -0.030 -2.450
-0.422 -0.071 -2.326
-0.394 -0.038 -2.180
-0.339 -0.014 -2.080
-0.326  0.006 -2.023
-0.248  0.097 -1.817
-0.337  0.035 -1.848
-0.256  0.127 -1.769
-0.229  0.117 -1.693
-0.187  0.177 -1.696
-0.234  0.148 -1.617
-0.196  0.213 -1.621
-0.313  0.077 -1.665
-0.265  0.145 -1.741
-0.383  0.024 -1.826
-0.368  0.078 -1.780
-0.374  0.032 -1.775
-0.321  0.076 -1.730
-0.353  0.050 -1.883
-0.353  0.100 -2.036
-0.508 -0.025 -2.283
-0.356  0.107 -2.182
-0.454 -0.008 -2.321
-0.432  0.016 -2.418
-0.431  0.005 -2.502
-0.390  0.022 -2.518
-0.459 -0.028 -2.686
-0.435 -0.089 -2.940
-0.505 -0.036 -2.948
-0.559 -0.066 -3.143
-0.510 -0.051 -3.143
-0.518 -0.062 -3.105
-0.515 -0.050 -3.146
-0.409  0.022 -3.015
-0.378  0.056 -2.945
-0.423 -0.003 -3.008
-0.511 -0.037 -3.182
-0.480 -0.119 -3.391
-0.412  0.013 -3.163
-0.374 -0.009 -3.193
-0.389  0.007 -3.245
-0.439 -0.011 -3.384
-0.490 -0.061 -3.439
-0.427 -0.023 -3.360
-0.437 -0.037 -3.435
-0.402 -0.037 -3.479
-0.352  0.002 -3.373
-0.347 -0.044 -3.365
-0.332 -0.004 -3.255
-0.197  0.068 -3.240
-0.167  0.077 -3.003
-0.067  0.163 -2.849
-0.109  0.105 -2.761
-0.136  0.075 -2.849
-0.218  0.029 -3.030
-0.217  0.028 -3.077
-0.202  0.058 -3.120
-0.258  0.011 -3.216
-0.187  0.107 -3.132
-0.298  0.001 -3.267
-0.190  0.112 -3.230
-0.254  0.042 -3.232
-0.179  0.128 -3.145
-0.283  0.021 -3.243
-0.256  0.074 -3.236
-0.282  0.031 -3.316
-0.267  0.072 -3.374
-0.274  0.053 -3.265
-0.232  0.091 -3.295
-0.254  0.054 -3.278
-0.164  0.155 -3.256
-0.242  0.060 -3.299
-0.145  0.166 -3.208
-0.302  0.031 -3.322
-0.252  0.082 -3.239
-0.247  0.048 -3.238
-0.187  0.144 -3.232
-0.291  0.020 -3.375
-0.156  0.143 -3.138
-0.240  0.036 -3.200
-0.180  0.101 -3.103
-0.159  0.117 -3.058
-0.178  0.022 -3.251
-0.173  0.116 -3.152
-0.111  0.089 -3.231
-0.167  0.130 -3.046
-0.179  0.125 -3.090
-0.230  0.092 -3.190
-0.313  0.031 -3.314
-0.383 -0.001 -3.452
-0.368  0.001 -3.375
-0.248  0.096 -3.088
-0.243  0.077 -3.123
-0.276  0.084 -3.098
-0.293  0.058 -3.122
-0.369  0.038 -3.271
-0.416  0.013 -3.464
-0.481 -0.043 -3.692
-0.503 -0.105 -3.712
-0.499 -0.075 -3.607
-0.530 -0.084 -3.677
-0.478 -0.017 -3.677
-0.441 -0.044 -3.735
-0.494 -0.046 -3.718
-0.512 -0.127 -3.812
-0.398  0.013 -3.459
-0.396  0.012 -3.508
-0.319  0.057 -3.344
-0.324  0.043 -3.338
-0.357  0.040 -3.355
-0.345  0.026 -3.356
-0.298  0.103 -3.452
-0.358  0.012 -3.392
-0.313  0.113 -3.287
-0.418 -0.019 -3.404
-0.385  0.023 -3.391
-0.471 -0.031 -3.499
-0.451 -0.046 -3.493
-0.472 -0.042 -3.469
-0.383  0.018 -3.496
-0.407 -0.008 -3.400
-0.368  0.006 -3.346
-0.326  0.041 -3.251
-0.414 -0.026 -3.408
-0.349  0.017 -3.225
-0.392  0.003 -3.367
-0.302  0.063 -3.142
-0.328  0.047 -3.122
-0.338  0.063 -3.120
-0.344  0.037 -3.148
-0.262  0.117 -3.165
-0.368 -0.001 -3.268
-0.325  0.041 -3.230
-0.415 -0.047 -3.287
-0.476 -0.073 -3.398
-0.388 -0.029 -3.176
-0.385 -0.119 -3.322
-0.379 -0.012 -3.150
-0.329 -0.105 -3.292
-0.306  0.033 -2.917
-0.351  0.002 -3.015
-0.350  0.023 -3.022
-0.352  0.008 -3.083
-0.321  0.052 -2.962
-0.376  0.024 -3.051
-0.327  0.050 -2.915
-0.295  0.050 -2.854
-0.174  0.201 -2.725
-0.329  0.035 -2.855
-0.192  0.175 -2.625
-0.323  0.043 -2.671
-0.331  0.075 -2.792
-0.450 -0.039 -2.947
-0.347  0.057 -2.843
-0.387 -0.000 -2.804
-0.376  0.039 -2.815
-0.455 -0.047 -2.928
-0.446 -0.042 -2.991
-0.480 -0.046 -2.990
-0.436  0.003 -2.852
-0.440 -0.021 -2.818
-0.346  0.027 -2.640
-0.411 -0.034 -2.792
-0.369  0.000 -2.691
-0.438 -0.041 -2.760
-0.401 -0.007 -2.664
-0.376 -0.002 -2.653
-0.327  0.033 -2.596
-0.323  0.029 -2.564
-0.365  0.044 -2.638
-0.451 -0.038 -2.742
-0.385  0.027 -2.649
-0.357  0.033 -2.525
-0.353  0.047 -2.539
-0.403  0.007 -2.550
-0.368 -0.012 -2.487
-0.403  0.012 -2.497
-0.346  0.027 -2.658
-0.426 -0.013 -2.637
-0.334 -0.058 -2.652
-0.321  0.062 -2.243
-0.318  0.065 -2.173
-0.362  0.032 -2.351
-0.439 -0.012 -2.502
-0.456  0.007 -2.455
-0.388  0.051 -2.166
-0.382  0.053 -2.199
-0.333  0.062 -2.102
-0.381  0.043 -2.207
-0.442 -0.092 -2.429
-0.445  0.004 -2.218
-0.339  0.055 -2.048
-0.288  0.087 -1.971
-0.323  0.059 -2.099
-0.424 -0.027 -2.246
-0.373  0.032 -2.174
-0.412 -0.024 -2.126
-0.337  0.069 -2.026
-0.352  0.032 -1.991
-0.392  0.018 -2.106
-0.405 -0.011 -1.988
-0.398  0.027 -1.965
-0.324  0.050 -1.826
-0.359  0.025 -1.977
-0.480 -0.053 -2.092
-0.406 -0.026 -1.984
-0.452 -0.047 -2.104
-0.465 -0.134 -2.223
-0.505 -0.091 -2.203
-0.533 -0.138 -2.241
-0.497 -0.115 -2.091
-0.533 -0.125 -2.175
-0.500 -0.109 -2.078
-0.556 -0.127 -2.202
-0.571 -0.146 -2.224
-0.530 -0.073 -2.170
-0.478 -0.089 -2.011
-0.484 -0.066 -2.141
-0.501 -0.125 -2.127
-0.443 -0.044 -2.075
-0.479 -0.105 -1.992
-0.462 -0.081 -1.994
-0.449 -0.086 -1.929
-0.471 -0.100 -2.008
-0.464 -0.094 -1.889
-0.491 -0.139 -1.961
-0.452 -0.075 -1.828
-0.442 -0.185 -2.106
-0.472 -0.100 -1.961
-0.383 -0.123 -1.962
-0.493 -0.087 -1.901
-0.452 -0.088 -1.807
-0.493 -0.101 -1.909
-0.462 -0.108 -1.916
-0.446 -0.095 -1.887
-0.439 -0.094 -1.853
-0.455 -0.115 -1.899
-0.396 -0.054 -1.781
-0.431 -0.090 -1.856
-0.313 -0.122 -1.811
-0.342 -0.021 -1.654
-0.338 -0.100 -1.755
-0.384 -0.055 -1.755
-0.316 -0.021 -1.726
-0.314 -0.004 -1.692
-0.340 -0.006 -1.704
-0.354 -0.044 -1.679
-0.396 -0.089 -1.797
-0.406 -0.070 -1.763
-0.378 -0.155 -1.869
-0.386 -0.057 -1.691
-0.321 -0.053 -1.772
-0.373 -0.026 -1.563
-0.343 -0.017 -1.566
-0.383 -0.022 -1.673
-0.425 -0.058 -1.682
-0.438 -0.054 -1.570
-0.432 -0.075 -1.602
-0.387 -0.029 -1.558
-0.418 -0.062 -1.641
-0.476 -0.073 -1.703
-0.462 -0.069 -1.627
-0.433 -0.038 -1.566
-0.431 -0.043 -1.620
-0.409 -0.002 -1.660
-0.531 -0.126 -1.812
-0.398 -0.007 -1.612
-0.452 -0.066 -1.709
-0.433 -0.043 -1.693
-0.406  0.001 -1.728
-0.451 -0.046 -1.630
-0.321  0.007 -1.581
-0.379  0.014 -1.486
-0.369  0.017 -1.517
-0.350  0.017 -1.519
-0.307  0.088 -1.397
-0.368  0.019 -1.397
-0.336  0.025 -1.324
-0.281  0.051 -1.257
-0.262  0.053 -1.186
-0.177  0.135 -1.055
-0.241  0.067 -1.076
-0.168  0.172 -1.034
-0.231  0.077 -1.112
-0.225  0.114 -1.204
-0.225  0.099 -1.136
-0.226  0.118 -1.075
-0.217  0.102 -1.039
-0.227  0.009 -1.300
-0.295  0.086 -1.253
-0.339 -0.008 -1.629
-0.524 -0.054 -1.693
-0.579 -0.128 -1.767
-0.448 -0.021 -1.418
-0.523 -0.072 -1.616
-0.508 -0.076 -1.624
-0.435  0.011 -1.436
-0.489 -0.063 -1.482
-0.478 -0.046 -1.485
-0.478 -0.088 -1.539
-0.360 -0.021 -1.354
-0.442 -0.059 -1.455
-0.454 -0.109 -1.516
-0.535 -0.125 -1.647
-0.423 -0.153 -1.737
-0.414 -0.069 -1.431
-0.262  0.023 -1.317
-0.395 -0.032 -1.357
-0.442 -0.067 -1.540
-0.480 -0.086 -1.677
-0.438 -0.051 -1.553
-0.444 -0.049 -1.591
-0.421 -0.024 -1.487
-0.409 -0.008 -1.493
-0.439 -0.042 -1.630
-0.395  0.017 -1.528
-0.422 -0.045 -1.526
-0.466 -0.048 -1.699
-0.501 -0.101 -1.803
-0.449 -0.062 -1.767
-0.468 -0.091 -1.732
-0.399 -0.021 -1.567
-0.398 -0.026 -1.605
-0.396 -0.018 -1.629
-0.340 -0.004 -1.589
-0.442 -0.036 -1.747
-0.509 -0.107 -1.858
-0.438 -0.046 -1.762
-0.402 -0.077 -1.774
-0.321  0.017 -1.573
-0.381 -0.055 -1.491
-0.310  0.050 -1.412
-0.333 -0.030 -1.507
-0.279  0.066 -1.570
-0.394 -0.054 -1.596
-0.296  0.080 -1.400
-0.347 -0.014 -1.427
-0.323  0.009 -1.426
-0.305  0.025 -1.365
-0.300  0.034 -1.306
-0.320 -0.003 -1.324
-0.317  0.011 -1.306
-0.330  0.015 -1.355
-0.259  0.067 -1.207
-0.337 -0.002 -1.287
-0.260  0.064 -1.083
-0.236  0.059 -1.035
-0.163  0.098 -0.943
-0.220  0.058 -1.044
-0.206  0.068 -0.949
-0.302  0.014 -1.143
-0.290 -0.072 -1.440
-0.361 -0.014 -1.307
-0.332 -0.032 -1.487
-0.479 -0.084 -1.421
-0.392 -0.036 -1.325
-0.391 -0.024 -1.350
-0.374 -0.039 -1.409
-0.334  0.002 -1.225
-0.315 -0.016 -1.184
-0.167  0.145 -1.065
-0.253  0.024 -1.108
-0.203  0.103 -1.085
-0.316  0.010 -1.130
-0.319  0.015 -1.218
-0.360  0.002 -1.350
-0.391  0.018 -1.424
-0.524 -0.052 -1.674
-0.511 -0.042 -1.650
-0.528 -0.059 -1.680
-0.495 -0.065 -1.712
-0.548 -0.091 -1.821
-0.507 -0.072 -1.710
-0.552 -0.082 -1.791
-0.539 -0.068 -1.818
-0.580 -0.105 -1.936
-0.452  0.008 -1.693
-0.495 -0.058 -1.660
-0.393  0.046 -1.560
-0.442 -0.026 -1.664
-0.372  0.056 -1.577
-0.431 -0.023 -1.620
-0.436 -0.003 -1.589
-0.471 -0.037 -1.679
-0.414 -0.026 -1.623
-0.441 -0.038 -1.662
-0.476 -0.136 -1.784
-0.430 -0.036 -1.599
-0.386  0.001 -1.606
-0.352  0.004 -1.572
-0.384  0.002 -1.606
-0.294  0.038 -1.382
-0.336  0.007 -1.446
-0.361  0.002 -1.534
-0.392 -0.027 -1.655
-0.394 -0.009 -1.621
-0.368 -0.000 -1.484
-0.448 -0.032 -1.610
-0.402 -0.008 -1.524
-0.392  0.011 -1.526
-0.343  0.027 -1.398
-0.354  0.035 -1.362
-0.352  0.031 -1.326
-0.363  0.043 -1.370
-0.364  0.015 -1.393
-0.439 -0.015 -1.562
-0.439 -0.038 -1.486
-0.511 -0.073 -1.657
-0.518 -0.103 -1.761
-0.575 -0.082 -1.883
-0.469 -0.039 -1.571
-0.412  0.029 -1.476
-0.487 -0.055 -1.622
-0.322  0.084 -1.513
-0.415 -0.027 -1.559
-0.286  0.113 -1.391
-0.554 -0.116 -1.790
-0.434  0.011 -1.645
-0.409 -0.021 -1.530
-0.346  0.057 -1.404
-0.353  0.010 -1.228
-0.290  0.093 -1.212
-0.304  0.055 -1.245
-0.302  0.076 -1.378
-0.343  0.018 -1.390
-0.261  0.115 -1.198
-0.298  0.055 -1.250
-0.198  0.129 -1.106
-0.153  0.156 -0.974
-0.226  0.118 -1.073
-0.200  0.100 -0.996
-0.140  0.080 -0.945
-0.156  0.112 -0.924
-0.233  0.028 -1.086
-0.264  0.053 -1.056
-0.175 -0.002 -1.202
-0.230  0.078 -1.111
-0.234 -0.037 -1.314
-0.269  0.054 -1.139
-0.139  0.044 -1.158
-0.181  0.108 -1.007
-0.164  0.139 -0.980
-0.183  0.113 -1.051
-0.148  0.156 -0.972
-0.195  0.106 -1.040
-0.177  0.102 -1.063
-0.132  0.144 -1.013
-0.201  0.078 -1.101
-0.222  0.060 -1.131
-0.225  0.035 -1.112
-0.179  0.075 -1.072
-0.209  0.021 -1.144
-0.193  0.084 -1.112
-0.222  0.030 -1.085
-0.189  0.108 -1.132
-0.258  0.000 -1.204
-0.219  0.058 -1.185
-0.305 -0.031 -1.349
-0.290  0.019 -1.282
-0.279 -0.007 -1.236
-0.238  0.050 -1.242
-0.292 -0.010 -1.320
-0.230  0.061 -1.246
-0.258  0.018 -1.175
-0.179  0.102 -1.080
-0.203  0.059 -1.117
-0.221  0.044 -1.210
-0.273  0.005 -1.280
-0.249  0.010 -1.228
-0.283 -0.015 -1.294
-0.243 -0.093 -1.447
-0.234  0.016 -1.247
-0.163  0.016 -1.369
-0.234  0.031 -1.171
-0.214  0.026 -1.128
-0.185  0.072 -1.075
-0.150  0.089 -1.029
-0.094  0.166 -1.039
-0.155  0.073 -0.925
-0.089  0.187 -0.844
-0.237  0.043 -1.078
-0.162  0.122 -1.094
-0.194  0.045 -1.079
-0.213  0.050 -0.999
-0.140  0.084 -0.889
-0.171  0.091 -0.924
-0.168  0.154 -1.011
-0.269  0.034 -1.123
-0.153  0.152 -1.031
-0.246  0.056 -1.133
-0.181  0.160 -1.121
-0.313  0.033 -1.206
-0.222  0.121 -1.141
-0.322  0.009 -1.224
-0.284  0.069 -1.297
-0.289  0.042 -1.196
-0.242  0.109 -1.159
-0.303  0.042 -1.262
-0.274  0.096 -1.191
-0.316  0.071 -1.227
-0.332  0.070 -1.230
-0.392  0.023 -1.294
-0.422 -0.003 -1.293
-0.420  0.010 -1.280
-0.402 -0.003 -1.299
-0.591 -0.107 -1.695
-0.581 -0.100 -1.634
-0.613 -0.121 -1.646
-0.598 -0.112 -1.632
-0.535 -0.060 -1.485
-0.484 -0.118 -1.654
-0.600 -0.082 -1.625
-0.583 -0.089 -1.553
-0.463 -0.020 -1.334
-0.408  0.005 -1.273
-0.475 -0.001 -1.446
-0.516 -0.052 -1.501
-0.517 -0.011 -1.432
-0.595 -0.089 -1.588
-0.407  0.080 -1.320
-0.416  0.013 -1.263
-0.333  0.104 -1.174
-0.423 -0.001 -1.243
-0.381  0.031 -1.144
-0.443 -0.044 -1.289
-0.415 -0.028 -1.290
-0.425 -0.041 -1.324
-0.424 -0.037 -1.321
-0.444 -0.044 -1.311
-0.371 -0.030 -1.196
-0.386 -0.004 -1.208
-0.378 -0.094 -1.388
-0.425 -0.003 -1.259
-0.502 -0.079 -1.385
-0.492 -0.037 -1.360
-0.511 -0.075 -1.404
-0.524 -0.078 -1.477
-0.540 -0.077 -1.505
-0.507 -0.055 -1.365
-0.498 -0.066 -1.345
-0.454 -0.019 -1.260
-0.346 -0.000 -1.345
-0.447 -0.015 -1.301
-0.420  0.022 -1.216
-0.521 -0.037 -1.422
-0.538 -0.066 -1.523
-0.655 -0.154 -1.736
-0.672 -0.179 -1.762
-0.566 -0.085 -1.683
-0.692 -0.198 -1.839
-0.531 -0.058 -1.560
-0.667 -0.159 -1.792
-0.631 -0.147 -1.769
-0.653 -0.173 -1.807
-0.673 -0.225 -1.901
-0.583 -0.127 -1.811
-0.387 -0.061 -1.472
-0.436  0.008 -1.448
-0.500 -0.054 -1.549
-0.452  0.006 -1.450
-0.398  0.018 -1.371
-0.443  0.011 -1.410
-0.430  0.040 -1.324
-0.518 -0.039 -1.571
-0.428  0.032 -1.538
-0.520 -0.050 -1.756
-0.374  0.106 -1.599
-0.368  0.093 -1.404
-0.385  0.113 -1.343
-0.318  0.052 -1.431
-0.429  0.073 -1.319
-0.463  0.100 -1.506
-0.426  0.066 -1.507
-0.309  0.140 -1.376
-0.381 -0.033 -1.612
-0.404  0.072 -1.433
-0.420  0.113 -1.456
-0.505  0.004 -1.553
-0.496  0.006 -1.517
-0.403 -0.005 -1.585
-0.449  0.027 -1.368
-0.422  0.021 -1.384
-0.464  0.015 -1.508
-0.435  0.057 -1.431
-0.397  0.035 -1.283
-0.439  0.024 -1.473
-0.523 -0.058 -1.590
-0.503 -0.017 -1.558
-0.588 -0.086 -1.723
-0.587 -0.076 -1.719
-0.518 -0.060 -1.633
-0.467 -0.016 -1.529
-0.478 -0.027 -1.524
-0.480 -0.062 -1.596
-0.451 -0.018 -1.544
-0.398  0.026 -1.700
-0.460 -0.025 -1.701
-0.392  0.055 -1.624
-0.494 -0.020 -1.761
-0.476 -0.037 -1.841
-0.481 -0.003 -1.881
-0.532 -0.066 -2.062
-0.407  0.041 -1.986
-0.486 -0.041 -2.078
-0.508 -0.060 -2.227
-0.479 -0.041 -2.253
-0.429 -0.137 -2.389
-0.447 -0.042 -2.282
-0.475 -0.043 -2.365
-0.488 -0.049 -2.498
-0.453 -0.034 -2.602
-0.442 -0.036 -2.685
-0.437 -0.048 -2.709
-0.423 -0.032 -2.756
-0.412 -0.035 -2.820
-0.308  0.085 -2.863
-0.410 -0.038 -2.973
-0.357  0.049 -2.917
-0.437 -0.046 -2.969
-0.404 -0.042 -2.969
-0.409 -0.013 -2.967
-0.308  0.059 -2.913
-0.464 -0.036 -3.006
-0.434 -0.026 -3.005
-0.424  0.015 -2.960
-0.397 -0.011 -2.954
-0.308  0.082 -2.867
-0.426 -0.020 -2.958
-0.353  0.053 -2.938
-0.428 -0.020 -3.086
-0.394  0.020 -3.044
-0.446 -0.014 -3.069
-0.371  0.030 -2.893
-0.347  0.040 -2.880
-0.338  0.007 -2.978
-0.327  0.055 -2.888
-0.382 -0.007 -2.991
-0.382  0.025 -2.972
-0.372 -0.068 -3.207
-0.353  0.022 -2.939
-0.303 -0.043 -2.917
-0.339  0.047 -2.779
-0.323  0.054 -2.753
-0.321  0.074 -2.780
-0.383  0.022 -2.902
-0.402  0.022 -2.943
-0.372  0.038 -2.895
-0.387  0.054 -2.994
-0.391  0.016 -2.933
-0.430  0.038 -2.937
-0.441 -0.002 -2.936
-0.365  0.076 -2.998
-0.449 -0.017 -2.984
-0.371  0.078 -2.815
-0.394  0.030 -2.760
-0.409  0.036 -2.844
-0.391  0.036 -2.802
-0.430  0.016 -2.808
-0.435  0.011 -2.814
-0.347  0.064 -2.882
-0.390  0.043 -2.721
-0.371  0.081 -2.604
-0.439  0.007 -2.697
-0.420  0.011 -2.734
-0.465 -0.015 -2.879
-0.514 -0.078 -2.919
-0.435  0.013 -2.796
-0.453 -0.047 -2.727
-0.377  0.019 -2.594
-0.441 -0.040 -2.622
-0.410  0.003 -2.511
-0.505 -0.054 -2.659
-0.427 -0.080 -2.540
-0.399  0.009 -2.361
-0.372 -0.071 -2.354
-0.332  0.053 -2.091
-0.310 -0.002 -2.344
-0.387 -0.004 -2.235
-0.421 -0.024 -2.238
-0.375  0.018 -2.130
-0.372  0.015 -2.080
-0.431 -0.012 -2.185
-0.457 -0.021 -2.259
-0.337  0.090 -2.166
-0.367  0.015 -2.106
-0.306  0.118 -2.107
-0.345  0.030 -2.051
-0.285  0.074 -1.895
-0.400 -0.010 -2.143
-0.521 -0.065 -2.403
-0.578 -0.115 -2.559
-0.500 -0.091 -2.688
-0.643 -0.138 -2.808
-0.657 -0.138 -2.816
-0.540 -0.078 -2.497
-0.498 -0.064 -2.407
-0.461 -0.039 -2.292
-0.442 -0.020 -2.251
-0.548 -0.070 -2.458
-0.541 -0.096 -2.457
-0.445  0.019 -2.355
-0.507 -0.107 -2.502
-0.379 -0.006 -2.279
-0.371 -0.017 -2.072
-0.277  0.060 -1.798
-0.252  0.047 -1.724
-0.272  0.026 -1.770
-0.298  0.029 -1.824
-0.242 -0.015 -1.814
-0.276  0.040 -1.739
-0.256  0.061 -1.678
-0.254  0.066 -1.664
-0.296 -0.000 -1.771
-0.294  0.033 -1.668
-0.342  0.016 -1.761
-0.358  0.035 -1.804
-0.258  0.056 -1.597
-0.318  0.025 -1.706
-0.354 -0.030 -1.695
-0.315  0.066 -1.728
-0.329  0.013 -1.651
-0.288  0.079 -1.702
-0.353  0.013 -1.609
-0.263  0.135 -1.501
-0.313  0.042 -1.507
-0.245  0.134 -1.546
-0.377  0.011 -1.621
-0.338  0.042 -1.509
-0.379 -0.000 -1.589
-0.315  0.047 -1.504
-0.391 -0.016 -1.623
-0.312  0.067 -1.532
-0.429 -0.028 -1.698
-0.301  0.097 -1.578
-0.402 -0.013 -1.698
-0.315  0.072 -1.569
-0.379  0.016 -1.646
-0.402  0.008 -1.593
-0.418 -0.017 -1.600
-0.365 -0.044 -1.812
-0.424 -0.034 -1.748
-0.375 -0.082 -1.866
-0.449 -0.042 -1.661
-0.408 -0.008 -1.545
-0.382  0.025 -1.520
-0.383 -0.008 -1.549
-0.372  0.014 -1.460
-0.383 -0.025 -1.501
-0.377 -0.000 -1.530
-0.391 -0.033 -1.569
-0.306  0.045 -1.386
-0.393 -0.022 -1.482
-0.434 -0.033 -1.564
-0.466 -0.095 -1.686
-0.355 -0.000 -1.636
-0.443 -0.102 -1.777
-0.382  0.002 -1.647
-0.457 -0.124 -1.755
-0.336  0.016 -1.609
-0.468 -0.116 -1.776
-0.407 -0.046 -1.660
-0.385 -0.052 -1.497
-0.362 -0.019 -1.379
-0.423 -0.050 -1.549
-0.438 -0.166 -1.898
-0.392 -0.029 -1.563
-0.399 -0.027 -1.747
-0.411 -0.041 -1.550
-0.438 -0.069 -1.687
-0.363 -0.004 -1.553
-0.406 -0.042 -1.652
-0.440 -0.045 -1.669
-0.422 -0.055 -1.694
-0.433 -0.020 -1.778
-0.467 -0.059 -1.764
-0.410  0.020 -1.592
-0.453 -0.034 -1.631
-0.290  0.107 -1.470
-0.428 -0.029 -1.601
-0.248  0.120 -1.288
-0.331  0.020 -1.306
-0.231  0.106 -1.213
-0.260  0.048 -1.193
-0.268  0.068 -1.234
-0.276  0.047 -1.264
-0.240  0.075 -1.255
-0.256  0.047 -1.292
-0.264  0.052 -1.296
-0.248  0.071 -1.170
-0.219  0.028 -1.199
-0.191  0.116 -1.089
-0.205  0.002 -1.261
-0.202  0.096 -0.995
-0.126  0.145 -1.036
-0.173  0.121 -0.950
-0.205  0.111 -1.082
-0.285  0.042 -1.136
-0.201  0.061 -1.136
-0.242  0.064 -1.051
-0.232 -0.002 -1.114
-0.214  0.063 -0.995
-0.291  0.028 -1.076
-0.341 -0.011 -1.233
-0.309 -0.012 -1.233
-0.370 -0.032 -1.376
-0.427 -0.104 -1.455
-0.479 -0.114 -1.568
-0.368 -0.039 -1.329
-0.356 -0.015 -1.306
-0.329 -0.014 -1.237
-0.310  0.069 -1.304
-0.405 -0.053 -1.359
-0.332  0.011 -1.235
-0.373 -0.015 -1.283
-0.355 -0.027 -1.312
-0.372 -0.055 -1.343
-0.351 -0.108 -1.493
-0.405 -0.030 -1.415
-0.284  0.045 -1.382
-0.444 -0.027 -1.404
-0.429 -0.029 -1.382
-0.366  0.016 -1.254
-0.397 -0.033 -1.363
-0.270  0.079 -1.175
-0.294  0.009 -1.045
-0.281  0.048 -1.058
-0.351 -0.040 -1.201
-0.315 -0.009 -1.165
-0.325 -0.011 -1.100
-0.322 -0.020 -1.105
-0.368 -0.016 -1.196
-0.404 -0.095 -1.333
-0.422 -0.049 -1.329
-0.401 -0.117 -1.403
-0.329 -0.000 -1.116
-0.260  0.038 -1.084
-0.366 -0.026 -1.353
-0.233  0.024 -1.230
-0.267  0.092 -1.083
-0.240  0.129 -1.130
-0.303  0.102 -1.228
-0.299  0.128 -1.202
-0.254  0.135 -1.119
-0.368  0.059 -1.545
-0.428 -0.034 -1.564
-0.232  0.113 -1.236
-0.237  0.059 -1.152
-0.251  0.051 -1.188
-0.177  0.078 -1.149
-0.229  0.021 -1.205
-0.267  0.019 -1.189
-0.218  0.056 -1.083
-0.203  0.123 -1.099
-0.283  0.040 -1.206
-0.292  0.053 -1.215
-0.262  0.075 -1.097
-0.303  0.049 -1.176
-0.246  0.091 -1.219
-0.313  0.043 -1.225
-0.288  0.053 -1.217
-0.302  0.048 -1.247
-0.204  0.110 -1.202
-0.313  0.031 -1.203
-0.276  0.054 -1.238
-0.365  0.011 -1.307
-0.372 -0.015 -1.305
-0.365 -0.000 -1.324
-0.370 -0.018 -1.262
-0.387 -0.021 -1.269
-0.408 -0.035 -1.315
-0.338  0.023 -1.252
-0.403 -0.024 -1.283
-0.376 -0.003 -1.239
-0.396 -0.034 -1.209
-0.333  0.005 -1.205
-0.288  0.036 -1.192
-0.351 -0.047 -1.234
-0.661 -0.322 -1.932
-0.557 -0.179 -1.596
-0.495 -0.161 -1.504
-0.355 -0.089 -1.206
-0.456 -0.101 -1.435
-0.526 -0.169 -1.608
-0.462 -0.115 -1.627
-0.372 -0.094 -1.360
-0.550 -0.122 -1.737
-0.556 -0.178 -1.645
-0.494 -0.118 -1.619
-0.495 -0.206 -1.805
-0.472 -0.077 -1.545
-0.433 -0.035 -1.369
-0.474 -0.083 -1.491
-0.401  0.013 -1.541
-0.541 -0.122 -1.780
-0.448 -0.040 -1.555
-0.491 -0.113 -1.612
-0.520 -0.121 -1.732
-0.437 -0.164 -1.728
-0.463 -0.087 -1.600
-0.428 -0.043 -1.496
-0.521 -0.108 -1.628
-0.380 -0.004 -1.394
-0.550 -0.118 -1.703
-0.387  0.008 -1.575
-0.383 -0.037 -1.363
-0.364  0.003 -1.263
-0.363 -0.013 -1.230
-0.359  0.013 -1.314
-0.449 -0.086 -1.600
-0.438 -0.064 -1.573
-0.511 -0.114 -1.628
-0.417 -0.042 -1.453
-0.510 -0.098 -1.545
-0.605 -0.141 -1.870
-0.617 -0.251 -2.261
-0.688 -0.242 -2.027
-0.655 -0.353 -2.248
-0.691 -0.266 -2.065
-0.630 -0.311 -2.120
-0.553 -0.179 -1.761
-0.568 -0.189 -1.800
-0.569 -0.181 -1.822
-0.429 -0.067 -1.526
-0.495 -0.128 -1.715
-0.449 -0.071 -1.699
-0.448 -0.090 -1.626
-0.291  0.079 -1.354
-0.371  0.000 -1.294
-0.392 -0.004 -1.335
-0.423 -0.032 -1.461
-0.430 -0.013 -1.480
-0.418 -0.039 -1.470
-0.419 -0.002 -1.365
-0.437 -0.038 -1.354
-0.335  0.060 -1.363
-0.425 -0.047 -1.455
-0.393 -0.011 -1.469
-0.405 -0.017 -1.402
-0.370 -0.002 -1.359
-0.381 -0.026 -1.363
-0.386 -0.090 -1.703
-0.445 -0.056 -1.507
-0.415 -0.053 -1.428
-0.381 -0.019 -1.274
-0.340  0.042 -1.204
-0.264  0.084 -1.089
-0.305  0.057 -1.166
-0.259  0.107 -1.122
-0.329  0.046 -1.191
-0.325  0.072 -1.177
-0.311  0.048 -1.073
-0.218  0.186 -1.023
-0.270  0.104 -0.995
-0.234  0.145 -1.016
-0.380  0.049 -1.214
-0.392  0.061 -1.115
-0.371  0.059 -1.086
-0.295  0.019 -1.139
-0.287  0.102 -1.034
-0.255  0.098 -1.240
-0.396  0.026 -1.310
-0.361  0.059 -1.252
-0.424  0.045 -1.480
-0.435  0.001 -1.499
-0.337  0.104 -1.354
-0.369  0.033 -1.340
-0.342  0.052 -1.375
-0.427 -0.028 -1.531
-0.369  0.030 -1.273
-0.356  0.036 -1.225
-0.306  0.060 -1.369
-0.364  0.012 -1.338
-0.330  0.063 -1.164
-0.348  0.050 -1.128
-0.367  0.035 -1.258
-0.394  0.034 -1.379
-0.389  0.035 -1.359
-0.410  0.054 -1.305
-0.453 -0.001 -1.415
-0.391  0.094 -1.500
-0.417  0.021 -1.472
-0.441  0.045 -1.491
-0.517 -0.037 -1.591
-0.508 -0.038 -1.591
-0.500 -0.036 -1.578
-0.530 -0.137 -1.759
-0.571 -0.085 -1.720
-0.484  0.013 -1.558
-0.471 -0.025 -1.530
-0.497 -0.060 -1.665
-0.434  0.015 -1.479
-0.427  0.022 -1.387
-0.400  0.063 -1.438
-0.459 -0.003 -1.487
-0.396  0.082 -1.413
-0.478  0.008 -1.411
-0.476  0.022 -1.432
-0.516 -0.019 -1.563
-0.540 -0.065 -1.709
-0.593 -0.081 -1.846
-0.548 -0.116 -1.809
-0.509 -0.033 -1.557
-0.463  0.009 -1.487
-0.413  0.055 -1.400
-0.382  0.054 -1.324
-0.411  0.090 -1.324
-0.468  0.030 -1.508
-0.366  0.111 -1.239
-0.414  0.050 -1.430
-0.440  0.040 -1.577
-0.374  0.055 -1.340
-0.247  0.174 -1.007
-0.345  0.067 -1.222
-0.270  0.154 -1.126
-0.339  0.054 -1.198
-0.322  0.083 -1.134
-0.253  0.102 -1.238
-0.375  0.031 -1.216
-0.359 -0.093 -1.470
-0.404  0.012 -1.332
-0.332 -0.058 -1.409
-0.443 -0.037 -1.414
-0.507 -0.152 -1.635
-0.449 -0.044 -1.410
-0.408 -0.052 -1.438
-0.406 -0.041 -1.481
-0.432 -0.041 -1.515
-0.466 -0.084 -1.537
-0.432 -0.058 -1.408
-0.478 -0.124 -1.596
-0.422 -0.085 -1.436
-0.476 -0.115 -1.483
-0.396 -0.044 -1.265
-0.361 -0.043 -1.266
-0.380 -0.139 -1.484
-0.372 -0.037 -1.339
-0.391 -0.076 -1.573
-0.572 -0.127 -1.689
-0.436 -0.043 -1.378
-0.422 -0.053 -1.429
-0.428 -0.046 -1.431
-0.446 -0.063 -1.457
-0.459 -0.083 -1.429
-0.449 -0.091 -1.517
-0.454 -0.108 -1.546
-0.428 -0.078 -1.484
-0.372 -0.033 -1.290
-0.413 -0.052 -1.370
-0.344 -0.020 -1.319
-0.342 -0.016 -1.336
-0.339 -0.014 -1.309
-0.343  0.027 -1.292
-0.341  0.010 -1.351
-0.376  0.032 -1.544
-0.404 -0.050 -1.493
-0.273  0.097 -1.298
-0.400 -0.027 -1.345
-0.366  0.023 -1.315
-0.356  0.012 -1.271
-0.348  0.038 -1.304
-0.252  0.056 -1.134
-0.196  0.115 -1.045
-0.268  0.073 -1.181
-0.189  0.122 -1.030
-0.306  0.073 -1.221
-0.327  0.017 -1.322
-0.248  0.114 -1.124
-0.195  0.148 -1.134
-0.304  0.036 -1.363
-0.346  0.033 -1.414
-0.362  0.011 -1.374
-0.350  0.016 -1.395
-0.262  0.097 -1.269
-0.271  0.059 -1.362
-0.125  0.200 -1.139
-0.336  0.048 -1.335
-0.360  0.051 -1.423
-0.379  0.011 -1.497
-0.282  0.098 -1.304
-0.280  0.072 -1.270
-0.392  0.003 -1.439
-0.344  0.007 -1.355
-0.316 -0.059 -1.545
-0.425 -0.043 -1.556
-0.304  0.003 -1.471
-0.435 -0.060 -1.452
-0.385 -0.021 -1.401
-0.308  0.048 -1.293
-0.409 -0.038 -1.539
-0.274  0.113 -1.253
-0.408 -0.018 -1.352
-0.386 -0.016 -1.394
-0.287  0.044 -1.231
-0.189  0.043 -1.265
-0.345 -0.000 -1.311
-0.381 -0.036 -1.330
-0.349 -0.019 -1.345
-0.392 -0.044 -1.516
-0.291  0.043 -1.510
-0.456 -0.107 -1.668
-0.352  0.030 -1.471
-0.369 -0.029 -1.306
-0.384 -0.016 -1.455
-0.398 -0.039 -1.549
-0.364 -0.029 -1.398
-0.396 -0.014 -1.388
-0.254  0.055 -1.057
-0.318  0.034 -1.271
-0.384 -0.041 -1.433
-0.372  0.041 -1.577
-0.441 -0.033 -1.491
-0.360  0.036 -1.341
-0.370 -0.008 -1.290
-0.325 -0.036 -1.361
-0.365  0.007 -1.355
-0.297  0.043 -1.405
-0.376  0.012 -1.299
-0.388 -0.003 -1.389
-0.356  0.041 -1.364
-0.352  0.040 -1.291
-0.256  0.144 -1.139
-0.315  0.059 -1.131
-0.293  0.092 -1.208
-0.396 -0.000 -1.441
-0.377  0.002 -1.411
-0.393 -0.005 -1.358
-0.359 -0.096 -1.560
-0.452 -0.048 -1.469
-0.431 -0.056 -1.550
-0.390 -0.004 -1.553
-0.447 -0.057 -1.601
-0.301  0.075 -1.406
-0.427 -0.052 -1.511
-0.365  0.035 -1.504
-0.375 -0.016 -1.568
-0.328  0.015 -1.475
-0.344 -0.005 -1.430
-0.422 -0.032 -1.499
-0.441 -0.041 -1.582
-0.463 -0.163 -1.900
-0.442 -0.050 -1.688
-0.441 -0.108 -1.906
-0.359 -0.015 -1.428
-0.390 -0.023 -1.408
-0.356  0.002 -1.425
-0.407 -0.055 -1.619
-0.412 -0.051 -1.617
-0.376 -0.027 -1.472
-0.385  0.013 -1.567
-0.399 -0.011 -1.622
-0.391  0.068 -1.672
-0.530 -0.064 -1.828
-0.496  0.035 -1.791
-0.577 -0.086 -1.825
-0.517  0.022 -1.877
-0.605 -0.086 -2.015
-0.449  0.060 -1.776
-0.584 -0.063 -1.906
-0.527  0.013 -1.856
-0.555 -0.054 -1.885
-0.455  0.062 -1.848
-0.522 -0.044 -1.978
-0.501  0.006 -2.083
-0.455 -0.002 -1.860
-0.421  0.087 -1.810
-0.508 -0.015 -1.865
-0.476  0.023 -1.944
-0.473 -0.014 -1.967
-0.442  0.018 -1.927
-0.365  0.006 -1.823
-0.457 -0.034 -1.987
-0.469 -0.062 -2.105
-0.499 -0.091 -2.213
-0.296  0.061 -1.768
-0.338 -0.045 -1.984
-0.300  0.059 -1.689
-0.373  0.029 -1.785
-0.454 -0.008 -2.091
-0.516 -0.061 -2.238
-0.445 -0.012 -2.015
-0.432 -0.031 -1.972
-0.476 -0.031 -2.018
-0.435 -0.022 -1.936
-0.439  0.013 -2.021
-0.437 -0.004 -2.076
-0.408  0.055 -2.051
-0.485 -0.036 -2.065
-0.356  0.095 -1.866
-0.403  0.011 -1.968
-0.396  0.052 -2.109
-0.440 -0.026 -2.118
-0.407  0.031 -1.979
-0.412  0.021 -1.901
-0.391  0.039 -1.864
-0.353  0.054 -1.852
-0.355  0.049 -1.889
-0.298  0.114 -1.780
-0.367  0.042 -1.844
-0.285  0.137 -1.726
-0.325  0.063 -1.752
-0.277  0.091 -1.668
-0.302  0.060 -1.704
-0.282  0.014 -1.665
-0.323  0.061 -1.579
-0.350  0.031 -1.600
-0.309  0.061 -1.570
-0.326  0.053 -1.655
-0.266  0.105 -1.716
-0.355  0.006 -1.778
-0.252  0.131 -1.610
-0.306  0.023 -1.593
-0.253  0.076 -1.564
-0.297  0.023 -1.817
-0.177  0.172 -1.507
-0.341  0.057 -1.765
-0.175  0.242 -1.454
-0.319  0.069 -1.701
-0.346  0.012 -1.811
-0.397 -0.109 -1.882
-0.377 -0.056 -1.880
-0.204  0.023 -1.569
-0.273 -0.007 -1.709
-0.269 -0.020 -1.732
-0.402 -0.097 -1.996
-0.393 -0.059 -1.934
-0.519 -0.119 -2.043
-0.504 -0.060 -2.124
-0.511 -0.126 -2.152
-0.380  0.029 -2.109
-0.439 -0.056 -2.099
-0.416 -0.007 -2.073
-0.531 -0.102 -2.285
-0.533 -0.106 -2.338
-0.569 -0.148 -2.353
-0.442 -0.049 -2.148
-0.494 -0.121 -2.238
-0.449 -0.077 -2.083
-0.485 -0.101 -2.106
-0.470 -0.060 -2.029
-0.451 -0.063 -2.015
-0.462 -0.061 -2.056
-0.491 -0.117 -2.193
-0.447 -0.064 -2.096
-0.450 -0.063 -2.023
-0.427 -0.032 -1.914
-0.431 -0.046 -1.897
-0.435 -0.032 -1.995
-0.529 -0.111 -2.114
-0.350  0.043 -1.892
-0.519 -0.099 -2.057
-0.509 -0.029 -2.070
-0.540 -0.105 -2.059
-0.473 -0.044 -1.974
-0.416 -0.027 -1.855
-0.396 -0.021 -1.863
-0.444 -0.054 -1.903
-0.327 -0.002 -1.605
-0.363 -0.018 -1.607
-0.235  0.015 -1.633
-0.329  0.004 -1.556
-0.383 -0.049 -1.704
-0.328 -0.000 -1.558
-0.335 -0.017 -1.559
-0.350 -0.036 -1.521
-0.377 -0.080 -1.680
-0.366 -0.051 -1.698
-0.417 -0.095 -1.917
-0.405 -0.050 -1.815
-0.406 -0.082 -1.735
-0.365 -0.021 -1.737
-0.427 -0.103 -1.834
-0.339 -0.034 -1.706
-0.430 -0.073 -1.822
-0.381 -0.102 -1.778
-0.383 -0.029 -1.609
-0.386 -0.045 -1.685
-0.447 -0.061 -1.902
-0.392 -0.048 -1.804
-0.315  0.048 -1.652
-0.389 -0.029 -1.643
-0.325  0.010 -1.534
-0.346 -0.022 -1.576
-0.342 -0.098 -1.748
-0.315  0.003 -1.577
-0.280 -0.063 -1.747
-0.390 -0.004 -1.708
-0.349 -0.000 -1.672
-0.314  0.003 -1.639
-0.271 -0.070 -1.826
-0.268  0.049 -1.541
-0.213  0.091 -1.427
-0.324  0.005 -1.647
-0.321  0.048 -1.730
-0.386 -0.024 -1.806
-0.396 -0.132 -2.109
-0.510 -0.105 -2.150
-0.521 -0.070 -2.052
-0.519 -0.093 -2.021
-0.496 -0.095 -1.963
-0.427 -0.007 -1.951
-0.534 -0.131 -2.137
-0.511 -0.078 -2.161
-0.532 -0.111 -2.166
-0.593 -0.142 -2.297
-0.515 -0.092 -2.116
-0.570 -0.144 -2.272
-0.551 -0.117 -2.314
-0.535 -0.138 -2.324
-0.469 -0.062 -2.126
-0.446 -0.100 -2.046
-0.467 -0.088 -2.150
-0.582 -0.186 -2.361
-0.542 -0.263 -2.577
-0.602 -0.193 -2.468
-0.502 -0.138 -2.202
-0.566 -0.171 -2.278
-0.535 -0.160 -2.187
-0.465 -0.060 -2.231
-0.636 -0.209 -2.469
-0.564 -0.136 -2.324
-0.576 -0.157 -2.270
-0.571 -0.168 -2.289
-0.520 -0.088 -2.133
-0.443 -0.068 -2.067
-0.412 -0.034 -2.046
-0.439 -0.072 -2.124
-0.446 -0.042 -2.082
-0.422 -0.059 -2.024
-0.392 -0.002 -2.136
-0.487 -0.124 -2.268
-0.374 -0.032 -2.050
-0.330 -0.012 -1.910
-0.266  0.056 -1.781
-0.364 -0.039 -1.951
-0.307  0.007 -1.906
-0.431 -0.092 -2.241
-0.323 -0.024 -2.045
-0.337 -0.024 -1.993
-0.313 -0.006 -1.880
-0.330 -0.012 -1.822
-0.265  0.027 -1.794
-0.195  0.079 -1.707
-0.216  0.039 -1.796
-0.305  0.011 -1.895
-0.402 -0.073 -2.030
-0.264  0.066 -1.860
-0.368 -0.048 -1.954
-0.303  0.015 -1.861
-0.353 -0.038 -1.894
-0.305  0.029 -1.740
-0.352 -0.004 -1.745
-0.268 -0.035 -1.853
-0.365  0.005 -1.805
-0.373 -0.009 -1.922
-0.320  0.021 -1.846
-0.357 -0.024 -1.911
-0.340  0.005 -1.847
-0.306  0.047 -1.733
-0.416 -0.037 -1.932
-0.405 -0.052 -1.952
-0.442 -0.051 -2.047
-0.440 -0.052 -2.079
-0.382  0.005 -1.944
-0.414 -0.025 -1.955
-0.391  0.047 -1.954
-0.512 -0.069 -2.131
-0.484 -0.032 -2.163
-0.497 -0.059 -2.125
-0.347  0.069 -1.885
-0.390 -0.004 -1.898
-0.372  0.022 -1.933
-0.420 -0.030 -2.046
-0.445 -0.076 -2.140
-0.491 -0.056 -2.156
-0.381 -0.055 -2.166
-0.406 -0.009 -1.930
-0.421 -0.027 -1.951
-0.454 -0.033 -2.056
-0.509 -0.064 -2.229
-0.418  0.036 -2.221
-0.449 -0.025 -2.113
-0.361  0.080 -2.049
-0.464 -0.036 -2.116
-0.381  0.038 -2.038
-0.456 -0.036 -2.172
-0.445 -0.031 -2.198
-0.482 -0.088 -2.278
-0.460 -0.051 -2.170
-0.547 -0.110 -2.298
-0.514 -0.099 -2.314
-0.453 -0.036 -2.246
-0.497 -0.134 -2.481
-0.481 -0.052 -2.318
-0.472 -0.115 -2.356
-0.450 -0.000 -2.128
-0.424 -0.004 -2.090
-0.395  0.045 -2.085
-0.407  0.026 -2.153
-0.362  0.100 -2.093
-0.402  0.054 -2.049
-0.324  0.144 -1.994
-0.450  0.013 -2.107
-0.437  0.028 -2.143
-0.440  0.005 -2.149
-0.416  0.038 -2.114
-0.418  0.036 -2.049
-0.387  0.003 -2.074
-0.381  0.069 -2.038
-0.329  0.115 -2.087
-0.383  0.067 -2.061
-0.419  0.032 -2.037
-0.384  0.059 -1.947
-0.353  0.092 -1.853
-0.329  0.138 -1.937
-0.373  0.076 -1.976
-0.241  0.198 -1.826
-0.350  0.097 -1.870
-0.273  0.166 -1.814
-0.328  0.086 -1.955
-0.332  0.080 -2.008
-0.385  0.054 -1.965
-0.397  0.039 -1.945
-0.382  0.041 -1.918
-0.264  0.097 -1.964
-0.328  0.069 -1.854
-0.301  0.118 -1.814
-0.310  0.079 -1.697
-0.318  0.053 -1.749
-0.302  0.075 -1.804
-0.285  0.076 -1.806
-0.247  0.114 -1.769
-0.314  0.041 -1.744
-0.241  0.152 -1.682
-0.348  0.028 -1.797
-0.278  0.083 -1.715
-0.328  0.043 -1.801
-0.290  0.082 -1.733
-0.295  0.063 -1.645
-0.265  0.073 -1.608
-0.357 -0.007 -1.781
-0.249  0.070 -1.792
-0.332  0.015 -1.817
-0.364 -0.011 -1.796
-0.356 -0.006 -1.783
-0.388 -0.009 -1.854
-0.216  0.242 -1.474
-0.093  0.227 -0.847
 0.406  0.509  0.006
 0.233  0.398 -0.129
 0.394  0.517 -0.124
 0.235  0.386 -0.270
 0.225  0.440 -0.376
 0.154  0.335 -0.599
 0.169  0.363 -0.686
-0.007  0.284 -0.851
 0.036  0.330 -0.847
 0.154  0.339 -0.616
 0.279  0.478 -0.403
 0.100  0.333 -0.709
 0.106  0.378 -0.753
-0.052  0.240 -0.962
-0.164  0.186 -1.106
-0.123  0.211 -1.203
-0.155  0.170 -1.148
-0.133  0.144 -1.171
-0.105  0.194 -1.113
-0.061  0.237 -1.026
-0.166  0.143 -1.150
-0.168  0.161 -1.136
-0.243  0.103 -1.245
-0.212  0.122 -1.202
-0.204  0.128 -1.183
-0.159  0.165 -1.108
-0.243  0.105 -1.188
-0.234  0.120 -1.219
-0.257  0.112 -1.246
-0.238  0.125 -1.260
-0.254  0.108 -1.255
-0.236  0.134 -1.206
-0.316  0.088 -1.299
-0.294  0.017 -1.418
-0.315  0.100 -1.283
-0.309  0.106 -1.303
-0.287  0.128 -1.249
-0.357  0.063 -1.383
-0.498  0.023 -1.649
-0.358  0.089 -1.520
-0.396  0.094 -1.622
-0.463  0.012 -1.768
-0.519 -0.013 -1.766
-0.539 -0.043 -1.829
-0.546 -0.033 -1.822
-0.482  0.007 -1.734
-0.503 -0.004 -1.790
-0.462 -0.107 -1.988
-0.540 -0.043 -1.761
-0.487 -0.023 -1.720
-0.415  0.037 -1.589
-0.468 -0.020 -1.760
-0.335  0.085 -1.579
-0.414  0.015 -1.633
-0.348  0.069 -1.454
-0.483 -0.030 -1.683
-0.369  0.072 -1.616
-0.436 -0.010 -1.700
-0.382  0.023 -1.702
-0.399 -0.014 -1.708
-0.392  0.017 -1.552
-0.442 -0.010 -1.654
-0.379 -0.092 -1.848
-0.439 -0.035 -1.774
-0.452 -0.065 -1.836
-0.392  0.001 -1.736
-0.379 -0.014 -1.620
-0.308  0.089 -1.632
-0.393 -0.012 -1.681
-0.395 -0.065 -1.777
-0.397 -0.001 -1.686
-0.419 -0.018 -1.738
-0.471 -0.024 -1.801
-0.465 -0.026 -1.817
-0.386  0.051 -1.757
-0.427  0.022 -1.732
-0.322  0.043 -1.605
-0.394  0.046 -1.645
-0.342  0.044 -1.614
-0.351  0.049 -1.688
-0.419 -0.011 -1.843
-0.333  0.091 -1.787
-0.420 -0.016 -1.771
-0.336  0.062 -1.593
-0.400 -0.009 -1.740
-0.374 -0.076 -1.985
-0.396 -0.001 -1.845
-0.400 -0.018 -1.848
-0.360  0.013 -1.767
-0.333  0.019 -1.705
-0.234  0.123 -1.693
-0.264  0.070 -1.625
-0.238  0.116 -1.588
-0.311  0.042 -1.665
-0.379  0.003 -1.700
-0.343  0.007 -1.672
-0.314 -0.038 -1.913
-0.396 -0.021 -1.868
-0.345 -0.033 -2.033
-0.411 -0.026 -1.828
-0.390 -0.028 -1.780
-0.313  0.039 -1.647
-0.315  0.039 -1.640
-0.226  0.133 -1.614
-0.310  0.029 -1.630
-0.307  0.052 -1.666
-0.342 -0.007 -1.695
-0.371 -0.073 -1.832
-0.360 -0.002 -1.751
-0.284  0.055 -1.813
-0.400 -0.033 -1.805
-0.407 -0.061 -1.847
-0.408 -0.052 -1.868
-0.369 -0.025 -1.756
-0.255  0.097 -1.730
-0.348 -0.012 -1.731
-0.325  0.036 -1.703
-0.394 -0.047 -1.758
-0.386 -0.075 -1.760
-0.388 -0.043 -1.744
-0.416 -0.066 -1.864
-0.389 -0.033 -1.795
-0.408 -0.067 -1.762
-0.352  0.008 -1.775
-0.433 -0.096 -1.809
-0.401 -0.070 -1.801
-0.408 -0.055 -1.838
-0.341 -0.087 -1.994
-0.444 -0.090 -1.918
-0.387 -0.054 -1.789
-0.382 -0.015 -1.854
-0.425 -0.058 -1.998
-0.327  0.023 -1.935
-0.413 -0.039 -1.955
-0.424 -0.043 -1.990
-0.436 -0.049 -2.009
-0.389 -0.036 -1.955
-0.414 -0.016 -2.034
-0.382 -0.007 -1.902
-0.304  0.066 -1.757
-0.406 -0.034 -1.947
-0.341  0.022 -1.927
-0.334 -0.011 -1.865
-0.300  0.002 -1.848
-0.301  0.015 -1.870
-0.401 -0.029 -2.020
-0.497 -0.062 -2.172
-0.471 -0.081 -2.208
-0.476 -0.035 -2.147
-0.389 -0.073 -2.238
-0.429 -0.007 -2.068
-0.397 -0.072 -2.297
-0.449 -0.017 -2.056
-0.446 -0.011 -2.155
-0.361  0.070 -1.982
-0.394  0.025 -2.047
-0.300  0.100 -1.846
-0.324  0.037 -1.867
-0.241  0.142 -1.930
-0.326  0.022 -1.928
-0.280  0.072 -1.961
-0.412 -0.071 -2.081
-0.367 -0.017 -1.984
-0.434 -0.066 -2.062
-0.492 -0.204 -2.436
-0.499 -0.136 -2.334
-0.457 -0.123 -2.207
-0.396 -0.063 -2.086
-0.364 -0.049 -2.034
-0.303  0.019 -1.943
-0.314 -0.001 -1.918
-0.353 -0.049 -1.976
-0.366 -0.032 -1.939
-0.369 -0.015 -1.929
-0.349 -0.004 -1.955
-0.416 -0.052 -2.027
-0.420 -0.033 -2.033
-0.453 -0.065 -2.093
-0.316  0.086 -1.982
-0.360  0.010 -1.971
-0.313  0.055 -1.845
-0.345  0.015 -1.892
-0.294 -0.045 -2.078
-0.366  0.003 -1.972
-0.386 -0.009 -1.978
-0.338  0.058 -1.945
-0.369  0.005 -1.929
-0.342  0.043 -1.943
-0.409 -0.028 -2.019
-0.438 -0.121 -2.221
-0.406 -0.019 -2.060
-0.382  0.003 -2.044
-0.361 -0.008 -1.996
-0.347  0.002 -1.987
-0.387  0.006 -2.121
-0.417 -0.030 -2.133
-0.376  0.019 -2.066
-0.400 -0.050 -2.066
-0.293  0.062 -1.965
-0.408 -0.058 -2.110
-0.343  0.002 -2.041
-0.402 -0.065 -2.076
-0.390 -0.042 -2.023
-0.411 -0.067 -2.072
-0.401 -0.133 -2.176
-0.380 -0.024 -1.983
-0.331 -0.098 -2.113
-0.332 -0.035 -1.830
-0.346 -0.069 -1.911
-0.370 -0.056 -1.919
-0.389 -0.068 -1.969
-0.345 -0.024 -1.870
-0.378 -0.062 -1.854
-0.308 -0.027 -1.728
-0.374 -0.064 -1.809
-0.319  0.019 -1.747
-0.408 -0.083 -1.813
-0.356 -0.013 -1.704
-0.394 -0.079 -1.698
-0.315  0.018 -1.601
-0.382 -0.069 -1.667
-0.382 -0.042 -1.697
-0.390 -0.060 -1.620
-0.382 -0.031 -1.576
-0.355 -0.027 -1.571
-0.364 -0.027 -1.592
-0.353 -0.009 -1.554
-0.330 -0.038 -1.576
-0.359 -0.001 -1.488
-0.339 -0.006 -1.510
-0.355  0.007 -1.556
-0.376 -0.024 -1.589
-0.278  0.078 -1.490
-0.382 -0.053 -1.534
-0.325  0.024 -1.469
-0.405 -0.025 -1.551
-0.348  0.037 -1.499
-0.365 -0.001 -1.454
-0.335  0.037 -1.412
-0.382 -0.016 -1.472
-0.365 -0.043 -1.505
-0.373 -0.002 -1.487
-0.294 -0.079 -1.640
-0.329 -0.008 -1.405
-0.297  0.008 -1.371
-0.275  0.049 -1.350
-0.291  0.018 -1.393
-0.245  0.080 -1.464
-0.387 -0.050 -1.539
-0.329 -0.009 -1.416
-0.332 -0.031 -1.428
-0.221 -0.002 -1.465
-0.293  0.012 -1.318
-0.224  0.033 -1.352
-0.297 -0.014 -1.266
-0.279 -0.111 -1.465
-0.249 -0.002 -1.176
-0.334 -0.076 -1.397
-0.338 -0.051 -1.423
-0.333 -0.073 -1.420
-0.307 -0.060 -1.368
-0.353 -0.105 -1.393
-0.297  0.003 -1.380
-0.347 -0.083 -1.415
-0.313 -0.044 -1.414
-0.357 -0.099 -1.423
-0.357 -0.062 -1.393
-0.356 -0.097 -1.370
-0.382 -0.192 -1.526
-0.365 -0.075 -1.374
-0.349 -0.050 -1.335
-0.391 -0.098 -1.421
-0.392 -0.110 -1.463
-0.389 -0.087 -1.467
-0.395 -0.105 -1.495
-0.273  0.026 -1.446
-0.397 -0.100 -1.489
-0.316  0.009 -1.459
-0.413 -0.097 -1.440
-0.416 -0.072 -1.526
-0.411 -0.092 -1.481
-0.342 -0.044 -1.293
-0.288  0.013 -1.196
-0.292 -0.055 -1.501
-0.401 -0.062 -1.472
-0.420 -0.076 -1.516
-0.323  0.036 -1.396
-0.384 -0.057 -1.449
-0.320 -0.007 -1.363
-0.401 -0.083 -1.435
-0.436 -0.147 -1.552
-0.387 -0.068 -1.373
-0.310 -0.018 -1.471
-0.421 -0.078 -1.470
-0.444 -0.115 -1.579
-0.389 -0.049 -1.440
-0.373 -0.033 -1.424
-0.400 -0.018 -1.500
-0.394 -0.047 -1.512
-0.339  0.003 -1.383
-0.389 -0.045 -1.496
-0.337  0.004 -1.403
-0.413 -0.043 -1.574
-0.284  0.052 -1.476
-0.396 -0.063 -1.505
-0.316  0.054 -1.327
-0.314 -0.005 -1.273
-0.342 -0.002 -1.471
-0.358  0.004 -1.405
-0.439 -0.092 -1.661
-0.420 -0.096 -1.653
-0.372 -0.054 -1.586
-0.508 -0.157 -1.797
-0.380 -0.101 -2.062
-0.424 -0.151 -1.849
-0.321 -0.038 -1.718
-0.427 -0.147 -1.852
-0.296 -0.007 -1.682
-0.305 -0.062 -1.582
-0.220  0.055 -1.438
-0.254 -0.022 -1.522
-0.162  0.094 -1.445
-0.253 -0.017 -1.540
-0.325 -0.027 -1.633
-0.350 -0.076 -1.605
-0.323  0.006 -1.601
-0.375 -0.087 -1.724
-0.252  0.037 -1.559
-0.331 -0.071 -1.561
-0.256  0.008 -1.526
-0.319 -0.066 -1.580
-0.198  0.057 -1.452
-0.296 -0.054 -1.571
-0.198  0.056 -1.398
-0.279 -0.027 -1.440
-0.224  0.017 -1.459
-0.257 -0.009 -1.457
-0.201  0.032 -1.331
-0.306 -0.037 -1.447
-0.304 -0.045 -1.441
-0.275 -0.019 -1.358
-0.202  0.054 -1.293
-0.265 -0.002 -1.344
-0.299 -0.060 -1.517
-0.237 -0.000 -1.374
-0.238 -0.003 -1.396
-0.210  0.057 -1.410
-0.131  0.097 -1.181
-0.066  0.165 -1.256
-0.191  0.053 -1.299
-0.160  0.097 -1.261
-0.307 -0.017 -1.494
-0.273  0.005 -1.523
-0.260 -0.012 -1.471
-0.323 -0.034 -1.580
-0.302 -0.019 -1.416
-0.271 -0.089 -1.623
-0.253  0.023 -1.399
-0.296  0.002 -1.480
-0.318 -0.019 -1.488
-0.284  0.018 -1.424
-0.246  0.082 -1.401
-0.239  0.067 -1.349
-0.102  0.167 -1.193
-0.263  0.020 -1.352
-0.217  0.052 -1.320
-0.259  0.013 -1.427
-0.243 -0.009 -1.441
-0.187  0.101 -1.071
-0.105  0.080 -0.987
-0.147  0.159 -0.854
-0.171  0.048 -1.115
-0.159  0.157 -0.867
-0.166  0.132 -0.853
-0.195  0.125 -0.993
-0.138  0.135 -0.906
-0.119  0.163 -0.893
-0.179  0.101 -0.959
-0.238  0.088 -1.063
-0.223  0.139 -1.029
-0.217  0.113 -0.965
-0.060  0.271 -0.891
-0.232  0.160 -0.926
-0.272  0.112 -1.112
-0.254  0.146 -1.051
-0.266  0.100 -1.084
-0.300  0.092 -1.127
-0.366  0.056 -1.132
-0.280  0.142 -0.987
-0.320  0.078 -1.117
-0.188  0.175 -0.916
-0.258  0.102 -0.960
-0.252  0.116 -0.894
-0.330  0.066 -1.077
-0.288  0.082 -1.051
-0.282  0.105 -0.966
-0.283  0.110 -0.917
-0.248  0.176 -0.871
-0.249  0.148 -0.817
-0.293  0.143 -0.974
-0.306  0.135 -1.030
-0.279  0.032 -1.121
-0.252  0.145 -0.823
-0.283  0.106 -0.900
-0.208  0.155 -0.752
-0.254  0.117 -0.830
-0.181  0.195 -0.770
-0.233  0.124 -0.732
-0.197  0.194 -0.734
-0.269  0.076 -0.785
-0.235  0.097 -0.752
-0.211  0.112 -0.636
-0.252  0.057 -0.754
-0.234  0.074 -0.690
-0.189  0.142 -0.536
-0.240  0.075 -0.641
-0.274  0.063 -0.759
-0.234  0.126 -0.754
-0.289  0.033 -0.828
-0.186  0.149 -0.722
-0.241  0.076 -0.667
-0.222  0.112 -0.659
-0.248  0.080 -0.694
-0.280  0.048 -0.792
-0.248  0.064 -0.733
-0.193  0.006 -0.813
-0.265  0.070 -0.729
-0.267  0.072 -0.772
-0.236  0.102 -0.709
-0.269  0.053 -0.738
-0.259  0.078 -0.664
-0.281  0.050 -0.662
-0.280  0.054 -0.716
-0.270  0.063 -0.690
-0.189  0.148 -0.711
-0.302  0.031 -0.775
-0.308  0.078 -0.784
-0.307  0.036 -0.790
-0.215  0.117 -0.741
-0.295  0.054 -0.788
-0.273  0.082 -0.784
-0.248  0.129 -0.640
-0.282  0.082 -0.724
-0.194  0.177 -0.578
-0.252  0.098 -0.701
-0.273  0.055 -0.721
-0.284  0.065 -0.695
-0.205  0.130 -0.560
-0.279  0.054 -0.759
-0.292  0.037 -0.810
-0.266  0.047 -0.794
-0.270  0.028 -0.754
-0.184  0.113 -0.676
-0.279  0.004 -0.754
-0.237  0.038 -0.755
-0.316 -0.022 -0.888
-0.236  0.037 -0.649
-0.300  0.004 -0.741
-0.329 -0.087 -0.883
-0.337  0.001 -0.820
-0.313  0.012 -0.818
-0.284  0.029 -0.745
-0.239  0.030 -0.702
-0.198  0.068 -0.693
-0.192  0.066 -0.693
-0.192  0.109 -0.709
-0.288  0.018 -0.767
-0.189  0.140 -0.645
-0.261  0.048 -0.731
-0.252  0.057 -0.731
-0.262  0.032 -0.713
-0.278 -0.004 -0.726
-0.302  0.023 -0.658
-0.272  0.030 -0.677
-0.238  0.060 -0.589
-0.261  0.016 -0.620
-0.219  0.086 -0.600
-0.301 -0.015 -0.665
-0.286  0.001 -0.679
-0.303 -0.009 -0.676
-0.207  0.029 -0.655
-0.290  0.003 -0.538
-0.306 -0.008 -0.575
-0.213  0.094 -0.525
-0.284  0.008 -0.551
-0.253  0.033 -0.547
-0.255  0.025 -0.533
-0.252  0.046 -0.501
-0.305 -0.001 -0.620
-0.300 -0.006 -0.655
-0.173  0.106 -0.501
-0.294 -0.025 -0.584
-0.278  0.010 -0.547
-0.259  0.004 -0.427
-0.268 -0.037 -0.487
-0.263  0.004 -0.456
-0.246  0.051 -0.433
-0.277  0.009 -0.460
-0.278  0.019 -0.506
-0.185  0.119 -0.524
-0.268  0.015 -0.584
-0.277  0.042 -0.566
-0.313 -0.003 -0.594
-0.210  0.081 -0.571
-0.296  0.015 -0.541
-0.321 -0.010 -0.645
-0.379 -0.027 -0.707
-0.361 -0.050 -0.676
-0.289  0.013 -0.575
-0.288  0.008 -0.574
-0.223  0.075 -0.472
-0.283  0.025 -0.551
-0.316 -0.004 -0.638
-0.243  0.109 -0.568
-0.317  0.008 -0.671
-0.298  0.001 -0.600
-0.314  0.017 -0.573
-0.323  0.010 -0.629
-0.375  0.008 -0.811
-0.353 -0.009 -0.681
-0.274  0.073 -0.651
-0.351 -0.021 -0.645
-0.280  0.054 -0.614
-0.318 -0.004 -0.593
-0.320 -0.013 -0.598
-0.346 -0.035 -0.609
-0.353 -0.036 -0.626
-0.371 -0.029 -0.667
-0.403 -0.072 -0.744
-0.331 -0.005 -0.630
-0.363 -0.052 -0.625
-0.292  0.022 -0.613
-0.358 -0.033 -0.708
-0.324 -0.030 -0.675
