 0.474 -0.097 -0.249
 0.827  0.147  0.060
 0.679  0.095  0.032
 0.542  0.066 -0.036
 0.467  0.042  0.063
 0.626  0.147  0.213
 0.128 -0.088 -0.094
 0.441  0.136  0.004
 0.282  0.004 -0.225
 0.389  0.108 -0.209
 0.363  0.095 -0.055
 0.492  0.265  0.186
 0.343  0.184  0.108
 0.510  0.341  0.331
 0.579  0.404  0.389
 0.599  0.439  0.424
 0.492  0.384  0.414
 0.535  0.449  0.462
 0.478  0.426  0.477
 0.562  0.514  0.547
 0.536  0.474  0.598
 0.461  0.450  0.583
 0.522  0.497  0.658
 0.534  0.522  0.703
 0.532  0.525  0.711
 0.608  0.517  0.693
 0.491  0.546  0.775
 0.478  0.566  0.834
 0.508  0.587  0.835
 0.542  0.590  0.901
 0.588  0.645  0.903
 0.438  0.555  0.845
 0.556  0.641  0.967
 0.454  0.567  0.872
 0.561  0.621  0.844
 0.445  0.614  0.916
 0.449  0.611  0.904
 0.350  0.536  0.815
 0.382  0.548  0.845
 0.504  0.691  0.967
 0.532  0.700  1.042
 0.499  0.695  1.026
 0.529  0.699  1.041
 0.468  0.666  1.008
 0.416  0.635  0.943
 0.500  0.594  0.840
 0.469  0.668  0.976
 0.454  0.667  1.003
 0.550  0.755  1.078
 0.409  0.651  0.967
 0.497  0.717  1.034
 0.415  0.648  0.975
 0.498  0.693  1.054
 0.478  0.697  1.053
 0.524  0.645  0.926
 0.563  0.763  1.117
 0.601  0.779  1.146
 0.659  0.839  1.182
 0.592  0.800  1.138
 0.697  0.901  1.211
 0.464  0.732  1.051
 0.470  0.755  1.060
 0.419  0.726  1.017
 0.645  0.843  1.044
 0.573  0.834  1.122
 0.557  0.808  1.083
 0.643  0.894  1.113
 0.586  0.849  1.101
 0.600  0.882  1.086
 0.589  0.832  1.055
 0.467  0.752  0.948
 0.556  0.818  1.025
 0.512  0.721  0.803
 0.438  0.735  0.929
 0.296  0.641  0.812
 0.249  0.655  0.741
 0.185  0.589  0.717
 0.267  0.651  0.757
 0.242  0.608  0.733
 0.251  0.623  0.654
 0.336  0.657  0.789
 0.432  0.735  0.846
 0.342  0.665  0.797
 0.207  0.501  0.513
 0.276  0.642  0.739
 0.317  0.667  0.770
 0.231  0.600  0.685
 0.261  0.619  0.716
 0.226  0.613  0.682
 0.212  0.589  0.650
 0.103  0.418  0.419
 0.142  0.521  0.580
 0.225  0.564  0.645
 0.232  0.584  0.627
 0.144  0.501  0.569
 0.348  0.653  0.711
 0.205  0.547  0.637
 0.222  0.601  0.644
 0.116  0.514  0.581
 0.053  0.479  0.527
 0.042  0.446  0.478
 0.058  0.372  0.328
 0.141  0.522  0.556
 0.082  0.494  0.480
 0.061  0.469  0.444
 0.021  0.435  0.418
 0.041  0.453  0.401
-0.109  0.358  0.287
-0.077  0.381  0.322
-0.063  0.383  0.308
-0.057  0.425  0.361
-0.064  0.402  0.320
-0.087  0.395  0.308
-0.040  0.442  0.326
-0.087  0.371  0.284
-0.084  0.392  0.318
-0.089  0.391  0.311
-0.122  0.335  0.281
-0.056  0.389  0.332
-0.074  0.365  0.309
-0.097  0.368  0.270
-0.101  0.357  0.266
-0.013  0.424  0.275
-0.090  0.337  0.250
-0.125  0.314  0.237
-0.079  0.343  0.271
 0.023  0.356  0.172
 0.093  0.501  0.473
 0.107  0.498  0.505
 0.115  0.500  0.496
 0.027  0.419  0.393
 0.087  0.448  0.415
 0.019  0.372  0.351
-0.057  0.320  0.252
-0.179  0.239  0.147
-0.243  0.201  0.085
-0.246  0.201  0.092
-0.272  0.189  0.061
-0.256  0.102 -0.034
-0.221  0.210  0.095
-0.206  0.247  0.151
-0.176  0.221  0.149
-0.158  0.248  0.153
-0.109  0.201  0.106
-0.157  0.146 -0.013
-0.231  0.079 -0.030
-0.147  0.126  0.052
-0.171  0.095  0.009
-0.033  0.206  0.152
-0.091  0.175  0.115
-0.016  0.168  0.135
-0.037  0.194  0.152
-0.051  0.172  0.129
-0.106  0.148  0.074
-0.120  0.134  0.057
-0.086  0.167  0.060
-0.086  0.145  0.071
 0.001  0.226  0.149
-0.045  0.184  0.102
-0.054  0.175  0.119
-0.093  0.125  0.072
-0.049  0.160  0.133
-0.035  0.150  0.121
-0.038  0.147  0.132
 0.087  0.239  0.230
 0.103  0.227  0.258
 0.057  0.205  0.207
-0.006  0.143  0.155
-0.052  0.100  0.119
 0.122  0.202  0.264
 0.127  0.196  0.271
 0.188  0.262  0.312
 0.067  0.172  0.190
 0.261  0.289  0.341
 0.188  0.224  0.284
 0.369  0.348  0.377
 0.376  0.325  0.412
 0.197  0.201  0.216
 0.239  0.214  0.246
 0.284  0.172  0.124
 0.336  0.266  0.316
 0.248  0.214  0.262
 0.235  0.191  0.222
 0.164  0.119  0.152
 0.244  0.195  0.211
 0.283  0.197  0.274
 0.277  0.196  0.258
 0.235  0.145  0.203
 0.280  0.123  0.174
 0.214  0.140  0.164
 0.158  0.062  0.128
 0.156  0.070  0.087
 0.157  0.063  0.095
 0.181  0.094  0.070
 0.126  0.036  0.058
 0.077  0.044  0.017
-0.027 -0.024 -0.065
-0.080 -0.042 -0.083
-0.058 -0.045 -0.083
-0.058 -0.125 -0.221
-0.034 -0.008 -0.057
 0.017 -0.066 -0.190
-0.031 -0.010 -0.025
-0.145 -0.105 -0.122
-0.053 -0.044 -0.092
-0.038 -0.032 -0.031
 0.161  0.114  0.075
 0.159  0.083  0.146
 0.174  0.093  0.162
 0.229  0.095  0.165
 0.151  0.006  0.057
 0.191  0.093  0.151
 0.244  0.158  0.210
 0.303  0.166  0.215
 0.237  0.128  0.195
 0.216  0.149  0.138
 0.229  0.138  0.196
 0.221  0.164  0.139
 0.186  0.125  0.191
 0.201  0.127  0.211
 0.145  0.089  0.157
 0.105  0.042  0.113
 0.179  0.076  0.154
 0.248  0.129  0.123
 0.192  0.109  0.158
 0.127  0.077  0.148
 0.111  0.063  0.095
 0.060  0.020  0.062
 0.134  0.083  0.123
 0.074  0.039  0.083
 0.078  0.057  0.071
 0.027  0.004  0.018
 0.125  0.082  0.091
 0.100  0.061  0.074
 0.188  0.127  0.142
 0.118  0.075  0.093
 0.111  0.055  0.091
 0.152  0.103  0.150
 0.122  0.013 -0.030
 0.148  0.108  0.145
 0.168  0.124  0.188
 0.179  0.143  0.202
 0.043  0.064  0.091
 0.109  0.121  0.110
 0.025  0.033  0.083
 0.042  0.035  0.110
 0.063  0.032  0.076
 0.071  0.062  0.105
 0.023  0.011  0.026
-0.045 -0.043 -0.034
 0.013 -0.006  0.000
 0.004 -0.019  0.033
 0.016 -0.001  0.027
-0.097 -0.078 -0.035
-0.089 -0.072 -0.010
-0.021 -0.045  0.043
-0.024 -0.105 -0.043
 0.008 -0.023  0.053
-0.016 -0.036  0.039
-0.056 -0.055 -0.011
-0.004 -0.039  0.033
 0.025  0.002  0.011
-0.007 -0.017  0.019
 0.019  0.021  0.025
 0.002 -0.008  0.020
-0.031 -0.111 -0.129
-0.049 -0.039 -0.038
 0.032  0.047  0.077
 0.010  0.006  0.005
-0.038 -0.016 -0.016
 0.053  0.051  0.010
-0.002 -0.003  0.011
 0.092  0.080  0.040
 0.021  0.003 -0.006
-0.026 -0.031 -0.035
 0.036 -0.018 -0.006
 0.024 -0.010 -0.007
 0.049 -0.011 -0.023
 0.029 -0.027 -0.005
 0.037 -0.024 -0.037
-0.018 -0.063 -0.058
-0.004 -0.016 -0.027
-0.005 -0.030  0.009
 0.049  0.020 -0.009
-0.044 -0.073 -0.052
 0.001 -0.000 -0.030
 0.021 -0.009  0.010
 0.046  0.022  0.008
-0.010 -0.054 -0.064
 0.034 -0.011 -0.025
 0.029 -0.023 -0.042
 0.052  0.007  0.003
 0.064  0.004 -0.019
 0.094  0.051  0.032
 0.159  0.082  0.037
 0.176  0.092  0.090
 0.135  0.066  0.060
 0.125  0.059  0.060
 0.157  0.094  0.087
 0.163  0.083  0.133
 0.203  0.130  0.097
 0.116  0.054  0.061
 0.130  0.068  0.049
 0.081  0.038  0.030
 0.074  0.028  0.009
 0.039  0.041 -0.010
 0.053  0.002 -0.072
 0.067  0.084  0.075
 0.037  0.070  0.046
 0.026  0.046  0.013
-0.058 -0.001 -0.033
-0.031  0.005 -0.003
-0.053 -0.016 -0.025
 0.028  0.046 -0.002
 0.001  0.023  0.032
 0.151  0.135  0.117
-0.032  0.011 -0.007
 0.070  0.098  0.013
-0.029  0.007 -0.024
 0.116  0.117  0.063
-0.072 -0.022 -0.079
-0.040 -0.006 -0.039
-0.022 -0.016 -0.007
-0.022 -0.080 -0.062
-0.067 -0.042 -0.023
-0.108 -0.047 -0.004
-0.075 -0.047 -0.010
-0.052 -0.029  0.027
-0.095 -0.041 -0.048
-0.116 -0.072 -0.027
-0.017  0.009 -0.006
-0.048 -0.034  0.006
-0.005  0.006  0.007
-0.056 -0.033 -0.026
-0.022  0.009 -0.009
 0.056  0.037  0.058
-0.039 -0.024 -0.016
-0.076 -0.035 -0.027
-0.124 -0.069 -0.069
-0.095 -0.056 -0.062
-0.146 -0.068 -0.068
-0.189 -0.105 -0.104
-0.101 -0.065 -0.022
-0.050 -0.016  0.016
-0.123 -0.046 -0.037
-0.038  0.019  0.052
-0.095 -0.026  0.005
-0.049  0.018  0.004
-0.105 -0.039  0.003
-0.016  0.022  0.028
-0.055 -0.045  0.013
-0.029 -0.001  0.061
-0.087 -0.028  0.005
-0.102 -0.030 -0.007
-0.107 -0.068 -0.049
-0.056 -0.089 -0.050
 0.005 -0.000  0.047
 0.008 -0.065 -0.047
-0.006 -0.020  0.027
-0.057 -0.051  0.009
-0.041 -0.042 -0.004
-0.010  0.007  0.061
-0.052 -0.032  0.001
-0.169 -0.131 -0.119
-0.224 -0.152 -0.159
-0.191 -0.096 -0.076
-0.229 -0.143 -0.125
-0.267 -0.246 -0.295
-0.224 -0.152 -0.112
-0.290 -0.183 -0.148
-0.388 -0.251 -0.274
-0.353 -0.203 -0.262
-0.341 -0.206 -0.246
-0.277 -0.171 -0.199
-0.289 -0.161 -0.159
-0.169 -0.067 -0.119
-0.216 -0.102 -0.079
-0.344 -0.167 -0.230
-0.332 -0.165 -0.184
-0.293 -0.127 -0.151
-0.319 -0.156 -0.151
-0.360 -0.153 -0.234
-0.374 -0.155 -0.221
-0.282 -0.074 -0.137
-0.332 -0.141 -0.194
-0.349 -0.151 -0.192
-0.324 -0.156 -0.169
-0.290 -0.126 -0.137
-0.354 -0.156 -0.195
-0.183 -0.041 -0.033
-0.199 -0.087 -0.084
-0.280 -0.211 -0.199
-0.312 -0.161 -0.156
-0.260 -0.181 -0.192
-0.274 -0.125 -0.125
-0.219 -0.076 -0.053
-0.221 -0.099 -0.086
-0.216 -0.093 -0.091
-0.181 -0.033 -0.046
-0.090  0.020  0.039
-0.245 -0.066 -0.072
-0.231 -0.077 -0.061
-0.189 -0.007 -0.003
-0.091  0.041  0.094
-0.102  0.064  0.051
-0.231 -0.052 -0.035
-0.186 -0.013  0.010
-0.099  0.032  0.102
-0.112  0.039  0.063
-0.180 -0.024  0.020
-0.141 -0.005  0.042
-0.052  0.112  0.169
-0.077  0.013  0.046
-0.110  0.071  0.111
-0.095  0.064  0.128
-0.124  0.042  0.089
-0.077  0.062  0.152
-0.057  0.113  0.159
-0.056  0.102  0.173
 0.019  0.161  0.201
-0.137  0.033  0.080
 0.031  0.172  0.200
-0.092  0.088  0.165
 0.023  0.196  0.231
-0.071  0.109  0.171
-0.013  0.155  0.240
-0.017  0.152  0.230
 0.005  0.142  0.214
 0.008  0.132  0.189
 0.106  0.191  0.213
-0.001  0.099  0.155
-0.001  0.095  0.173
-0.076  0.043  0.086
-0.072  0.034  0.099
-0.122 -0.001  0.023
-0.154 -0.028  0.025
-0.114  0.012  0.026
-0.079  0.031  0.084
-0.071  0.043  0.045
-0.007  0.057  0.151
 0.073  0.122  0.164
-0.044  0.051  0.095
-0.008  0.096  0.115
-0.160 -0.042 -0.035
-0.169 -0.025 -0.050
-0.115 -0.004  0.015
-0.069  0.037  0.050
-0.142 -0.053 -0.008
-0.112 -0.049  0.015
-0.145 -0.067 -0.009
-0.100 -0.115 -0.060
-0.114 -0.034  0.017
-0.063 -0.092 -0.108
-0.089 -0.021  0.011
-0.090  0.003  0.026
-0.157 -0.064 -0.049
-0.201 -0.155 -0.182
-0.197 -0.108 -0.137
-0.151 -0.107 -0.098
-0.189 -0.133 -0.139
-0.247 -0.238 -0.317
-0.205 -0.117 -0.150
-0.172 -0.198 -0.254
-0.127 -0.101 -0.109
-0.069 -0.031 -0.037
-0.179 -0.113 -0.164
-0.172 -0.107 -0.117
-0.185 -0.142 -0.179
-0.081 -0.091 -0.084
-0.023 -0.040 -0.033
-0.125 -0.105 -0.115
-0.143 -0.124 -0.112
-0.175 -0.153 -0.136
-0.117 -0.092 -0.102
-0.052 -0.017 -0.013
-0.029 -0.049 -0.052
-0.078 -0.084 -0.056
 0.010 -0.036  0.006
 0.003 -0.031  0.009
-0.003 -0.029 -0.034
 0.077  0.024  0.055
-0.039 -0.051 -0.085
 0.031 -0.034  0.001
 0.065  0.022 -0.003
 0.040 -0.007  0.002
 0.006 -0.013 -0.026
-0.001 -0.053 -0.049
-0.015 -0.041 -0.019
 0.041  0.004  0.035
 0.118  0.040  0.133
 0.122  0.035  0.116
 0.204  0.023  0.102
 0.121  0.046  0.113
 0.157  0.014  0.054
 0.167  0.057  0.117
 0.166 -0.026 -0.021
 0.066  0.017  0.046
 0.049 -0.085 -0.130
 0.080  0.013  0.059
 0.106  0.028  0.110
 0.122  0.046  0.117
 0.179  0.094  0.182
 0.134  0.043  0.092
 0.079 -0.012  0.060
 0.094  0.026  0.073
 0.119  0.058  0.118
 0.086  0.013  0.052
 0.035 -0.038  0.018
 0.006 -0.026  0.037
-0.236 -0.160 -0.140
-0.243 -0.159 -0.127
-0.174 -0.143 -0.098
-0.221 -0.187 -0.180
-0.277 -0.193 -0.179
-0.337 -0.271 -0.260
-0.297 -0.321 -0.402
-0.278 -0.226 -0.232
-0.292 -0.251 -0.244
-0.203 -0.185 -0.180
-0.180 -0.178 -0.175
-0.160 -0.152 -0.150
-0.143 -0.128 -0.113
-0.149 -0.123 -0.114
-0.142 -0.117 -0.090
-0.083 -0.071 -0.029
 0.012  0.020  0.073
-0.015 -0.015  0.068
 0.020  0.026  0.099
-0.012 -0.018  0.046
-0.040 -0.045  0.012
 0.048  0.014  0.074
 0.033  0.001  0.070
 0.053  0.031  0.073
 0.056  0.019  0.090
 0.060  0.035  0.073
 0.025  0.003  0.033
 0.141  0.103  0.071
-0.019 -0.015 -0.002
 0.149  0.102  0.061
 0.046 -0.017 -0.017
 0.034 -0.000 -0.005
 0.066  0.010  0.017
 0.047  0.005 -0.003
 0.057 -0.023 -0.040
 0.024 -0.077 -0.091
 0.092 -0.004 -0.036
 0.142 -0.064 -0.132
 0.071 -0.026 -0.012
 0.069 -0.035 -0.027
 0.070 -0.039 -0.057
 0.160  0.013  0.039
 0.106 -0.009  0.003
 0.110 -0.020  0.001
 0.177  0.031  0.029
 0.020 -0.095 -0.097
 0.214  0.063  0.008
 0.132 -0.004 -0.005
 0.023 -0.048 -0.135
 0.029 -0.082 -0.104
 0.079 -0.016 -0.021
 0.104 -0.016  0.031
 0.087 -0.024  0.024
 0.080 -0.055 -0.006
 0.059 -0.076 -0.056
-0.007 -0.073 -0.080
 0.013 -0.056 -0.064
 0.138  0.046  0.066
 0.047 -0.045 -0.045
 0.014 -0.034 -0.044
-0.001 -0.097 -0.098
 0.036 -0.008 -0.008
 0.028 -0.022 -0.016
-0.161 -0.160 -0.192
-0.197 -0.211 -0.214
-0.102 -0.140 -0.121
-0.121 -0.198 -0.173
-0.050 -0.110 -0.079
 0.006 -0.171 -0.171
 0.053 -0.069 -0.016
-0.097 -0.158 -0.115
-0.026 -0.099 -0.079
-0.114 -0.150 -0.143
 0.029 -0.067 -0.033
 0.071 -0.022  0.010
 0.025 -0.053 -0.019
-0.021 -0.070 -0.035
-0.046 -0.074 -0.062
-0.060 -0.092 -0.056
 0.010 -0.059 -0.019
 0.016 -0.065  0.001
 0.024 -0.042  0.004
 0.045 -0.039  0.024
 0.051 -0.044  0.002
 0.050 -0.047 -0.001
 0.039 -0.043 -0.008
 0.068 -0.019  0.028
 0.079 -0.012  0.040
 0.063 -0.020  0.061
 0.102  0.041  0.045
-0.026 -0.059  0.001
 0.057  0.020  0.020
-0.025 -0.070 -0.024
-0.012 -0.060 -0.038
 0.047 -0.043  0.023
-0.032 -0.073 -0.010
-0.064 -0.096 -0.043
-0.006 -0.050  0.021
 0.067 -0.034  0.064
 0.002 -0.137 -0.096
-0.039 -0.060 -0.017
-0.066 -0.134 -0.098
-0.066 -0.077 -0.049
 0.075 -0.066 -0.031
 0.102 -0.015  0.022
 0.026 -0.096 -0.076
-0.044 -0.129 -0.116
-0.045 -0.149 -0.111
 0.010 -0.106 -0.047
-0.060 -0.152 -0.105
-0.049 -0.137 -0.082
-0.083 -0.129 -0.110
-0.063 -0.143 -0.111
 0.010 -0.064 -0.064
-0.016 -0.084 -0.056
-0.008 -0.059 -0.102
-0.087 -0.156 -0.120
 0.003 -0.073 -0.096
-0.042 -0.101 -0.082
 0.007 -0.072 -0.049
-0.126 -0.165 -0.155
-0.047 -0.118 -0.123
-0.064 -0.138 -0.130
 0.055 -0.045 -0.030
 0.064 -0.065 -0.033
 0.200  0.063  0.072
 0.097 -0.023  0.023
 0.237  0.110  0.123
 0.096  0.005  0.057
 0.016 -0.041 -0.076
 0.021 -0.051 -0.066
-0.007 -0.027 -0.114
 0.033 -0.013 -0.020
 0.139  0.073  0.030
 0.057 -0.005  0.009
 0.166  0.094  0.047
 0.086  0.006  0.008
 0.147  0.083 -0.005
 0.116  0.040  0.047
 0.058  0.023 -0.022
-0.035 -0.071 -0.068
 0.106  0.059  0.036
-0.000 -0.039 -0.019
 0.151  0.098  0.098
 0.018 -0.016  0.021
 0.143  0.094  0.103
-0.007 -0.008  0.039
 0.130  0.115  0.138
 0.102  0.059  0.135
 0.056  0.041  0.097
-0.121 -0.079 -0.020
-0.082 -0.045  0.048
 0.001  0.004  0.137
 0.023  0.017  0.161
-0.076 -0.083  0.049
-0.047 -0.064  0.070
-0.192 -0.161 -0.062
-0.139 -0.092 -0.013
-0.168 -0.146 -0.083
-0.139 -0.122 -0.058
-0.138 -0.131 -0.078
-0.200 -0.146 -0.125
-0.250 -0.182 -0.190
-0.255 -0.170 -0.175
-0.218 -0.175 -0.150
-0.226 -0.166 -0.154
-0.253 -0.181 -0.178
-0.192 -0.156 -0.118
-0.258 -0.231 -0.200
-0.086 -0.091 -0.030
-0.220 -0.192 -0.137
-0.143 -0.124 -0.081
-0.191 -0.195 -0.145
-0.171 -0.166 -0.139
-0.217 -0.216 -0.168
-0.174 -0.158 -0.125
-0.172 -0.171 -0.152
-0.084 -0.122 -0.092
-0.078 -0.122 -0.068
-0.114 -0.118 -0.055
-0.125 -0.142 -0.102
 0.008 -0.057 -0.064
-0.076 -0.128 -0.081
 0.081 -0.003  0.045
-0.026 -0.101 -0.063
-0.065 -0.122 -0.077
-0.051 -0.116 -0.052
-0.068 -0.080 -0.061
-0.053 -0.054 -0.140
-0.116 -0.064 -0.064
-0.055 -0.058 -0.017
-0.111 -0.067 -0.024
-0.148 -0.111 -0.064
-0.119 -0.081 -0.024
-0.064 -0.026  0.054
-0.011 -0.007  0.058
-0.141 -0.112 -0.071
-0.267 -0.207 -0.194
-0.106 -0.168 -0.130
-0.024 -0.055  0.015
 0.032 -0.075 -0.014
-0.018 -0.041  0.029
 0.038 -0.094 -0.064
 0.049 -0.011  0.104
 0.181 -0.006  0.083
 0.256  0.133  0.235
 0.272  0.033  0.091
 0.315  0.124  0.287
 0.390  0.227  0.351
 0.294  0.129  0.288
 0.297  0.194  0.337
 0.319  0.154  0.323
 0.340  0.141  0.330
 0.280  0.093  0.246
 0.294  0.102  0.253
 0.162  0.038  0.075
 0.017 -0.073 -0.047
 0.243  0.098  0.148
 0.099 -0.008  0.051
 0.122  0.053  0.059
 0.108  0.036  0.133
 0.283  0.187  0.263
 0.137  0.062  0.197
 0.052  0.034  0.096
-0.051 -0.039  0.027
-0.132 -0.040 -0.028
-0.154 -0.079 -0.038
 0.025  0.058  0.088
 0.072  0.059  0.144
 0.090  0.083  0.143
-0.063  0.002  0.039
 0.055  0.088  0.139
 0.101  0.080  0.152
 0.085  0.066  0.107
 0.120  0.086  0.164
 0.082  0.112  0.162
 0.045  0.094  0.138
 0.007  0.093  0.059
-0.022  0.019  0.048
-0.089  0.015 -0.018
-0.165 -0.056 -0.061
-0.082  0.039 -0.034
-0.137 -0.049 -0.072
-0.106  0.007 -0.060
-0.160 -0.058 -0.094
-0.062  0.057 -0.025
-0.167 -0.062 -0.096
-0.053  0.051 -0.014
-0.018  0.034  0.031
-0.037  0.041  0.006
-0.051  0.026 -0.006
-0.095  0.006 -0.021
-0.087 -0.009 -0.007
-0.123 -0.051 -0.053
-0.100 -0.029 -0.043
-0.016  0.067  0.061
-0.066  0.021  0.026
-0.089  0.011  0.019
-0.181 -0.060 -0.080
-0.208 -0.056 -0.120
-0.226 -0.086 -0.126
-0.127  0.017 -0.044
-0.222 -0.087 -0.117
-0.180 -0.028 -0.078
-0.247 -0.096 -0.131
-0.169 -0.007 -0.075
-0.199 -0.064 -0.083
-0.082  0.049 -0.019
-0.235 -0.089 -0.115
-0.207 -0.034 -0.103
-0.097  0.002  0.052
-0.089  0.013  0.015
-0.245 -0.113 -0.099
-0.171 -0.040 -0.038
-0.232 -0.096 -0.056
-0.072  0.048  0.072
-0.192 -0.054 -0.033
-0.056  0.056  0.083
-0.118 -0.020  0.019
 0.114  0.148  0.193
 0.211  0.170  0.294
 0.240  0.230  0.279
 0.216  0.171  0.278
 0.294  0.267  0.332
 0.222  0.189  0.288
 0.225  0.228  0.278
 0.153  0.154  0.251
 0.191  0.203  0.266
 0.181  0.162  0.238
 0.180  0.162  0.243
 0.065  0.098  0.132
 0.047  0.099  0.121
-0.009  0.052  0.062
 0.089  0.103  0.174
 0.011  0.051  0.113
 0.092  0.129  0.214
 0.025  0.095  0.122
-0.008  0.089  0.075
 0.051  0.099  0.129
 0.059  0.130  0.118
-0.006  0.072  0.041
 0.031  0.141  0.035
 0.003  0.108  0.072
-0.003  0.110  0.032
-0.056  0.068 -0.018
-0.118  0.045 -0.057
-0.155  0.028 -0.040
-0.143  0.028 -0.060
-0.160 -0.002 -0.081
-0.102  0.037 -0.005
-0.008  0.095  0.088
-0.013  0.109  0.080
-0.023  0.132  0.105
-0.046  0.079  0.047
-0.116  0.037  0.014
-0.061  0.085  0.084
-0.179  0.039 -0.017
-0.123  0.039  0.020
 0.011  0.102  0.026
-0.204 -0.017 -0.043
-0.229  0.013 -0.093
-0.340 -0.077 -0.155
-0.392 -0.136 -0.223
-0.345 -0.087 -0.185
-0.434 -0.150 -0.256
-0.491 -0.181 -0.312
-0.367 -0.071 -0.206
-0.371 -0.101 -0.185
-0.218  0.018 -0.097
-0.343 -0.099 -0.184
-0.294 -0.033 -0.184
-0.444 -0.151 -0.278
-0.442 -0.149 -0.279
-0.433 -0.189 -0.268
-0.315 -0.138 -0.202
-0.357 -0.174 -0.214
-0.243 -0.074 -0.130
-0.253 -0.087 -0.125
-0.331 -0.141 -0.247
-0.342 -0.159 -0.252
-0.284 -0.115 -0.174
-0.227 -0.081 -0.088
-0.221 -0.069 -0.105
-0.227 -0.047 -0.089
-0.268 -0.099 -0.155
-0.257 -0.099 -0.150
-0.276 -0.097 -0.176
-0.261 -0.094 -0.162
-0.188 -0.052 -0.124
-0.156 -0.055 -0.092
-0.139 -0.045 -0.086
-0.131 -0.031 -0.061
-0.077  0.023 -0.030
-0.096  0.010 -0.041
-0.058  0.043 -0.021
-0.114  0.010 -0.063
-0.165 -0.023 -0.125
-0.234 -0.094 -0.165
-0.085  0.034 -0.076
-0.213 -0.078 -0.133
-0.110  0.002 -0.085
-0.187 -0.083 -0.135
-0.139 -0.018 -0.137
-0.210 -0.077 -0.143
-0.051  0.050 -0.033
-0.099  0.009 -0.030
-0.011  0.089  0.038
-0.110  0.010 -0.018
 0.025  0.128  0.089
-0.087  0.030 -0.017
-0.045  0.051  0.004
 0.044  0.094  0.111
 0.071  0.125  0.126
-0.065  0.032  0.011
-0.022  0.063  0.011
-0.093  0.012 -0.046
-0.052  0.036  0.013
-0.127 -0.008 -0.068
-0.118 -0.000 -0.034
-0.004  0.121  0.058
-0.217 -0.065 -0.118
-0.188 -0.139 -0.221
-0.209 -0.056 -0.077
-0.175 -0.045 -0.045
-0.082  0.005  0.009
-0.087  0.036  0.010
-0.078  0.013  0.032
-0.020  0.070  0.079
-0.150 -0.036 -0.026
 0.026  0.132  0.125
-0.130  0.000  0.032
-0.213 -0.036 -0.047
-0.196 -0.064 -0.049
-0.100  0.013  0.043
-0.013  0.103  0.113
 0.006  0.093  0.118
 0.083  0.158  0.174
-0.090 -0.005  0.048
 0.060  0.110  0.142
-0.050  0.012  0.074
 0.058  0.121  0.171
-0.065  0.001  0.037
-0.118  0.003 -0.000
-0.028  0.046  0.088
-0.027  0.086  0.033
-0.154 -0.052 -0.079
-0.135 -0.003 -0.078
-0.084  0.009  0.001
-0.067  0.053 -0.039
-0.175 -0.032 -0.070
-0.136 -0.031 -0.076
-0.095 -0.028 -0.040
-0.192 -0.095 -0.138
-0.123 -0.055 -0.049
-0.095 -0.013 -0.021
-0.155 -0.067 -0.106
-0.182 -0.060 -0.123
-0.159 -0.035 -0.059
-0.106  0.025  0.003
-0.187 -0.048 -0.080
-0.155 -0.043 -0.082
-0.142 -0.066 -0.096
-0.166 -0.078 -0.115
-0.128 -0.005 -0.071
-0.115 -0.041 -0.113
 0.016  0.060 -0.069
-0.071 -0.017 -0.079
-0.077 -0.076 -0.197
-0.153 -0.059 -0.100
-0.161 -0.090 -0.133
-0.167 -0.081 -0.094
-0.055 -0.018 -0.025
-0.048 -0.022 -0.020
-0.045 -0.012 -0.042
-0.014 -0.017 -0.018
-0.030 -0.026 -0.053
-0.029 -0.045 -0.041
-0.041 -0.049 -0.055
 0.047 -0.002  0.078
 0.051  0.038  0.050
 0.006  0.004  0.094
 0.087  0.090  0.126
 0.023  0.041  0.100
 0.001  0.041  0.055
-0.006  0.016  0.063
 0.025  0.028  0.069
-0.039 -0.003  0.053
-0.015  0.014  0.021
 0.016 -0.031 -0.010
 0.026 -0.030 -0.043
-0.048 -0.153 -0.259
 0.091  0.012  0.024
 0.119  0.005  0.040
 0.069 -0.036  0.003
 0.041 -0.033 -0.022
-0.040 -0.085 -0.070
 0.112  0.028 -0.018
 0.049 -0.066 -0.055
 0.082 -0.038 -0.042
 0.068 -0.007 -0.003
 0.039 -0.031 -0.040
 0.163  0.090  0.023
 0.085 -0.029  0.004
 0.120  0.024  0.026
 0.044 -0.020 -0.031
 0.086  0.034  0.042
 0.082  0.008 -0.007
 0.088 -0.001 -0.003
 0.136  0.045  0.069
 0.046 -0.013 -0.029
 0.094  0.032  0.044
 0.122  0.051  0.039
 0.156  0.052  0.043
 0.119  0.016  0.005
 0.091 -0.014 -0.003
 0.169  0.056  0.100
 0.264  0.124  0.095
 0.115  0.034  0.087
 0.176 -0.017 -0.035
 0.188  0.080  0.146
 0.151  0.050  0.017
 0.090  0.037  0.051
 0.116  0.026  0.058
 0.121  0.064  0.083
 0.234  0.120  0.162
 0.123  0.079  0.095
 0.127  0.068  0.100
 0.095  0.064  0.080
 0.045  0.032  0.052
 0.076  0.031  0.061
 0.097  0.060  0.087
 0.058  0.049  0.046
 0.118  0.107  0.132
 0.080  0.065  0.078
 0.059  0.050  0.054
 0.035  0.027  0.032
 0.030  0.039  0.057
-0.011 -0.000 -0.002
-0.051 -0.014 -0.020
 0.002  0.009  0.020
-0.005 -0.012  0.014
 0.018  0.024  0.044
 0.017  0.008  0.008
 0.045  0.029  0.050
 0.050  0.000  0.040
 0.085  0.055  0.081
 0.047  0.030  0.051
-0.011 -0.003 -0.002
-0.039 -0.026 -0.047
-0.000 -0.041 -0.018
-0.008 -0.025 -0.049
 0.048  0.047  0.070
 0.148  0.145  0.109
-0.043 -0.016 -0.018
 0.014  0.049 -0.000
 0.020  0.015  0.071
 0.069  0.085  0.105
-0.037 -0.031  0.031
 0.079  0.057  0.063
-0.038 -0.065 -0.006
-0.000 -0.007 -0.013
-0.056 -0.079 -0.059
-0.038 -0.028 -0.100
-0.137 -0.131 -0.145
-0.073 -0.060 -0.111
-0.181 -0.142 -0.156
-0.101 -0.056 -0.118
-0.089 -0.076 -0.055
-0.035 -0.008 -0.025
-0.119 -0.101 -0.079
-0.118 -0.061 -0.123
-0.161 -0.122 -0.119
-0.118 -0.077 -0.073
-0.224 -0.155 -0.164
-0.198 -0.147 -0.146
-0.197 -0.155 -0.125
-0.205 -0.144 -0.137
-0.236 -0.238 -0.303
-0.194 -0.125 -0.152
-0.122 -0.132 -0.137
-0.061 -0.047 -0.023
-0.046 -0.117 -0.169
-0.146 -0.089 -0.106
-0.106 -0.098 -0.092
-0.170 -0.107 -0.094
-0.190 -0.174 -0.168
-0.147 -0.083 -0.047
-0.082 -0.041  0.011
-0.143 -0.076 -0.039
-0.033  0.021  0.064
-0.034  0.010  0.047
-0.056  0.004  0.019
-0.120 -0.070 -0.030
-0.104 -0.016  0.004
-0.127 -0.045  0.004
-0.009  0.069  0.077
-0.101 -0.027  0.044
-0.034  0.052  0.071
-0.114 -0.040  0.051
-0.096 -0.019  0.061
-0.076 -0.029  0.057
-0.033  0.009  0.082
-0.044 -0.024  0.058
-0.054 -0.016  0.041
-0.097 -0.046  0.021
-0.018  0.024  0.130
-0.119 -0.049  0.047
-0.094 -0.005  0.046
-0.132 -0.061  0.022
-0.082  0.013  0.063
-0.166 -0.083  0.010
-0.115 -0.019  0.027
-0.203 -0.096 -0.008
-0.131 -0.013  0.006
-0.140 -0.058  0.009
-0.097  0.017  0.027
-0.148 -0.037  0.006
-0.078  0.040  0.069
-0.070  0.030  0.110
-0.083  0.007  0.092
-0.153 -0.040  0.035
-0.198 -0.062 -0.011
-0.148 -0.099 -0.072
-0.125  0.003  0.076
-0.215 -0.071 -0.040
-0.163 -0.026  0.026
-0.143 -0.007  0.083
-0.135  0.018  0.078
-0.212 -0.012 -0.006
-0.183 -0.007  0.024
-0.142  0.017  0.071
-0.202 -0.033 -0.002
-0.174 -0.014  0.037
-0.276 -0.101 -0.042
-0.120  0.003  0.045
-0.249 -0.117 -0.079
-0.190 -0.054 -0.038
-0.197 -0.076 -0.006
-0.097  0.028  0.056
-0.171 -0.023  0.039
-0.202 -0.049 -0.005
-0.194 -0.086 -0.005
-0.208 -0.085 -0.030
-0.149 -0.036  0.038
-0.154 -0.021  0.039
-0.066  0.044  0.118
-0.117 -0.026  0.024
-0.141 -0.043 -0.054
-0.232 -0.118 -0.104
-0.324 -0.214 -0.243
-0.206 -0.103 -0.086
-0.082  0.027  0.083
 0.067  0.143  0.164
 0.141  0.094  0.191
 0.114  0.075  0.170
 0.045  0.052  0.131
 0.098  0.111  0.125
-0.049  0.000  0.073
-0.031  0.009  0.072
-0.071  0.003  0.044
-0.018  0.015  0.081
-0.008  0.040  0.075
-0.046 -0.009  0.055
-0.115 -0.033 -0.014
-0.100 -0.067 -0.048
-0.088 -0.024  0.018
-0.177 -0.075 -0.035
-0.159 -0.084 -0.036
-0.092 -0.013  0.004
-0.094 -0.039  0.030
-0.011  0.057  0.076
-0.050  0.019  0.067
-0.020  0.051  0.106
-0.033 -0.010 -0.074
-0.133 -0.032 -0.025
-0.138 -0.040 -0.010
-0.145 -0.037 -0.015
-0.232 -0.087 -0.084
-0.243 -0.104 -0.085
-0.211 -0.040 -0.098
-0.213 -0.091 -0.090
-0.085  0.032 -0.012
-0.228 -0.079 -0.079
-0.143 -0.019 -0.037
-0.203 -0.051 -0.061
-0.149 -0.019 -0.041
-0.147 -0.035 -0.026
-0.125 -0.012 -0.031
-0.075  0.008  0.005
-0.092 -0.027 -0.024
-0.117 -0.044  0.012
-0.180 -0.090 -0.077
-0.254 -0.207 -0.269
-0.168 -0.067 -0.044
-0.168 -0.084 -0.049
-0.167 -0.074 -0.039
-0.186 -0.081 -0.055
-0.167 -0.079 -0.053
-0.107 -0.002  0.001
-0.149 -0.089 -0.057
-0.101 -0.032 -0.025
-0.163 -0.105 -0.064
-0.046  0.007  0.013
-0.119 -0.059 -0.016
 0.028  0.072  0.082
-0.020  0.012  0.082
-0.014  0.048  0.070
-0.077 -0.016  0.026
-0.003  0.076  0.082
-0.111 -0.030  0.029
-0.083  0.050  0.083
-0.157 -0.035  0.030
-0.047  0.063  0.050
-0.112 -0.026  0.013
 0.016  0.071  0.051
-0.087 -0.012  0.007
-0.020  0.051  0.063
-0.049  0.016  0.043
-0.043  0.047  0.042
-0.106 -0.002  0.010
-0.117  0.003  0.002
-0.097  0.007  0.060
-0.073  0.021  0.072
 0.027  0.121  0.088
-0.026  0.043  0.082
-0.007  0.076  0.095
-0.103 -0.014 -0.025
 0.010  0.080 -0.002
-0.072  0.024  0.005
-0.074 -0.033 -0.046
-0.041  0.039  0.056
-0.086 -0.028 -0.007
-0.144 -0.016  0.016
-0.237 -0.176 -0.194
-0.183 -0.062 -0.041
-0.151 -0.052 -0.032
-0.115 -0.011 -0.013
-0.056 -0.012  0.008
-0.053  0.024  0.058
-0.248 -0.096 -0.107
-0.451 -0.223 -0.291
-0.541 -0.299 -0.371
-0.421 -0.221 -0.242
-0.429 -0.229 -0.209
-0.393 -0.209 -0.173
-0.352 -0.157 -0.135
-0.320 -0.159 -0.148
-0.373 -0.164 -0.163
-0.401 -0.208 -0.225
-0.381 -0.152 -0.223
-0.388 -0.184 -0.213
-0.296 -0.086 -0.149
-0.349 -0.136 -0.143
-0.232 -0.036 -0.095
-0.261 -0.085 -0.101
-0.228 -0.064 -0.058
-0.235 -0.056 -0.067
-0.254 -0.071 -0.127
-0.275 -0.098 -0.244
-0.356 -0.149 -0.199
-0.302 -0.101 -0.142
-0.255 -0.089 -0.109
-0.203 -0.038 -0.062
-0.230 -0.078 -0.091
-0.260 -0.052 -0.163
-0.370 -0.150 -0.214
-0.198 -0.020 -0.102
-0.213 -0.049 -0.082
-0.226 -0.058 -0.098
-0.201 -0.049 -0.074
-0.191 -0.039 -0.069
-0.286 -0.102 -0.122
-0.264 -0.103 -0.139
-0.283 -0.208 -0.314
-0.204 -0.057 -0.082
-0.286 -0.165 -0.182
-0.210 -0.080 -0.074
-0.274 -0.115 -0.124
-0.204 -0.092 -0.095
-0.147 -0.025 -0.076
-0.065  0.002 -0.011
 0.023  0.098  0.036
-0.070 -0.010  0.015
-0.122 -0.028 -0.027
-0.073  0.004  0.012
-0.104 -0.018  0.009
-0.147 -0.046 -0.022
-0.165 -0.058 -0.027
-0.184 -0.038 -0.042
-0.185 -0.086 -0.058
-0.059  0.029  0.023
-0.121 -0.036  0.012
-0.043 -0.014 -0.043
-0.134 -0.073 -0.026
-0.111 -0.156 -0.232
-0.165 -0.098 -0.084
-0.096 -0.130 -0.142
-0.172 -0.072 -0.040
-0.197 -0.106 -0.062
-0.190 -0.104 -0.034
-0.193 -0.129 -0.060
-0.240 -0.145 -0.105
-0.234 -0.135 -0.094
-0.259 -0.158 -0.115
-0.191 -0.108 -0.053
-0.123 -0.085 -0.019
-0.132 -0.083 -0.009
-0.082 -0.054  0.030
-0.103 -0.056  0.022
-0.157 -0.108 -0.027
-0.134 -0.087  0.010
-0.145 -0.106  0.004
-0.113 -0.060  0.031
-0.189 -0.129 -0.036
-0.096 -0.029  0.051
-0.095 -0.070  0.007
-0.165 -0.092 -0.046
-0.149 -0.103 -0.054
-0.068 -0.015  0.006
-0.159 -0.107 -0.034
-0.044 -0.002  0.012
-0.181 -0.113 -0.046
-0.100 -0.044 -0.002
-0.076 -0.050  0.043
-0.042 -0.011  0.039
-0.082 -0.032  0.020
-0.053 -0.014  0.033
 0.044  0.028 -0.023
-0.017  0.009  0.056
-0.027 -0.091 -0.088
-0.089 -0.041 -0.012
-0.121 -0.061 -0.046
-0.127 -0.067 -0.065
-0.125 -0.042 -0.029
-0.084 -0.049 -0.021
 0.010  0.045  0.039
-0.115 -0.057 -0.046
 0.028  0.044  0.031
-0.058 -0.054 -0.038
 0.067  0.033  0.078
 0.177  0.072  0.030
 0.052  0.036  0.075
 0.053  0.064  0.107
 0.064  0.054  0.108
 0.150  0.144  0.152
 0.044  0.050  0.111
 0.033  0.044  0.092
 0.052  0.065  0.124
 0.036  0.048  0.100
 0.012  0.024  0.084
 0.026  0.046  0.083
-0.008  0.027  0.079
-0.009  0.024  0.073
-0.036 -0.007  0.055
-0.007  0.016  0.063
-0.038  0.009  0.069
-0.065 -0.005  0.043
-0.091 -0.027  0.025
-0.038  0.003  0.032
 0.009  0.022  0.095
 0.031  0.052  0.082
 0.054  0.005 -0.044
-0.020  0.047  0.065
-0.024  0.030  0.070
-0.038  0.029  0.042
-0.128  0.010 -0.028
-0.191 -0.047 -0.055
-0.126  0.044 -0.014
-0.156 -0.005 -0.011
-0.175 -0.028 -0.062
-0.189 -0.049 -0.034
-0.188 -0.038 -0.033
-0.120 -0.008  0.043
-0.013  0.063  0.094
-0.088 -0.005  0.030
-0.036  0.023  0.052
-0.131 -0.052 -0.035
-0.105 -0.034 -0.040
-0.105 -0.018 -0.018
-0.088 -0.024 -0.059
-0.102 -0.009 -0.030
-0.145 -0.029 -0.085
-0.038  0.053 -0.076
-0.121  0.003 -0.044
-0.019 -0.018 -0.127
-0.099  0.044  0.004
-0.109  0.002 -0.048
-0.137  0.024 -0.037
-0.116  0.023 -0.076
-0.129 -0.046 -0.129
-0.027  0.086 -0.131
-0.049  0.048 -0.062
-0.059  0.069 -0.044
-0.034  0.087  0.038
-0.050  0.100  0.080
-0.037  0.116  0.072
-0.060  0.095  0.063
-0.065  0.074  0.032
-0.093  0.065  0.024
-0.022  0.122  0.092
-0.138  0.002 -0.044
-0.061  0.051 -0.026
-0.147  0.002 -0.074
-0.128  0.013 -0.047
-0.068  0.079 -0.033
-0.112  0.022 -0.061
-0.131 -0.008 -0.077
-0.120 -0.033 -0.106
-0.125  0.006 -0.043
-0.145  0.002 -0.059
-0.101  0.034 -0.015
-0.097  0.056 -0.054
-0.166 -0.029 -0.095
-0.121  0.018 -0.096
-0.103  0.001 -0.004
-0.047  0.051  0.040
-0.105 -0.006  0.005
-0.097  0.003 -0.003
-0.172 -0.064 -0.060
-0.144 -0.031 -0.031
-0.096  0.005  0.038
-0.116  0.012  0.018
-0.058 -0.012 -0.090
-0.101  0.005  0.013
-0.130 -0.079 -0.082
-0.080  0.011  0.013
-0.092 -0.006 -0.008
-0.172 -0.047 -0.091
-0.025  0.077  0.058
-0.079  0.019  0.019
-0.009  0.089  0.040
-0.085  0.001  0.017
-0.065  0.021  0.011
-0.203 -0.091 -0.092
-0.251 -0.123 -0.152
-0.205 -0.159 -0.195
-0.333 -0.184 -0.202
-0.286 -0.139 -0.158
-0.225 -0.097 -0.103
-0.200 -0.057 -0.111
-0.190 -0.085 -0.078
-0.080  0.037 -0.007
-0.142 -0.046 -0.046
-0.181 -0.063 -0.096
-0.234 -0.098 -0.121
-0.220 -0.117 -0.134
-0.166 -0.084 -0.083
-0.174 -0.089 -0.086
-0.124 -0.121 -0.195
-0.156 -0.100 -0.095
-0.171 -0.157 -0.144
-0.130 -0.089 -0.070
-0.148 -0.111 -0.086
-0.157 -0.116 -0.093
-0.151 -0.101 -0.030
-0.134 -0.109 -0.060
-0.106 -0.062 -0.058
-0.208 -0.108 -0.155
-0.175 -0.087 -0.112
-0.132 -0.057 -0.064
-0.060  0.036  0.011
-0.125 -0.044 -0.043
-0.141 -0.020 -0.080
-0.279 -0.141 -0.165
-0.205 -0.080 -0.082
-0.192 -0.106 -0.138
-0.219 -0.089 -0.142
-0.150 -0.019 -0.043
-0.262 -0.134 -0.170
-0.132 -0.006 -0.088
-0.176 -0.066 -0.071
-0.140 -0.046 -0.036
-0.197 -0.079 -0.066
-0.117 -0.014  0.018
-0.004  0.068  0.039
-0.058  0.012  0.094
-0.056 -0.086 -0.083
-0.159 -0.076 -0.063
-0.127 -0.119 -0.143
-0.086 -0.003 -0.006
-0.041 -0.008 -0.019
 0.012  0.068  0.061
-0.047 -0.005 -0.027
-0.157 -0.034 -0.073
-0.053  0.044  0.047
-0.101  0.013  0.030
-0.088  0.047  0.034
-0.175 -0.042 -0.028
-0.147  0.004 -0.005
-0.210 -0.073 -0.082
-0.134 -0.037 -0.032
-0.175 -0.048 -0.057
-0.147 -0.038 -0.062
-0.102 -0.093 -0.108
-0.130 -0.043 -0.041
-0.151 -0.115 -0.131
-0.130 -0.053 -0.037
-0.080 -0.012  0.046
-0.011  0.028  0.095
 0.036  0.065  0.147
 0.053  0.076  0.159
 0.086  0.121  0.212
 0.072  0.107  0.200
 0.182  0.194  0.287
 0.134  0.129  0.231
 0.147  0.163  0.234
 0.060  0.076  0.163
 0.065  0.094  0.150
 0.052  0.063  0.171
 0.114  0.132  0.200
 0.016  0.040  0.144
 0.009  0.033  0.134
-0.019  0.003  0.127
-0.040  0.006  0.094
 0.010  0.072  0.178
-0.059  0.004  0.083
 0.005 -0.003  0.007
-0.033  0.023  0.115
-0.073 -0.012  0.068
-0.056  0.026  0.114
-0.029  0.050  0.144
-0.030  0.070  0.143
-0.098  0.040  0.101
-0.164 -0.029  0.020
-0.097  0.021  0.061
-0.083 -0.001  0.083
 0.012  0.093  0.138
-0.021  0.042  0.136
-0.021  0.059  0.060
-0.078 -0.001  0.043
 0.047  0.107  0.116
-0.030  0.040  0.093
-0.005  0.065  0.097
-0.048  0.031  0.048
-0.082  0.010  0.015
-0.019  0.055  0.060
-0.051  0.041  0.034
-0.056 -0.041 -0.106
-0.040  0.050  0.058
-0.097  0.020  0.003
-0.057  0.054  0.038
-0.144  0.016 -0.063
-0.102  0.004 -0.027
 0.059  0.176  0.125
 0.020  0.137  0.162
-0.082  0.067  0.048
-0.093  0.033  0.026
-0.029  0.093  0.114
-0.115  0.086 -0.036
-0.188 -0.025 -0.189
-0.173  0.004 -0.072
-0.139  0.024 -0.002
-0.131  0.011  0.005
-0.114  0.051 -0.001
-0.097  0.064  0.041
-0.043  0.097  0.082
-0.060  0.110  0.092
-0.164  0.033 -0.020
-0.156 -0.062 -0.143
-0.186  0.009 -0.044
-0.154  0.052 -0.001
-0.141  0.047  0.016
-0.116  0.101 -0.005
-0.237 -0.023 -0.078
-0.152  0.048 -0.032
-0.167  0.012 -0.032
-0.155  0.025 -0.035
-0.182  0.011 -0.025
-0.149  0.023 -0.015
-0.012  0.088  0.001
-0.091  0.053  0.049
-0.052  0.082  0.107
-0.154  0.006 -0.020
-0.143  0.047  0.000
-0.153  0.005 -0.042
-0.038  0.116  0.007
-0.104  0.029 -0.005
-0.050  0.063  0.014
-0.098  0.013 -0.027
-0.148 -0.011 -0.076
-0.180 -0.012 -0.071
-0.164 -0.026 -0.068
-0.074 -0.001 -0.113
-0.101  0.003 -0.017
-0.133 -0.016 -0.045
-0.186 -0.039 -0.070
-0.144  0.033 -0.057
-0.225 -0.038 -0.115
-0.209  0.006 -0.147
-0.162  0.001 -0.113
-0.211 -0.026 -0.179
-0.132 -0.037 -0.266
-0.257 -0.085 -0.224
-0.210 -0.087 -0.202
-0.245 -0.076 -0.187
-0.221 -0.046 -0.135
-0.215 -0.057 -0.133
-0.179 -0.025 -0.092
-0.175 -0.036 -0.078
-0.163 -0.013 -0.119
-0.140 -0.037 -0.070
 0.006  0.096  0.058
-0.138 -0.036 -0.046
-0.109  0.003 -0.029
-0.169 -0.044 -0.043
-0.105 -0.005  0.025
-0.087 -0.072 -0.157
-0.146 -0.023 -0.038
-0.105  0.004 -0.006
-0.085  0.008  0.021
 0.023  0.113  0.080
-0.037  0.028  0.042
-0.057  0.016  0.019
-0.039  0.030  0.027
 0.055  0.094  0.114
-0.029  0.066  0.095
-0.026  0.075  0.058
-0.039  0.063  0.078
-0.013  0.074  0.095
-0.009  0.056  0.085
-0.049  0.028  0.041
 0.012  0.075  0.104
 0.067  0.079  0.114
 0.003 -0.028 -0.031
-0.084  0.012  0.059
-0.166 -0.037 -0.010
-0.045  0.025  0.097
-0.062  0.013  0.043
-0.067 -0.015  0.022
 0.026  0.080  0.047
-0.059 -0.022 -0.011
 0.024  0.058  0.039
-0.050  0.003  0.015
-0.029  0.046  0.092
-0.025  0.044  0.112
 0.010  0.050  0.112
 0.004  0.038  0.125
 0.034  0.063  0.113
-0.055 -0.014  0.006
-0.039 -0.007 -0.002
-0.214 -0.105 -0.143
-0.238 -0.129 -0.193
-0.206 -0.104 -0.156
-0.061 -0.012 -0.007
 0.021  0.113  0.075
-0.105  0.032  0.028
-0.152  0.010 -0.023
-0.240 -0.045 -0.122
-0.217 -0.027 -0.087
-0.209 -0.044 -0.056
-0.053  0.076  0.025
-0.154 -0.023 -0.042
-0.193 -0.056 -0.087
-0.229 -0.098 -0.120
-0.251 -0.098 -0.159
-0.316 -0.138 -0.191
-0.295 -0.129 -0.166
-0.255 -0.118 -0.135
-0.165 -0.071 -0.101
-0.147 -0.044 -0.043
-0.129 -0.036 -0.094
-0.160 -0.149 -0.295
-0.158 -0.063 -0.139
-0.105 -0.078 -0.153
-0.203 -0.104 -0.169
-0.314 -0.159 -0.230
-0.273 -0.140 -0.199
-0.149 -0.019 -0.086
-0.127 -0.027 -0.084
-0.094  0.035 -0.072
-0.189 -0.057 -0.120
-0.160 -0.025 -0.116
-0.179 -0.064 -0.104
-0.134 -0.038 -0.079
-0.110 -0.026 -0.042
-0.135 -0.022 -0.068
-0.071 -0.029 -0.034
-0.150 -0.055 -0.079
-0.102 -0.020  0.021
-0.119 -0.025  0.067
-0.103  0.027  0.039
-0.128 -0.024  0.059
-0.094 -0.019  0.070
-0.159 -0.068  0.033
-0.134 -0.062  0.055
-0.170 -0.065 -0.014
-0.118 -0.060  0.051
-0.018  0.001  0.077
-0.058 -0.073  0.010
-0.052 -0.068  0.029
-0.089 -0.066 -0.017
-0.154 -0.162 -0.123
-0.201 -0.189 -0.156
-0.180 -0.172 -0.156
-0.012 -0.075  0.016
-0.009 -0.052 -0.006
-0.053 -0.111 -0.085
-0.125 -0.136 -0.115
-0.198 -0.147 -0.161
-0.090 -0.086 -0.081
 0.046  0.034  0.012
-0.031 -0.071 -0.059
-0.031 -0.070 -0.059
 0.005  0.004  0.008
-0.133 -0.101 -0.104
-0.120 -0.075 -0.072
-0.148 -0.112 -0.131
-0.100 -0.075 -0.047
-0.065 -0.050 -0.010
-0.058 -0.016  0.018
-0.168 -0.098 -0.079
-0.106  0.004 -0.052
-0.169 -0.071 -0.072
-0.054  0.001 -0.005
-0.142 -0.082 -0.061
-0.141 -0.085 -0.087
-0.111 -0.072 -0.027
-0.097 -0.069 -0.008
-0.121 -0.077 -0.016
-0.073 -0.056 -0.002
-0.048 -0.105 -0.143
-0.081 -0.040  0.021
-0.111 -0.153 -0.124
-0.151 -0.105 -0.047
-0.155 -0.119 -0.083
-0.168 -0.116 -0.088
-0.134 -0.065 -0.011
-0.196 -0.118 -0.095
-0.055 -0.008  0.022
-0.110 -0.080 -0.004
-0.140 -0.052 -0.067
-0.162 -0.087 -0.052
-0.093 -0.002 -0.017
-0.135 -0.066  0.004
-0.022  0.010  0.097
-0.211 -0.131 -0.065
-0.287 -0.165 -0.113
-0.174 -0.070  0.038
-0.134 -0.085  0.022
-0.078 -0.087  0.003
-0.146 -0.075  0.021
-0.184 -0.082 -0.014
-0.053 -0.013  0.108
 0.017  0.076  0.139
-0.104 -0.034  0.071
-0.048  0.006  0.102
-0.029  0.078  0.121
-0.132 -0.013  0.059
-0.200 -0.068 -0.010
-0.214 -0.067 -0.029
-0.234 -0.053 -0.036
-0.325 -0.131 -0.121
-0.254 -0.060 -0.077
-0.340 -0.171 -0.202
-0.274 -0.086 -0.192
-0.439 -0.217 -0.297
-0.308 -0.119 -0.218
-0.344 -0.164 -0.248
-0.345 -0.155 -0.262
-0.319 -0.142 -0.211
-0.300 -0.131 -0.217
-0.323 -0.149 -0.224
-0.315 -0.146 -0.275
-0.310 -0.139 -0.257
-0.222 -0.080 -0.189
-0.139 -0.107 -0.307
-0.232 -0.084 -0.202
-0.231 -0.160 -0.266
-0.219 -0.103 -0.194
-0.221 -0.105 -0.185
-0.211 -0.089 -0.187
-0.216 -0.075 -0.177
-0.271 -0.138 -0.251
-0.168 -0.043 -0.191
-0.212 -0.099 -0.238
-0.158 -0.022 -0.239
-0.228 -0.102 -0.270
-0.122 -0.031 -0.187
-0.171 -0.063 -0.201
-0.124 -0.022 -0.187
-0.037 -0.030 -0.277
-0.096 -0.015 -0.178
-0.082 -0.063 -0.206
-0.156 -0.050 -0.181
-0.098  0.008 -0.109
-0.121 -0.021 -0.147
-0.090  0.007 -0.111
-0.099 -0.009 -0.133
-0.056  0.031 -0.073
-0.085  0.002 -0.112
-0.065  0.034 -0.083
-0.131 -0.020 -0.154
-0.009  0.085 -0.029
 0.006  0.085 -0.018
 0.045  0.138  0.046
-0.004  0.097 -0.005
-0.112  0.039 -0.103
-0.057  0.045 -0.064
 0.005  0.134 -0.027
-0.014  0.098 -0.052
 0.005  0.136 -0.086
-0.005  0.091 -0.052
-0.006  0.132 -0.083
-0.093  0.054 -0.094
-0.043  0.089 -0.055
-0.046  0.065 -0.060
-0.003  0.084 -0.032
 0.006  0.098 -0.002
 0.004  0.103 -0.013
-0.011  0.114  0.007
-0.080  0.049 -0.069
-0.166 -0.008 -0.105
-0.175  0.001 -0.141
-0.148  0.010 -0.108
-0.149  0.012 -0.108
-0.169  0.009 -0.105
-0.174  0.018 -0.105
-0.204  0.004 -0.141
-0.175  0.038 -0.109
-0.087  0.115 -0.122
-0.171  0.070 -0.068
-0.142  0.077 -0.072
-0.136  0.117 -0.025
-0.090  0.173  0.016
-0.159  0.068 -0.036
-0.064  0.132  0.001
-0.126  0.050 -0.046
-0.110  0.072 -0.014
-0.061  0.037 -0.117
-0.204  0.004 -0.070
-0.192 -0.079 -0.145
-0.238 -0.015 -0.052
-0.160 -0.030 -0.087
-0.192  0.013 -0.016
-0.165 -0.066 -0.201
-0.138  0.023 -0.011
-0.214 -0.040 -0.065
-0.207 -0.020 -0.064
-0.194 -0.001 -0.038
-0.118  0.055  0.002
-0.026  0.092  0.101
-0.087  0.095  0.060
-0.044  0.121  0.132
-0.094  0.102  0.089
-0.031  0.148  0.049
-0.121  0.060  0.070
-0.119 -0.010 -0.064
-0.159  0.006  0.029
-0.032  0.081  0.119
-0.079  0.032  0.068
-0.034  0.091  0.141
-0.136  0.031  0.048
-0.064  0.011 -0.050
-0.140  0.063  0.046
-0.095 -0.010 -0.063
-0.105  0.065  0.038
-0.008  0.122  0.110
-0.076  0.065  0.023
-0.046  0.086  0.065
 0.022  0.120  0.130
 0.077  0.195  0.130
-0.036  0.088  0.099
-0.007  0.108  0.124
-0.083  0.036  0.066
-0.149 -0.016 -0.016
-0.137 -0.043 -0.155
-0.216 -0.027 -0.082
-0.156  0.014 -0.016
-0.159 -0.013 -0.030
-0.172 -0.001 -0.024
-0.325 -0.146 -0.168
-0.259 -0.063 -0.108
-0.252 -0.091 -0.054
-0.244 -0.059 -0.054
-0.228 -0.058 -0.017
-0.291 -0.105 -0.091
-0.298 -0.138 -0.118
-0.259 -0.089 -0.067
-0.179 -0.130 -0.191
-0.131 -0.025  0.016
-0.182 -0.066 -0.007
-0.203 -0.068 -0.025
-0.186 -0.038  0.026
-0.032  0.051  0.138
 0.095  0.164  0.202
-0.028  0.060  0.126
-0.049  0.065  0.049
-0.034  0.033  0.107
-0.085  0.003  0.043
-0.084 -0.016  0.021
-0.115 -0.029  0.031
-0.130 -0.028  0.047
-0.055  0.008  0.112
-0.096  0.017  0.028
-0.110  0.005  0.081
-0.111 -0.014  0.067
 0.044  0.076  0.078
 0.032  0.087  0.202
-0.006  0.047  0.120
 0.206  0.207  0.331
 0.145  0.213  0.292
 0.018  0.093  0.140
 0.078  0.179  0.196
 0.036  0.111  0.170
 0.076  0.205  0.208
-0.170  0.007  0.029
-0.021  0.113  0.131
-0.044  0.061  0.134
-0.044  0.064  0.139
-0.090  0.108  0.119
-0.096  0.063  0.087
-0.264 -0.066 -0.108
 0.014  0.105  0.179
 0.015  0.120  0.185
 0.029  0.115  0.188
 0.019  0.152  0.150
-0.210 -0.045 -0.048
-0.102  0.009  0.034
-0.052  0.074  0.130
-0.093  0.029  0.088
-0.077  0.024  0.093
-0.176 -0.035  0.005
-0.171 -0.018 -0.000
-0.186 -0.050 -0.011
-0.080  0.045  0.058
-0.198 -0.062 -0.035
-0.163 -0.020 -0.086
-0.232 -0.107 -0.102
-0.154 -0.040 -0.034
-0.184 -0.076 -0.049
-0.191 -0.093 -0.077
-0.128 -0.021 -0.091
-0.229 -0.093 -0.117
-0.259 -0.190 -0.276
-0.234 -0.068 -0.102
-0.220 -0.042 -0.109
-0.144 -0.009 -0.065
-0.057  0.055  0.016
-0.141 -0.030 -0.047
-0.141  0.001 -0.086
-0.187 -0.050 -0.092
-0.082  0.032  0.016
-0.060  0.033  0.031
-0.186 -0.046 -0.089
-0.183 -0.066 -0.059
-0.123 -0.009  0.005
-0.109 -0.005 -0.003
-0.135 -0.019 -0.050
-0.080  0.037 -0.002
-0.093  0.016 -0.002
 0.011  0.112  0.058
-0.043  0.056  0.068
 0.001  0.104  0.106
-0.036  0.054  0.101
 0.042  0.145  0.159
-0.088  0.019  0.079
-0.079  0.049  0.091
-0.100  0.026  0.076
-0.089  0.057  0.106
-0.113  0.008  0.077
-0.084  0.047  0.129
-0.147 -0.004  0.068
-0.192 -0.007  0.051
-0.162 -0.022  0.037
-0.106  0.024  0.063
-0.183 -0.075 -0.027
-0.037  0.056  0.054
-0.125 -0.027  0.024
-0.068 -0.006  0.036
-0.074 -0.007  0.049
-0.117 -0.028  0.009
-0.056  0.048  0.072
-0.162 -0.034 -0.003
-0.075  0.011  0.050
-0.141 -0.004  0.019
-0.105 -0.001  0.068
-0.125 -0.027  0.040
-0.125  0.001  0.006
-0.119 -0.038 -0.024
-0.000  0.056  0.028
-0.154 -0.080 -0.065
-0.112 -0.041 -0.043
-0.136 -0.047 -0.036
-0.109 -0.025  0.003
-0.163 -0.160 -0.210
-0.224 -0.111 -0.065
-0.241 -0.124 -0.104
-0.189 -0.048 -0.052
-0.164 -0.021 -0.052
-0.182 -0.068 -0.076
-0.142 -0.000 -0.088
-0.259 -0.105 -0.154
-0.252 -0.089 -0.153
-0.215 -0.084 -0.113
-0.184 -0.091 -0.131
-0.241 -0.131 -0.166
-0.207 -0.102 -0.132
-0.079  0.002 -0.070
-0.176 -0.072 -0.093
-0.254 -0.180 -0.229
-0.233 -0.108 -0.139
-0.176 -0.046 -0.030
-0.207 -0.072 -0.063
-0.153  0.003 -0.026
-0.280 -0.116 -0.127
-0.201 -0.024 -0.079
-0.192 -0.056 -0.025
-0.202 -0.058 -0.057
-0.204 -0.070 -0.067
-0.177 -0.060 -0.064
-0.137 -0.120 -0.182
-0.155 -0.046 -0.033
-0.112 -0.004  0.026
-0.156 -0.065 -0.033
-0.082  0.013  0.009
-0.098 -0.031  0.023
-0.102 -0.009 -0.007
-0.194 -0.099 -0.062
-0.174 -0.077 -0.046
-0.151 -0.037 -0.001
-0.180 -0.065 -0.033
-0.090 -0.006 -0.049
-0.184 -0.071 -0.027
-0.148 -0.069  0.011
-0.150 -0.058  0.017
-0.098 -0.020  0.065
-0.154 -0.058  0.017
-0.121  0.003  0.047
-0.137 -0.026  0.043
-0.000  0.095  0.130
-0.174 -0.030 -0.001
-0.133  0.020  0.013
-0.151  0.006  0.013
-0.119  0.028  0.029
-0.078 -0.065 -0.105
-0.154 -0.032  0.006
-0.174 -0.069 -0.020
-0.148 -0.031  0.044
-0.258 -0.062 -0.043
-0.189 -0.051 -0.003
-0.141  0.020  0.023
-0.180 -0.050  0.016
-0.139  0.019  0.030
-0.242 -0.071 -0.014
-0.214 -0.053  0.014
-0.153 -0.063 -0.096
-0.185 -0.036  0.017
-0.131 -0.078 -0.023
-0.085  0.023  0.124
-0.109  0.028  0.112
-0.141  0.008  0.092
-0.059  0.069  0.152
-0.107  0.030  0.118
-0.008  0.146  0.165
 0.017  0.130  0.232
-0.063  0.080  0.133
-0.077  0.057  0.112
-0.040  0.084  0.151
 0.028  0.134  0.151
-0.072  0.064  0.130
-0.100  0.010  0.068
-0.082  0.032  0.092
-0.089  0.019  0.086
-0.117  0.014  0.060
-0.091  0.051  0.118
-0.004  0.078  0.176
-0.032  0.078  0.142
-0.026  0.060  0.125
 0.036  0.125  0.145
-0.066  0.031  0.073
 0.019  0.094  0.106
-0.031  0.044  0.080
 0.014  0.071  0.122
 0.014  0.139  0.113
-0.070  0.037  0.073
 0.003  0.059  0.126
-0.004  0.076  0.132
 0.017  0.106  0.158
-0.060  0.043  0.089
 0.000  0.111  0.096
-0.046  0.044  0.100
-0.036  0.067  0.089
-0.105  0.021  0.058
-0.079  0.052  0.080
 0.072  0.133  0.109
 0.049  0.134  0.211
-0.011  0.102  0.145
-0.048  0.052  0.099
-0.023  0.091  0.109
-0.039  0.050  0.099
 0.060  0.147  0.133
-0.053  0.035  0.083
 0.003  0.078  0.119
-0.019  0.066  0.090
-0.090  0.028  0.044
 0.041  0.135  0.077
-0.097  0.022  0.032
-0.144 -0.074 -0.096
-0.071  0.038  0.074
-0.012  0.077  0.157
-0.043  0.053  0.122
-0.050  0.067  0.111
-0.073  0.012  0.046
-0.048  0.065  0.040
-0.057  0.041  0.074
 0.072  0.178  0.167
-0.050  0.060  0.087
-0.032  0.085  0.107
-0.064  0.053  0.073
-0.116  0.037  0.031
-0.096  0.069  0.069
-0.131  0.028  0.025
-0.110 -0.004 -0.007
-0.133  0.032  0.018
-0.112  0.069  0.037
-0.115  0.041  0.031
-0.001  0.145  0.136
-0.111  0.041  0.060
-0.120  0.062  0.043
-0.117  0.053  0.056
-0.118  0.047  0.039
-0.159  0.013  0.033
-0.155  0.011  0.013
-0.188  0.007 -0.022
-0.092  0.073  0.012
-0.146  0.007 -0.014
-0.189 -0.002 -0.126
-0.180 -0.007 -0.108
-0.214 -0.028 -0.144
-0.200 -0.040 -0.109
-0.307 -0.107 -0.230
-0.175 -0.059 -0.240
-0.217 -0.016 -0.084
-0.223 -0.010 -0.052
-0.215 -0.024 -0.064
-0.164  0.023 -0.028
-0.093  0.075  0.004
-0.044  0.132  0.034
-0.087  0.101  0.015
-0.112  0.127 -0.058
-0.096  0.084  0.001
 0.003  0.186  0.080
-0.177  0.037 -0.028
-0.076  0.121  0.033
-0.120  0.062 -0.006
-0.148  0.051 -0.031
-0.175  0.025 -0.037
-0.274 -0.046 -0.145
-0.190 -0.000 -0.182
-0.242 -0.024 -0.113
-0.159 -0.004 -0.070
-0.248 -0.014 -0.137
-0.125  0.071 -0.049
-0.192  0.009 -0.103
-0.059  0.135 -0.033
-0.118  0.082 -0.015
-0.192  0.087 -0.026
-0.215  0.061 -0.021
-0.285  0.005 -0.059
-0.189  0.060  0.025
-0.197  0.054 -0.018
-0.251 -0.023 -0.094
-0.221  0.028 -0.053
-0.163  0.081  0.055
-0.170  0.071  0.018
-0.136  0.123  0.040
-0.238  0.028 -0.073
-0.082  0.160  0.036
-0.109  0.101  0.055
-0.047  0.180  0.049
-0.173  0.049 -0.036
-0.215  0.019 -0.094
-0.180  0.089 -0.004
-0.195  0.033 -0.051
-0.149  0.084  0.018
-0.209  0.019 -0.077
-0.111  0.092 -0.008
-0.194 -0.030 -0.127
-0.179  0.014 -0.059
-0.101  0.088 -0.022
-0.128  0.020 -0.019
 0.001  0.163  0.076
-0.096  0.077  0.023
-0.070  0.124 -0.033
-0.230 -0.024 -0.135
-0.120  0.096 -0.037
-0.162  0.031 -0.022
-0.061  0.126  0.013
-0.106  0.049 -0.023
-0.043  0.119 -0.029
-0.148  0.013 -0.083
 0.032  0.170  0.030
-0.070 -0.058 -0.036
 0.037 -0.044  0.048
-0.064 -0.121 -0.058
-0.052 -0.099 -0.053
-0.008 -0.099 -0.128
-0.083 -0.082 -0.041
-0.076 -0.059 -0.018
-0.053 -0.079 -0.034
-0.094 -0.066 -0.077
-0.179 -0.148 -0.120
-0.149 -0.080 -0.126
-0.196 -0.143 -0.133
-0.185 -0.118 -0.134
-0.216 -0.168 -0.149
-0.303 -0.201 -0.235
-0.287 -0.204 -0.215
-0.298 -0.203 -0.230
-0.256 -0.176 -0.190
-0.222 -0.147 -0.189
-0.169 -0.071 -0.144
-0.214 -0.138 -0.138
-0.189 -0.114 -0.149
-0.201 -0.127 -0.175
-0.088 -0.010 -0.065
-0.125 -0.062 -0.074
-0.083 -0.003 -0.082
-0.159 -0.079 -0.147
-0.163 -0.105 -0.169
-0.202 -0.123 -0.195
-0.176 -0.101 -0.177
-0.176 -0.090 -0.139
-0.136 -0.090 -0.144
-0.103 -0.039 -0.122
-0.196 -0.131 -0.154
-0.226 -0.205 -0.236
-0.209 -0.131 -0.128
-0.163 -0.095 -0.074
-0.161 -0.120 -0.087
-0.158 -0.078 -0.088
-0.221 -0.134 -0.119
-0.167 -0.065 -0.123
-0.246 -0.174 -0.184
-0.228 -0.156 -0.185
-0.246 -0.182 -0.196
-0.248 -0.149 -0.183
-0.223 -0.156 -0.173
-0.224 -0.125 -0.174
-0.193 -0.105 -0.156
-0.131 -0.087 -0.109
 0.023  0.045 -0.022
-0.022 -0.013 -0.035
 0.000  0.002 -0.037
 0.005  0.015  0.008
 0.001  0.020  0.009
 0.125  0.125  0.068
-0.012  0.014  0.018
-0.038 -0.034 -0.018
-0.132 -0.077 -0.091
-0.104 -0.051 -0.066
-0.144 -0.077 -0.105
-0.103 -0.027 -0.072
-0.079 -0.030 -0.063
-0.028  0.044 -0.007
-0.085 -0.024  0.001
-0.114 -0.017 -0.048
-0.188 -0.087 -0.096
-0.171 -0.075 -0.087
-0.182 -0.081 -0.080
-0.163 -0.056 -0.050
-0.161 -0.145 -0.220
-0.134 -0.048 -0.051
-0.100 -0.024  0.005
-0.150 -0.065 -0.045
-0.088 -0.000  0.020
-0.100 -0.025 -0.002
-0.072  0.015 -0.003
-0.134 -0.067 -0.037
-0.022  0.039  0.003
-0.129 -0.071 -0.038
-0.081 -0.046 -0.016
-0.059 -0.070  0.028
-0.053 -0.071  0.032
-0.105 -0.094  0.025
-0.084 -0.086  0.023
-0.088 -0.123 -0.002
-0.005 -0.069  0.063
 0.076 -0.009  0.131
 0.098 -0.009  0.162
 0.133  0.044  0.174
-0.146 -0.165 -0.016
-0.221 -0.185 -0.098
-0.334 -0.285 -0.194
-0.330 -0.274 -0.193
-0.331 -0.273 -0.156
-0.335 -0.297 -0.216
-0.382 -0.386 -0.355
-0.306 -0.266 -0.205
-0.277 -0.208 -0.169
-0.275 -0.244 -0.184
-0.140 -0.123 -0.076
-0.225 -0.196 -0.075
-0.311 -0.263 -0.140
-0.312 -0.306 -0.165
-0.251 -0.225 -0.123
-0.128 -0.081 -0.052
-0.176 -0.110 -0.132
-0.187 -0.124 -0.162
-0.228 -0.162 -0.222
-0.302 -0.217 -0.403
-0.146 -0.092 -0.393
-0.197 -0.139 -0.371
-0.120 -0.072 -0.312
-0.111 -0.047 -0.289
-0.118 -0.093 -0.337
-0.116 -0.065 -0.416
-0.128 -0.088 -0.369
-0.093 -0.041 -0.280
-0.115 -0.122 -0.364
-0.161 -0.071 -0.323
-0.177 -0.065 -0.314
-0.248 -0.122 -0.364
-0.148 -0.012 -0.276
-0.242 -0.083 -0.311
-0.202 -0.056 -0.309
-0.254 -0.104 -0.352
-0.249 -0.100 -0.364
-0.274 -0.208 -0.517
-0.259 -0.116 -0.378
-0.172 -0.048 -0.313
-0.167 -0.090 -0.338
-0.067 -0.007 -0.278
-0.138 -0.066 -0.276
-0.197 -0.090 -0.329
-0.017  0.048 -0.191
-0.025 -0.055 -0.264
 0.006 -0.070 -0.200
-0.148 -0.138 -0.280
-0.100 -0.075 -0.287
-0.233 -0.189 -0.353
-0.178 -0.167 -0.323
-0.253 -0.222 -0.358
-0.165 -0.164 -0.281
-0.060 -0.056 -0.209
-0.135 -0.123 -0.239
-0.044 -0.073 -0.178
-0.112 -0.097 -0.165
-0.031 -0.058 -0.114
-0.084 -0.175 -0.289
-0.067 -0.081 -0.164
-0.207 -0.161 -0.279
-0.198 -0.146 -0.259
-0.062 -0.035 -0.159
-0.163 -0.136 -0.238
-0.036 -0.056 -0.179
-0.093 -0.101 -0.207
-0.108 -0.113 -0.208
-0.204 -0.254 -0.367
-0.157 -0.127 -0.220
-0.160 -0.106 -0.204
-0.162 -0.137 -0.219
-0.145 -0.101 -0.230
-0.140 -0.124 -0.217
-0.232 -0.197 -0.308
-0.088 -0.101 -0.254
-0.204 -0.152 -0.221
-0.194 -0.124 -0.161
-0.074 -0.073 -0.065
-0.064 -0.050 -0.044
-0.132 -0.125 -0.121
-0.039 -0.033 -0.080
-0.100 -0.092 -0.072
-0.115 -0.091 -0.115
-0.055 -0.066 -0.040
-0.018 -0.025  0.013
-0.006 -0.012  0.073
-0.015 -0.011  0.047
-0.094 -0.089 -0.076
-0.067 -0.042  0.010
-0.063 -0.038  0.028
-0.092 -0.060 -0.006
-0.071 -0.019  0.007
-0.118 -0.060 -0.005
-0.067  0.010  0.010
-0.160 -0.085 -0.011
-0.097 -0.039  0.028
-0.052 -0.034  0.085
-0.060 -0.031  0.075
 0.051  0.092  0.185
-0.026  0.014  0.117
-0.083 -0.041  0.077
-0.055 -0.012  0.115
-0.114 -0.046  0.078
-0.104 -0.061  0.065
-0.002  0.026  0.106
 0.046  0.049  0.208
 0.163  0.132  0.285
 0.136  0.100  0.302
 0.139  0.119  0.316
 0.049  0.072  0.239
 0.089  0.117  0.298
 0.070  0.027  0.169
 0.023  0.049  0.179
 0.055  0.058  0.220
 0.040  0.048  0.205
 0.084  0.118  0.234
-0.016  0.025  0.153
 0.006  0.062  0.157
-0.006  0.043  0.192
-0.006  0.078  0.188
-0.056  0.037  0.147
-0.006  0.066  0.177
 0.153  0.070  0.145
 0.063  0.086  0.242
 0.072  0.099  0.269
 0.078  0.112  0.263
 0.082  0.152  0.219
 0.026  0.084  0.187
 0.085  0.166  0.224
-0.041  0.059  0.135
-0.033  0.065  0.138
-0.033  0.056  0.139
-0.043  0.039  0.133
-0.079  0.002  0.133
-0.091  0.008  0.114
-0.038 -0.004  0.009
-0.114 -0.025  0.062
-0.040 -0.040 -0.031
-0.099 -0.024  0.077
-0.042 -0.064 -0.029
-0.227 -0.072 -0.019
-0.332 -0.148 -0.133
-0.384 -0.187 -0.177
-0.322 -0.141 -0.110
-0.335 -0.157 -0.132
-0.207 -0.051  0.015
-0.259 -0.105 -0.037
-0.291 -0.111 -0.080
-0.325 -0.163 -0.101
-0.318 -0.148 -0.094
