 0.008 -0.123 -0.398
-0.048 -0.213 -0.553
-0.106 -0.191 -0.530
-0.107 -0.193 -0.546
 0.038 -0.063 -0.444
 0.050 -0.065 -0.393
 0.095 -0.010 -0.370
 0.080 -0.064 -0.384
 0.052 -0.064 -0.388
 0.030 -0.066 -0.416
 0.037 -0.046 -0.405
-0.021 -0.048 -0.474
-0.039 -0.074 -0.483
-0.028 -0.069 -0.450
-0.013 -0.066 -0.407
 0.038  0.011 -0.393
-0.034 -0.060 -0.445
 0.032  0.007 -0.368
-0.009 -0.018 -0.392
-0.018 -0.029 -0.407
-0.038 -0.049 -0.414
 0.037  0.017 -0.390
-0.067 -0.069 -0.425
-0.155 -0.123 -0.518
-0.214 -0.124 -0.571
-0.287 -0.187 -0.630
-0.254 -0.161 -0.626
-0.387 -0.261 -0.725
-0.336 -0.213 -0.696
-0.307 -0.236 -0.678
-0.291 -0.211 -0.643
-0.291 -0.197 -0.663
-0.296 -0.269 -0.783
-0.254 -0.171 -0.591
-0.330 -0.240 -0.672
-0.279 -0.219 -0.661
-0.253 -0.203 -0.622
-0.201 -0.158 -0.601
-0.188 -0.163 -0.553
-0.144 -0.110 -0.541
-0.191 -0.200 -0.589
-0.072 -0.082 -0.478
-0.012 -0.077 -0.449
 0.125 -0.014 -0.391
 0.190  0.033 -0.335
 0.133 -0.076 -0.505
 0.096 -0.035 -0.414
 0.100 -0.016 -0.373
 0.148  0.013 -0.321
 0.175  0.010 -0.321
 0.196  0.042 -0.331
 0.141 -0.009 -0.364
 0.167  0.029 -0.373
 0.108 -0.032 -0.384
 0.113 -0.002 -0.379
 0.017 -0.082 -0.437
 0.210  0.081 -0.448
 0.096  0.083 -0.548
 0.157  0.034 -0.518
 0.119  0.025 -0.502
 0.088 -0.056 -0.687
 0.071  0.008 -0.549
 0.066  0.004 -0.517
 0.074  0.006 -0.542
-0.017 -0.044 -0.615
-0.028 -0.053 -0.609
-0.022 -0.040 -0.596
 0.078  0.054 -0.528
 0.010  0.005 -0.555
 0.057  0.045 -0.526
-0.016 -0.011 -0.635
-0.097 -0.060 -0.722
-0.088 -0.052 -0.683
-0.110 -0.146 -0.835
-0.056 -0.032 -0.644
-0.050 -0.029 -0.639
-0.052 -0.038 -0.651
-0.073 -0.070 -0.681
-0.102 -0.084 -0.697
-0.046 -0.046 -0.632
-0.055 -0.029 -0.632
-0.075 -0.046 -0.662
-0.056 -0.024 -0.645
-0.090 -0.060 -0.670
-0.149 -0.057 -0.712
-0.126 -0.067 -0.693
-0.059  0.009 -0.655
-0.092 -0.044 -0.646
-0.037  0.025 -0.579
-0.092 -0.035 -0.616
-0.052 -0.011 -0.549
-0.036  0.015 -0.550
 0.098  0.074 -0.564
-0.092 -0.035 -0.663
 0.026  0.075 -0.508
-0.046  0.028 -0.584
-0.055 -0.007 -0.649
-0.108 -0.034 -0.735
-0.018  0.012 -0.656
 0.011  0.039 -0.601
 0.049  0.047 -0.538
 0.045  0.059 -0.504
 0.001  0.003 -0.551
 0.091  0.081 -0.508
-0.012 -0.014 -0.606
-0.035 -0.025 -0.643
-0.057 -0.043 -0.630
-0.097 -0.062 -0.654
-0.134 -0.134 -0.687
-0.082 -0.113 -0.635
-0.053 -0.100 -0.640
-0.017 -0.042 -0.646
-0.133 -0.114 -0.744
-0.098 -0.063 -0.676
-0.177 -0.161 -0.794
-0.227 -0.195 -0.852
-0.121 -0.123 -0.727
-0.077 -0.063 -0.677
-0.093 -0.044 -0.676
-0.061 -0.041 -0.635
-0.027 -0.000 -0.644
-0.133 -0.106 -0.758
-0.010 -0.003 -0.660
-0.083 -0.052 -0.634
 0.034  0.095 -0.512
-0.015 -0.004 -0.539
 0.056  0.043 -0.436
 0.050  0.003 -0.506
-0.001 -0.005 -0.521
 0.036  0.045 -0.475
 0.029  0.026 -0.487
 0.111  0.079 -0.391
 0.076  0.041 -0.426
 0.043  0.026 -0.498
-0.007 -0.013 -0.552
 0.003  0.081 -0.546
 0.051  0.042 -0.454
 0.030  0.061 -0.458
-0.065 -0.007 -0.533
 0.039 -0.014 -0.543
 0.071  0.054 -0.441
 0.115  0.083 -0.401
 0.154  0.153 -0.332
 0.101  0.103 -0.380
 0.031  0.044 -0.467
-0.002  0.017 -0.471
 0.124  0.129 -0.347
 0.076  0.101 -0.380
 0.069  0.093 -0.413
 0.040  0.072 -0.402
 0.007  0.029 -0.480
 0.048  0.087 -0.389
 0.037  0.076 -0.396
 0.091  0.141 -0.333
 0.105  0.148 -0.339
 0.124  0.191 -0.374
 0.145  0.170 -0.260
 0.162  0.198 -0.207
 0.034  0.078 -0.355
 0.053  0.052 -0.404
 0.080  0.123 -0.332
 0.087  0.128 -0.327
 0.057  0.122 -0.371
-0.066  0.046 -0.475
-0.051  0.075 -0.453
-0.067  0.058 -0.434
 0.015  0.126 -0.386
-0.173 -0.008 -0.553
-0.302 -0.069 -0.725
-0.371 -0.122 -0.769
-0.339 -0.108 -0.703
-0.293 -0.109 -0.655
-0.248 -0.124 -0.787
-0.264 -0.107 -0.687
-0.251 -0.088 -0.654
-0.339 -0.123 -0.763
-0.114  0.006 -0.535
-0.014  0.073 -0.404
 0.094  0.114 -0.294
 0.207  0.192 -0.202
 0.144  0.138 -0.258
 0.251  0.224 -0.245
 0.072  0.091 -0.379
 0.201  0.194 -0.246
 0.081  0.100 -0.290
 0.056  0.121 -0.322
-0.010  0.060 -0.377
-0.170 -0.020 -0.567
-0.136 -0.017 -0.550
-0.120  0.040 -0.462
-0.174 -0.030 -0.563
-0.128 -0.048 -0.545
-0.117 -0.025 -0.535
-0.078  0.017 -0.469
-0.016  0.039 -0.420
-0.039  0.021 -0.376
-0.103 -0.011 -0.461
-0.068  0.005 -0.420
-0.054  0.030 -0.408
-0.086 -0.002 -0.462
-0.059  0.047 -0.512
-0.204 -0.079 -0.612
-0.082  0.023 -0.515
-0.070 -0.012 -0.486
-0.081  0.002 -0.527
-0.207 -0.101 -0.619
-0.144 -0.073 -0.590
-0.069 -0.027 -0.464
-0.008  0.033 -0.396
-0.007  0.006 -0.398
-0.053 -0.008 -0.427
-0.185 -0.092 -0.578
-0.197 -0.154 -0.689
-0.114 -0.033 -0.523
 0.001  0.018 -0.520
-0.117 -0.052 -0.501
 0.007  0.005 -0.398
 0.153  0.117 -0.217
 0.119  0.083 -0.283
 0.096  0.098 -0.377
 0.102  0.085 -0.248
 0.113  0.134 -0.237
-0.006  0.016 -0.377
 0.067  0.092 -0.277
 0.023  0.050 -0.336
-0.053 -0.004 -0.481
-0.014  0.048 -0.454
 0.030  0.039 -0.438
 0.101  0.125 -0.264
 0.113  0.115 -0.274
 0.139  0.134 -0.243
 0.126  0.112 -0.245
 0.123  0.131 -0.254
 0.079  0.059 -0.303
 0.223  0.191 -0.160
 0.123  0.087 -0.241
 0.069  0.093 -0.313
 0.039  0.068 -0.342
 0.071  0.090 -0.335
 0.072  0.097 -0.312
 0.099  0.106 -0.257
 0.158  0.161 -0.154
 0.092  0.043 -0.344
 0.016  0.062 -0.310
-0.034  0.043 -0.368
-0.013  0.073 -0.329
-0.007  0.071 -0.285
 0.024  0.080 -0.272
 0.058  0.097 -0.230
 0.093  0.142 -0.217
-0.054  0.023 -0.404
 0.091  0.140 -0.286
 0.075  0.035 -0.336
 0.047  0.081 -0.290
-0.120 -0.059 -0.489
-0.190 -0.079 -0.570
-0.159 -0.054 -0.517
-0.259 -0.124 -0.639
-0.209 -0.076 -0.551
-0.176 -0.102 -0.601
-0.197 -0.070 -0.568
-0.212 -0.087 -0.625
-0.180 -0.066 -0.607
-0.102 -0.026 -0.502
 0.007  0.059 -0.372
-0.149 -0.092 -0.619
-0.079 -0.048 -0.544
 0.046  0.027 -0.403
 0.157  0.120 -0.372
-0.067 -0.042 -0.572
-0.034  0.010 -0.531
 0.033  0.034 -0.401
 0.069  0.079 -0.345
-0.009  0.014 -0.483
-0.021 -0.033 -0.587
-0.082  0.003 -0.541
-0.091 -0.045 -0.696
-0.273 -0.098 -0.362
-0.277 -0.089 -0.229
-0.200 -0.049 -0.146
-0.232 -0.066 -0.196
-0.138 -0.000 -0.224
-0.212 -0.067 -0.221
-0.133 -0.012 -0.174
-0.171 -0.071 -0.251
-0.200 -0.192 -0.510
-0.186 -0.096 -0.389
-0.168 -0.080 -0.444
-0.140 -0.063 -0.463
-0.174 -0.053 -0.458
-0.109  0.009 -0.444
-0.124 -0.031 -0.429
-0.111 -0.009 -0.433
-0.112 -0.037 -0.499
-0.085  0.017 -0.471
-0.134 -0.043 -0.577
-0.102 -0.027 -0.480
-0.050 -0.006 -0.441
-0.065 -0.030 -0.468
-0.035  0.022 -0.455
-0.066 -0.029 -0.505
-0.071 -0.057 -0.554
-0.056 -0.026 -0.513
-0.045  0.017 -0.452
-0.049 -0.033 -0.469
-0.082 -0.073 -0.525
-0.036 -0.026 -0.527
-0.045 -0.056 -0.555
-0.034  0.003 -0.570
 0.032  0.046 -0.453
-0.024  0.050 -0.437
 0.013  0.067 -0.386
-0.039  0.032 -0.426
-0.016  0.040 -0.436
-0.074 -0.005 -0.523
-0.120 -0.017 -0.631
-0.096 -0.045 -0.569
-0.057  0.013 -0.547
-0.131 -0.061 -0.576
-0.084 -0.027 -0.536
-0.159 -0.096 -0.590
-0.069 -0.033 -0.557
-0.088 -0.009 -0.589
-0.103  0.049 -0.471
-0.050  0.007 -0.439
-0.006 -0.019 -0.476
-0.039  0.034 -0.446
-0.026 -0.014 -0.600
-0.083 -0.022 -0.526
-0.118 -0.075 -0.591
-0.036 -0.007 -0.443
 0.074 -0.034 -0.531
 0.018  0.008 -0.427
-0.034  0.007 -0.502
-0.088 -0.036 -0.581
-0.044 -0.030 -0.490
-0.014  0.064 -0.480
-0.046  0.005 -0.492
-0.010  0.049 -0.448
-0.015  0.026 -0.509
-0.001 -0.032 -0.652
-0.029  0.065 -0.493
 0.072  0.094 -0.350
 0.072  0.141 -0.346
 0.041  0.107 -0.386
 0.134  0.168 -0.384
-0.061  0.002 -0.568
-0.037  0.048 -0.484
-0.086  0.075 -0.518
-0.055  0.050 -0.474
 0.082  0.109 -0.337
 0.112  0.080 -0.353
 0.134  0.061 -0.357
 0.050 -0.006 -0.407
 0.065  0.087 -0.349
 0.009  0.068 -0.398
 0.050  0.086 -0.366
 0.058  0.066 -0.360
 0.056  0.038 -0.359
 0.053  0.001 -0.352
-0.004  0.013 -0.401
-0.036 -0.018 -0.464
 0.033  0.102 -0.496
-0.055  0.026 -0.513
-0.092 -0.076 -0.562
 0.054 -0.001 -0.371
 0.098  0.041 -0.259
 0.017  0.058 -0.348
 0.023  0.133 -0.366
 0.066  0.119 -0.338
-0.045  0.021 -0.391
-0.050  0.031 -0.453
-0.035  0.024 -0.420
-0.021 -0.028 -0.414
-0.065 -0.041 -0.442
-0.036  0.038 -0.421
-0.044  0.059 -0.427
-0.016  0.026 -0.398
-0.093 -0.025 -0.527
-0.048 -0.137 -0.621
-0.027 -0.100 -0.479
-0.020  0.035 -0.650
-0.026  0.052 -0.491
-0.055 -0.025 -0.553
 0.016 -0.049 -0.502
 0.053 -0.061 -0.462
 0.006 -0.016 -0.475
 0.000  0.017 -0.451
-0.017  0.074 -0.503
 0.090  0.088 -0.388
 0.131  0.077 -0.395
 0.053 -0.032 -0.453
 0.149  0.065 -0.335
 0.072  0.043 -0.361
 0.130  0.112 -0.306
 0.054  0.033 -0.454
 0.136  0.040 -0.372
 0.142  0.054 -0.353
 0.217  0.095 -0.208
 0.140  0.112 -0.237
 0.121  0.107 -0.307
 0.072  0.066 -0.334
 0.019  0.012 -0.383
-0.008 -0.007 -0.427
-0.121 -0.055 -0.502
-0.251 -0.094 -0.618
-0.159 -0.062 -0.552
-0.153 -0.064 -0.590
-0.172 -0.124 -0.615
-0.098 -0.054 -0.544
-0.242 -0.201 -0.647
-0.104 -0.053 -0.485
-0.173 -0.127 -0.600
-0.118 -0.085 -0.556
-0.127 -0.111 -0.602
-0.101 -0.098 -0.533
-0.129 -0.120 -0.554
 0.027 -0.052 -0.541
-0.013 -0.047 -0.423
-0.045 -0.064 -0.490
-0.057 -0.061 -0.561
-0.106 -0.114 -0.597
-0.188 -0.131 -0.612
-0.097 -0.089 -0.491
 0.061  0.015 -0.399
-0.002 -0.061 -0.455
 0.022 -0.015 -0.460
-0.066 -0.074 -0.596
-0.010 -0.041 -0.500
 0.042  0.010 -0.407
 0.052  0.009 -0.506
-0.055 -0.066 -0.567
-0.057 -0.078 -0.572
-0.014 -0.029 -0.522
-0.043 -0.047 -0.502
-0.037 -0.042 -0.471
-0.068 -0.070 -0.484
-0.032 -0.011 -0.478
-0.020 -0.038 -0.496
 0.018  0.008 -0.480
-0.022  0.007 -0.496
-0.011  0.004 -0.435
-0.064 -0.051 -0.475
-0.034 -0.049 -0.436
-0.013 -0.028 -0.440
-0.002 -0.036 -0.470
-0.073 -0.011 -0.531
-0.115 -0.082 -0.603
-0.150 -0.106 -0.598
-0.077 -0.120 -0.555
-0.040 -0.094 -0.515
-0.003 -0.116 -0.663
 0.008 -0.014 -0.494
-0.036 -0.107 -0.629
 0.041  0.027 -0.378
-0.032 -0.141 -0.627
-0.039 -0.051 -0.464
 0.003 -0.039 -0.444
-0.046 -0.063 -0.538
-0.011 -0.074 -0.555
-0.046 -0.057 -0.550
-0.050 -0.066 -0.540
-0.033 -0.047 -0.582
 0.062 -0.003 -0.423
 0.030  0.005 -0.488
-0.003 -0.020 -0.522
 0.009 -0.003 -0.491
-0.018 -0.026 -0.471
 0.044  0.021 -0.397
 0.124  0.056 -0.318
 0.060  0.021 -0.376
 0.012 -0.023 -0.468
 0.020 -0.011 -0.461
 0.047  0.035 -0.462
-0.005 -0.005 -0.453
 0.029  0.037 -0.424
-0.112 -0.084 -0.562
-0.045 -0.011 -0.517
-0.056 -0.030 -0.527
-0.022  0.016 -0.488
 0.012  0.025 -0.455
-0.021 -0.003 -0.471
-0.076 -0.049 -0.544
 0.013  0.025 -0.504
-0.056 -0.058 -0.546
-0.008 -0.041 -0.512
-0.037 -0.037 -0.559
-0.097 -0.080 -0.559
-0.091 -0.029 -0.558
-0.092 -0.049 -0.508
-0.023  0.003 -0.443
-0.069 -0.074 -0.547
-0.089 -0.155 -0.687
-0.100 -0.095 -0.619
-0.089 -0.153 -0.733
-0.212 -0.182 -0.691
-0.087 -0.076 -0.577
-0.080 -0.096 -0.568
-0.058 -0.088 -0.563
 0.048  0.015 -0.443
 0.019 -0.015 -0.479
 0.081 -0.000 -0.400
 0.095  0.001 -0.391
 0.161  0.064 -0.375
 0.094  0.015 -0.471
 0.201  0.117 -0.405
 0.094  0.029 -0.450
 0.106  0.065 -0.418
 0.055  0.003 -0.453
 0.084  0.043 -0.391
-0.030 -0.017 -0.517
 0.013 -0.057 -0.611
-0.037 -0.002 -0.541
 0.026 -0.053 -0.584
 0.024  0.013 -0.445
 0.077  0.036 -0.372
 0.073  0.037 -0.407
 0.049  0.005 -0.452
 0.113  0.078 -0.446
-0.025 -0.005 -0.514
 0.023  0.056 -0.455
-0.045 -0.029 -0.496
-0.023 -0.016 -0.477
-0.019 -0.082 -0.565
 0.138  0.082 -0.445
 0.077  0.039 -0.434
 0.104  0.063 -0.381
 0.014  0.009 -0.486
-0.011  0.002 -0.470
 0.105  0.058 -0.391
 0.032 -0.007 -0.482
 0.089  0.058 -0.459
 0.154  0.079 -0.354
 0.204  0.141 -0.226
 0.164  0.110 -0.240
 0.161  0.111 -0.247
 0.156  0.100 -0.270
 0.122  0.122 -0.303
 0.044  0.055 -0.447
 0.029  0.048 -0.440
 0.036  0.061 -0.421
 0.062  0.075 -0.392
 0.118  0.108 -0.333
-0.011  0.020 -0.540
 0.120  0.129 -0.490
 0.005  0.049 -0.543
 0.060  0.139 -0.458
 0.026  0.071 -0.434
 0.033  0.100 -0.428
 0.086  0.073 -0.384
 0.115  0.051 -0.395
 0.024  0.047 -0.432
-0.081 -0.100 -0.705
 0.014  0.047 -0.367
-0.059 -0.013 -0.477
-0.086 -0.019 -0.489
-0.061  0.002 -0.470
 0.047  0.099 -0.405
-0.066  0.012 -0.429
-0.101 -0.005 -0.495
-0.277 -0.158 -0.674
-0.413 -0.213 -0.844
-0.333 -0.183 -0.794
-0.268 -0.128 -0.734
-0.280 -0.109 -0.774
-0.348 -0.135 -0.850
-0.308 -0.154 -0.815
-0.213 -0.130 -0.778
-0.195 -0.068 -0.712
-0.106  0.036 -0.663
-0.118  0.031 -0.638
-0.145  0.018 -0.714
-0.239 -0.122 -0.780
-0.212 -0.086 -0.717
-0.254 -0.131 -0.815
-0.195 -0.080 -0.729
-0.046  0.069 -0.657
-0.169 -0.005 -0.716
-0.026  0.089 -0.564
-0.112 -0.017 -0.609
 0.019  0.074 -0.479
-0.016 -0.026 -0.583
-0.050 -0.013 -0.592
-0.115 -0.013 -0.668
-0.138 -0.058 -0.705
-0.021 -0.008 -0.532
-0.138 -0.103 -0.640
 0.031 -0.031 -0.501
-0.037 -0.030 -0.569
-0.043  0.005 -0.610
-0.027  0.012 -0.535
-0.034  0.065 -0.549
-0.031 -0.015 -0.500
 0.047  0.066 -0.432
-0.016 -0.056 -0.563
-0.054 -0.019 -0.571
-0.066 -0.005 -0.578
-0.035  0.030 -0.540
-0.054 -0.030 -0.577
-0.025 -0.020 -0.542
-0.043 -0.030 -0.580
 0.030  0.035 -0.485
 0.014  0.026 -0.515
 0.005  0.043 -0.506
 0.077  0.146 -0.382
 0.053  0.050 -0.390
 0.095  0.053 -0.404
 0.061  0.016 -0.449
 0.057  0.046 -0.506
 0.026  0.021 -0.469
 0.067  0.153 -0.451
 0.027  0.019 -0.457
 0.141  0.115 -0.351
 0.132  0.095 -0.358
 0.181  0.122 -0.336
 0.111  0.090 -0.426
 0.081  0.052 -0.411
 0.060  0.060 -0.435
 0.179  0.130 -0.384
 0.147  0.023 -0.385
 0.131  0.016 -0.387
 0.180  0.066 -0.335
 0.120  0.012 -0.388
 0.104  0.008 -0.415
 0.081 -0.019 -0.439
 0.181  0.072 -0.345
 0.173  0.042 -0.303
 0.166  0.091 -0.358
 0.119  0.053 -0.402
 0.164  0.084 -0.362
 0.152  0.069 -0.347
 0.173  0.099 -0.301
 0.140  0.074 -0.349
 0.149  0.087 -0.352
 0.100  0.068 -0.344
 0.103  0.053 -0.284
 0.087  0.068 -0.286
 0.159  0.122 -0.312
 0.033  0.030 -0.388
 0.063  0.062 -0.360
 0.053  0.074 -0.361
 0.086  0.076 -0.270
 0.066  0.069 -0.295
 0.023  0.009 -0.370
 0.014  0.007 -0.457
-0.033 -0.010 -0.508
 0.051  0.056 -0.475
-0.101 -0.050 -0.551
 0.040  0.055 -0.438
-0.063 -0.053 -0.522
 0.013  0.015 -0.475
 0.012  0.042 -0.451
 0.062  0.046 -0.448
 0.020  0.068 -0.384
 0.071  0.037 -0.455
-0.003  0.056 -0.358
-0.057  0.003 -0.497
-0.086  0.021 -0.519
-0.086  0.036 -0.472
-0.064  0.067 -0.556
-0.201 -0.057 -0.617
-0.153  0.013 -0.583
-0.154 -0.045 -0.570
-0.172 -0.051 -0.634
-0.121 -0.026 -0.573
-0.012 -0.016 -0.514
-0.041  0.022 -0.499
-0.115 -0.100 -0.723
-0.163 -0.069 -0.624
-0.193 -0.083 -0.606
-0.216 -0.099 -0.656
-0.118 -0.016 -0.533
-0.019  0.043 -0.512
 0.068  0.099 -0.289
 0.073  0.107 -0.307
-0.133 -0.083 -0.564
 0.018  0.047 -0.387
 0.035  0.015 -0.404
 0.036  0.032 -0.454
-0.062 -0.038 -0.508
 0.033  0.045 -0.382
-0.073 -0.032 -0.500
-0.147 -0.121 -0.659
-0.110 -0.070 -0.584
-0.147 -0.093 -0.613
-0.105 -0.035 -0.575
-0.071 -0.012 -0.468
-0.037  0.030 -0.424
 0.054  0.069 -0.366
 0.175  0.172 -0.287
 0.137  0.130 -0.292
 0.116  0.141 -0.333
 0.214  0.187 -0.200
 0.309  0.231 -0.046
 0.244  0.162 -0.100
 0.231  0.159 -0.129
 0.193  0.134 -0.180
 0.210  0.085 -0.277
 0.147  0.112 -0.266
 0.129  0.017 -0.378
 0.177  0.104 -0.211
 0.146  0.079 -0.225
 0.146  0.052 -0.284
 0.118  0.062 -0.291
 0.218  0.154 -0.266
 0.080  0.046 -0.320
 0.176  0.147 -0.220
-0.019 -0.024 -0.411
-0.002  0.007 -0.404
 0.013  0.010 -0.403
 0.040 -0.030 -0.417
-0.046 -0.066 -0.493
-0.160 -0.157 -0.654
-0.092 -0.042 -0.462
-0.028  0.009 -0.366
-0.053 -0.027 -0.439
-0.106 -0.017 -0.509
-0.231 -0.101 -0.690
-0.181 -0.084 -0.620
-0.197 -0.081 -0.601
-0.241 -0.144 -0.689
-0.092 -0.040 -0.587
-0.133 -0.078 -0.634
-0.218 -0.110 -0.733
-0.121 -0.063 -0.590
-0.154 -0.060 -0.547
-0.157 -0.110 -0.624
-0.148 -0.109 -0.687
-0.007  0.024 -0.486
-0.047  0.022 -0.632
-0.104 -0.042 -0.592
-0.096 -0.025 -0.533
-0.147 -0.110 -0.652
-0.045 -0.040 -0.503
 0.028  0.039 -0.459
-0.045 -0.014 -0.540
 0.033  0.065 -0.505
-0.061 -0.025 -0.468
-0.025  0.051 -0.449
-0.062 -0.038 -0.480
 0.021  0.009 -0.418
-0.026 -0.036 -0.505
-0.025  0.001 -0.477
-0.021 -0.025 -0.439
 0.074  0.009 -0.335
 0.032 -0.015 -0.377
 0.007 -0.002 -0.464
-0.057 -0.054 -0.510
-0.063 -0.058 -0.527
 0.014  0.005 -0.394
-0.052 -0.062 -0.484
-0.075 -0.091 -0.532
-0.064 -0.060 -0.496
-0.011  0.007 -0.535
-0.063 -0.030 -0.526
-0.021  0.037 -0.477
 0.010  0.013 -0.402
 0.031  0.004 -0.412
 0.024 -0.019 -0.444
 0.030 -0.046 -0.575
 0.002  0.014 -0.492
 0.081  0.095 -0.343
-0.002 -0.001 -0.446
-0.032 -0.015 -0.469
 0.007  0.040 -0.464
 0.004  0.016 -0.450
 0.001  0.017 -0.488
-0.040 -0.021 -0.459
-0.096 -0.056 -0.504
-0.128 -0.139 -0.610
-0.062 -0.089 -0.528
-0.063 -0.058 -0.543
-0.075 -0.064 -0.570
 0.153  0.118 -0.355
 0.092  0.045 -0.323
 0.151  0.112 -0.307
-0.005 -0.027 -0.459
 0.061  0.038 -0.359
 0.046  0.012 -0.391
-0.036 -0.056 -0.558
 0.008 -0.001 -0.482
 0.066  0.042 -0.357
 0.043  0.023 -0.409
 0.092 -0.036 -0.544
 0.018 -0.021 -0.482
 0.070  0.017 -0.446
 0.049  0.016 -0.474
 0.052  0.026 -0.472
 0.031  0.014 -0.430
-0.029 -0.037 -0.497
-0.015 -0.019 -0.516
-0.053 -0.106 -0.596
-0.035 -0.031 -0.541
-0.006  0.013 -0.468
 0.038  0.034 -0.409
 0.018  0.048 -0.376
 0.006  0.010 -0.398
 0.035  0.028 -0.381
-0.028  0.026 -0.428
-0.095 -0.021 -0.547
-0.186 -0.082 -0.618
-0.141 -0.056 -0.572
-0.117 -0.061 -0.548
-0.135 -0.057 -0.581
-0.095 -0.031 -0.541
-0.010  0.073 -0.467
-0.095 -0.006 -0.556
 0.058  0.126 -0.362
-0.114 -0.018 -0.527
 0.042  0.089 -0.385
-0.089 -0.049 -0.584
 0.039  0.061 -0.419
 0.094  0.099 -0.353
 0.096  0.122 -0.333
-0.074  0.018 -0.518
-0.067  0.037 -0.499
 0.060  0.092 -0.334
 0.033  0.065 -0.384
-0.006  0.092  0.091
-0.072  0.133  0.103
-0.065  0.140  0.101
-0.118  0.073  0.043
-0.134  0.028 -0.015
-0.044  0.058  0.068
-0.061  0.056  0.113
-0.067  0.038  0.144
 0.051  0.141  0.245
-0.003  0.155  0.272
 0.180  0.215  0.460
 0.148  0.146  0.397
 0.122  0.103  0.308
 0.231  0.168  0.387
 0.161  0.118  0.288
 0.223  0.162  0.334
 0.131  0.099  0.257
 0.074  0.073  0.174
 0.004  0.032  0.124
 0.002  0.041  0.069
-0.083 -0.027 -0.044
-0.136 -0.094 -0.154
-0.167 -0.106 -0.145
-0.147 -0.133 -0.252
-0.167 -0.088 -0.180
-0.178 -0.112 -0.241
-0.178 -0.103 -0.283
-0.233 -0.148 -0.320
-0.275 -0.182 -0.334
-0.332 -0.233 -0.432
-0.169 -0.071 -0.323
-0.126 -0.072 -0.296
-0.157 -0.085 -0.377
-0.183 -0.108 -0.407
-0.152 -0.092 -0.338
-0.178 -0.120 -0.348
-0.130 -0.055 -0.307
-0.223 -0.141 -0.439
-0.154 -0.095 -0.365
-0.017 -0.007 -0.312
-0.090 -0.040 -0.317
-0.100 -0.027 -0.355
-0.162 -0.085 -0.363
-0.164 -0.055 -0.344
-0.126 -0.051 -0.324
-0.094 -0.078 -0.381
-0.054  0.024 -0.273
-0.084 -0.102 -0.423
-0.101 -0.047 -0.294
-0.110 -0.021 -0.271
-0.130 -0.059 -0.363
-0.096 -0.034 -0.335
-0.072 -0.007 -0.334
-0.053  0.007 -0.280
 0.036  0.071 -0.233
-0.017 -0.007 -0.256
-0.095 -0.037 -0.344
-0.099 -0.071 -0.384
-0.130 -0.153 -0.553
-0.064 -0.037 -0.341
-0.070  0.008 -0.283
-0.109 -0.052 -0.348
-0.082 -0.068 -0.348
-0.073 -0.048 -0.328
 0.009  0.005 -0.281
 0.048  0.058 -0.247
-0.027 -0.011 -0.289
 0.023  0.012 -0.229
-0.012 -0.039 -0.249
-0.017 -0.065 -0.293
-0.026 -0.081 -0.343
-0.030 -0.048 -0.370
-0.074 -0.091 -0.368
-0.082 -0.050 -0.317
-0.115 -0.084 -0.373
-0.152 -0.111 -0.407
-0.059 -0.051 -0.336
-0.098 -0.053 -0.351
-0.053  0.012 -0.300
-0.126 -0.030 -0.332
-0.068  0.049 -0.282
-0.138 -0.028 -0.303
-0.106  0.013 -0.275
-0.179 -0.060 -0.338
-0.185 -0.044 -0.334
-0.260 -0.081 -0.389
-0.197 -0.111 -0.430
-0.239 -0.042 -0.344
-0.198 -0.052 -0.325
-0.184 -0.035 -0.329
-0.218 -0.041 -0.364
-0.193  0.023 -0.375
-0.287 -0.064 -0.398
-0.265 -0.028 -0.388
-0.282 -0.112 -0.434
-0.240 -0.078 -0.401
-0.289 -0.121 -0.453
-0.257 -0.184 -0.518
-0.235 -0.106 -0.419
-0.283 -0.194 -0.566
-0.250 -0.087 -0.402
-0.178 -0.099 -0.492
-0.219 -0.107 -0.369
-0.139 -0.033 -0.274
-0.243 -0.094 -0.396
-0.310 -0.136 -0.424
-0.309 -0.113 -0.465
-0.298 -0.106 -0.419
-0.218 -0.050 -0.362
-0.321 -0.195 -0.521
-0.228 -0.154 -0.491
-0.268 -0.125 -0.467
-0.187 -0.128 -0.534
-0.152 -0.046 -0.324
-0.029  0.043 -0.303
-0.087 -0.003 -0.309
-0.102 -0.032 -0.353
-0.061  0.002 -0.300
-0.122 -0.023 -0.365
 0.042  0.043 -0.286
-0.033  0.008 -0.272
 0.043  0.090 -0.171
 0.013 -0.005 -0.229
 0.001 -0.008 -0.245
-0.015 -0.008 -0.244
-0.008 -0.091 -0.395
 0.010 -0.008 -0.226
-0.064 -0.074 -0.319
-0.121 -0.104 -0.395
-0.124 -0.102 -0.400
-0.143 -0.080 -0.492
-0.125 -0.081 -0.407
-0.080 -0.029 -0.391
-0.178 -0.133 -0.484
-0.166 -0.135 -0.509
-0.091 -0.085 -0.431
-0.020 -0.096 -0.504
-0.130 -0.080 -0.497
-0.071 -0.038 -0.548
-0.091 -0.109 -0.492
-0.020 -0.086 -0.448
 0.018 -0.048 -0.383
 0.045 -0.004 -0.338
 0.107  0.075 -0.342
 0.168  0.087 -0.175
 0.195  0.094 -0.176
 0.072 -0.016 -0.298
-0.036 -0.094 -0.398
 0.025 -0.038 -0.315
 0.058  0.030 -0.299
-0.042 -0.039 -0.410
-0.016  0.004 -0.328
 0.027 -0.041 -0.289
 0.006 -0.080 -0.313
-0.088 -0.126 -0.410
-0.080 -0.085 -0.382
-0.116 -0.099 -0.464
 0.011  0.005 -0.286
 0.055 -0.024 -0.269
 0.026 -0.038 -0.260
-0.040 -0.058 -0.348
-0.014 -0.062 -0.331
-0.021 -0.081 -0.388
-0.153 -0.085 -0.448
-0.003 -0.015 -0.379
-0.052 -0.085 -0.364
-0.048 -0.093 -0.382
-0.052 -0.046 -0.390
-0.063 -0.079 -0.418
-0.096 -0.076 -0.426
 0.050 -0.016 -0.289
-0.035 -0.072 -0.388
-0.015 -0.063 -0.390
 0.037  0.022 -0.396
-0.112 -0.097 -0.484
-0.088 -0.079 -0.415
-0.094 -0.044 -0.383
-0.094 -0.068 -0.387
-0.096 -0.051 -0.417
-0.075 -0.078 -0.423
-0.045 -0.038 -0.422
-0.074 -0.055 -0.418
-0.031 -0.021 -0.378
 0.019 -0.008 -0.363
-0.027 -0.065 -0.446
 0.004 -0.025 -0.412
 0.022 -0.004 -0.384
 0.031 -0.019 -0.359
 0.033 -0.004 -0.343
-0.001 -0.039 -0.380
-0.060 -0.086 -0.461
 0.059  0.048 -0.380
-0.015 -0.044 -0.398
-0.001 -0.039 -0.367
-0.091 -0.115 -0.452
-0.044 -0.113 -0.463
-0.012 -0.040 -0.381
 0.041 -0.005 -0.353
 0.136  0.075 -0.288
 0.075  0.051 -0.347
 0.152  0.079 -0.246
 0.155  0.073 -0.263
 0.190  0.115 -0.271
 0.153  0.064 -0.303
 0.255  0.134 -0.224
 0.140  0.014 -0.311
 0.178  0.055 -0.237
 0.154  0.018 -0.274
 0.211 -0.034 -0.405
 0.149  0.014 -0.284
 0.052 -0.039 -0.383
 0.032 -0.023 -0.379
 0.067  0.013 -0.323
 0.091  0.026 -0.310
 0.088 -0.023 -0.327
 0.059 -0.015 -0.395
 0.022 -0.060 -0.417
 0.020 -0.005 -0.364
-0.020 -0.033 -0.401
-0.049 -0.053 -0.422
-0.020 -0.049 -0.404
 0.072 -0.035 -0.497
 0.012 -0.023 -0.405
 0.028  0.001 -0.402
-0.004  0.028 -0.436
-0.004  0.024 -0.402
 0.035  0.032 -0.351
 0.026  0.007 -0.347
 0.060  0.054 -0.342
 0.005  0.009 -0.359
-0.005  0.039 -0.368
-0.019 -0.015 -0.359
-0.006  0.017 -0.322
-0.065 -0.046 -0.377
-0.082 -0.086 -0.428
-0.123 -0.112 -0.439
-0.096 -0.074 -0.413
-0.122 -0.080 -0.438
-0.069 -0.060 -0.389
-0.072 -0.053 -0.372
-0.085 -0.097 -0.411
 0.003  0.005 -0.333
-0.048 -0.054 -0.390
 0.088  0.100 -0.267
-0.004 -0.011 -0.365
-0.060 -0.009 -0.382
-0.028 -0.014 -0.360
-0.000 -0.059 -0.412
 0.057  0.041 -0.292
-0.009  0.002 -0.378
-0.016  0.014 -0.363
-0.023  0.057 -0.353
-0.010  0.045 -0.339
 0.012  0.025 -0.357
 0.095  0.125 -0.293
 0.036  0.065 -0.336
 0.057  0.091 -0.312
-0.052  0.035 -0.365
-0.042  0.027 -0.350
-0.016  0.012 -0.351
 0.013 -0.001 -0.366
-0.076 -0.017 -0.396
 0.097  0.114 -0.321
-0.009  0.064 -0.308
 0.181  0.189 -0.188
-0.008  0.039 -0.310
-0.034  0.004 -0.370
-0.009  0.053 -0.351
-0.089 -0.004 -0.409
 0.007  0.073 -0.365
-0.025  0.073 -0.367
-0.019  0.039 -0.366
-0.045  0.006 -0.383
-0.020  0.017 -0.393
 0.043  0.020 -0.337
 0.065  0.062 -0.307
 0.022  0.012 -0.316
-0.021  0.024 -0.320
-0.021 -0.001 -0.319
 0.008  0.003 -0.327
 0.011 -0.035 -0.312
 0.008 -0.036 -0.315
 0.002  0.011 -0.322
-0.122  0.062 -0.412
 0.004 -0.025 -0.287
-0.008 -0.056 -0.315
-0.004 -0.061 -0.319
 0.034 -0.027 -0.283
 0.038  0.038 -0.301
 0.046  0.119 -0.228
 0.006  0.006 -0.267
 0.033  0.013 -0.245
 0.061  0.019 -0.243
 0.050  0.024 -0.260
 0.019 -0.001 -0.303
 0.076  0.058 -0.275
 0.050  0.006 -0.295
 0.023 -0.112 -0.496
 0.000 -0.045 -0.337
 0.038 -0.014 -0.302
 0.076  0.065 -0.289
-0.045 -0.033 -0.381
-0.044 -0.048 -0.382
-0.034 -0.025 -0.353
-0.030 -0.037 -0.363
-0.004 -0.006 -0.368
 0.015 -0.013 -0.344
 0.042  0.015 -0.323
-0.018 -0.027 -0.386
 0.003 -0.107 -0.534
-0.051  0.096 -0.376
 0.081 -0.047 -0.012
 0.098  0.045  0.058
 0.016  0.305 -0.013
 0.009  0.326 -0.022
-0.200  0.247 -0.162
 0.055  0.022  0.074
-0.014 -0.042 -0.028
-0.044 -0.025 -0.056
-0.025  0.108 -0.080
 0.004  0.078 -0.043
-0.076  0.027 -0.124
-0.127 -0.146 -0.231
-0.101 -0.071 -0.211
-0.091 -0.100 -0.210
-0.007 -0.010 -0.135
-0.041  0.010 -0.185
-0.014 -0.000 -0.176
 0.032 -0.044 -0.171
 0.069 -0.006 -0.189
 0.023 -0.056 -0.271
-0.015  0.020 -0.344
 0.077  0.070 -0.186
 0.093  0.079 -0.276
 0.004 -0.039 -0.260
-0.011 -0.060 -0.290
-0.003 -0.015 -0.318
-0.062 -0.090 -0.400
 0.061  0.081 -0.287
 0.091  0.167 -0.251
 0.024  0.017 -0.317
 0.038 -0.001 -0.303
 0.101 -0.056 -0.402
 0.068  0.008 -0.280
 0.028 -0.025 -0.316
 0.031  0.072 -0.302
 0.010  0.120 -0.302
-0.004 -0.018 -0.300
-0.096 -0.077 -0.403
 0.004 -0.007 -0.316
 0.016 -0.024 -0.305
 0.017  0.073 -0.309
 0.017  0.157 -0.271
-0.027  0.081 -0.326
 0.004 -0.027 -0.276
 0.016 -0.006 -0.240
 0.025 -0.019 -0.255
 0.007 -0.060 -0.380
 0.023  0.092 -0.247
 0.029  0.041 -0.326
 0.043  0.033 -0.210
 0.015 -0.051 -0.337
-0.062 -0.036 -0.272
-0.101 -0.032 -0.325
-0.149 -0.003 -0.353
-0.129  0.017 -0.422
-0.165 -0.073 -0.352
-0.022 -0.011 -0.354
-0.137 -0.071 -0.360
-0.136 -0.135 -0.390
 0.020  0.014 -0.280
-0.119 -0.105 -0.380
-0.136 -0.096 -0.366
-0.185 -0.126 -0.405
-0.086 -0.083 -0.438
-0.132 -0.103 -0.367
-0.068 -0.044 -0.319
-0.080 -0.018 -0.354
-0.093  0.002 -0.307
-0.094  0.013 -0.324
-0.131 -0.065 -0.337
-0.073 -0.013 -0.285
-0.187 -0.098 -0.408
-0.107 -0.032 -0.351
-0.149  0.005 -0.319
-0.173 -0.092 -0.459
-0.172 -0.028 -0.303
-0.140 -0.026 -0.273
-0.138  0.006 -0.282
-0.065  0.057 -0.251
-0.085  0.093 -0.243
-0.176  0.009 -0.323
-0.103  0.071 -0.265
-0.124 -0.011 -0.287
-0.160 -0.050 -0.337
-0.194 -0.095 -0.407
-0.033  0.026 -0.264
-0.011  0.115 -0.199
-0.090  0.044 -0.272
-0.067  0.050 -0.260
 0.002  0.068 -0.204
 0.003  0.098 -0.213
 0.022  0.049 -0.235
-0.001  0.112 -0.194
-0.040  0.109 -0.170
-0.071  0.038 -0.265
-0.063  0.074 -0.224
-0.080  0.000 -0.261
-0.076 -0.004 -0.273
-0.001  0.056 -0.224
 0.034  0.159 -0.194
-0.169  0.007 -0.326
-0.096  0.066 -0.291
-0.090  0.006 -0.272
-0.117 -0.006 -0.307
-0.112 -0.017 -0.333
-0.152  0.057 -0.352
-0.173  0.118 -0.339
-0.122 -0.009 -0.358
-0.141 -0.015 -0.357
-0.098 -0.042 -0.294
-0.131 -0.052 -0.350
-0.087  0.021 -0.304
-0.070  0.095 -0.272
-0.108  0.038 -0.299
-0.113  0.095 -0.308
-0.056 -0.014 -0.274
-0.029  0.028 -0.286
-0.110 -0.030 -0.349
-0.043  0.058 -0.288
-0.140  0.005 -0.324
-0.131  0.019 -0.320
-0.098 -0.009 -0.308
-0.095 -0.039 -0.328
-0.058 -0.004 -0.309
-0.009  0.041 -0.260
-0.095  0.062 -0.308
-0.077  0.104 -0.296
-0.136  0.074 -0.378
-0.065  0.026 -0.318
-0.061  0.003 -0.313
-0.033 -0.008 -0.299
 0.014  0.063 -0.274
-0.092  0.009 -0.313
-0.060  0.221 -0.298
-0.171  0.090 -0.411
-0.053  0.150 -0.280
 0.010  0.000 -0.250
-0.059 -0.036 -0.324
-0.092 -0.039 -0.357
-0.032  0.025 -0.303
-0.074  0.126 -0.337
-0.115  0.055 -0.381
-0.065 -0.048 -0.359
-0.086 -0.072 -0.367
-0.054 -0.038 -0.349
-0.059 -0.051 -0.344
-0.079  0.141 -0.345
-0.139  0.089 -0.413
-0.134  0.063 -0.412
-0.126 -0.076 -0.399
-0.055 -0.061 -0.328
-0.041 -0.017 -0.363
-0.056 -0.039 -0.313
-0.109  0.060 -0.327
-0.102  0.090 -0.343
-0.177 -0.036 -0.586
-0.179 -0.021 -0.423
-0.145 -0.106 -0.396
-0.144 -0.052 -0.397
-0.216 -0.082 -0.408
-0.248  0.075 -0.443
-0.357  0.017 -0.492
-0.268  0.062 -0.417
-0.261 -0.053 -0.354
-0.200 -0.045 -0.354
-0.245 -0.033 -0.378
-0.274 -0.139 -0.511
-0.350 -0.113 -0.478
-0.252 -0.023 -0.340
-0.344 -0.052 -0.450
-0.309 -0.030 -0.404
-0.312  0.006 -0.427
-0.353 -0.044 -0.401
-0.341  0.015 -0.406
-0.400 -0.063 -0.432
-0.391 -0.008 -0.422
-0.415 -0.068 -0.491
-0.398 -0.046 -0.486
-0.399 -0.088 -0.485
-0.447 -0.058 -0.525
-0.426 -0.021 -0.508
-0.457 -0.067 -0.548
-0.439 -0.049 -0.555
-0.389 -0.027 -0.516
-0.316  0.033 -0.465
-0.417 -0.075 -0.518
-0.332  0.030 -0.471
-0.385 -0.035 -0.553
-0.371 -0.028 -0.535
-0.234 -0.011 -0.450
-0.256  0.014 -0.478
-0.227  0.019 -0.412
-0.205  0.014 -0.396
-0.219  0.027 -0.445
-0.166  0.024 -0.410
-0.210  0.009 -0.497
-0.254 -0.049 -0.549
-0.143  0.068 -0.468
-0.135  0.007 -0.450
-0.132  0.028 -0.466
-0.180  0.003 -0.517
-0.274 -0.096 -0.630
-0.315 -0.090 -0.580
-0.323 -0.064 -0.616
-0.322 -0.084 -0.581
-0.305 -0.076 -0.560
-0.248  0.034 -0.528
-0.209  0.035 -0.489
-0.186  0.047 -0.480
-0.148 -0.019 -0.464
-0.115  0.024 -0.472
-0.165 -0.069 -0.495
-0.131 -0.027 -0.481
-0.143 -0.006 -0.507
-0.097  0.012 -0.490
-0.140 -0.044 -0.543
-0.086 -0.103 -0.622
-0.094 -0.033 -0.452
-0.095  0.007 -0.424
-0.174 -0.075 -0.519
-0.108 -0.082 -0.472
 0.050  0.048 -0.316
-0.022  0.001 -0.429
 0.028  0.072 -0.395
-0.009  0.060 -0.352
 0.102  0.151 -0.245
-0.003  0.056 -0.341
-0.036  0.035 -0.359
-0.058 -0.007 -0.403
-0.023  0.069 -0.407
-0.217 -0.040 -0.556
-0.174  0.014 -0.472
-0.193 -0.007 -0.492
-0.092  0.045 -0.396
-0.011  0.089 -0.337
-0.046  0.051 -0.375
-0.024  0.074 -0.382
-0.081  0.037 -0.379
-0.063  0.095 -0.342
-0.059  0.023 -0.321
-0.038  0.038 -0.323
-0.001  0.063 -0.285
-0.081 -0.033 -0.465
-0.074  0.046 -0.339
-0.047  0.045 -0.472
-0.112  0.011 -0.403
-0.155 -0.036 -0.459
-0.123 -0.020 -0.442
-0.154 -0.024 -0.477
-0.008  0.124 -0.353
-0.104  0.072 -0.383
-0.065  0.090 -0.362
-0.126  0.012 -0.389
-0.133  0.034 -0.420
-0.061  0.020 -0.357
-0.073  0.033 -0.374
-0.106  0.066 -0.377
-0.026  0.067 -0.302
 0.042  0.115 -0.269
 0.012  0.041 -0.285
 0.013  0.049 -0.273
 0.018  0.071 -0.299
 0.032  0.100 -0.285
 0.023  0.094 -0.286
-0.023  0.047 -0.312
-0.004  0.066 -0.315
-0.003  0.042 -0.322
 0.006  0.053 -0.320
-0.088  0.018 -0.419
 0.013  0.096 -0.333
-0.028  0.092 -0.348
-0.068  0.003 -0.424
-0.095  0.000 -0.398
-0.113 -0.017 -0.415
-0.094  0.050 -0.373
-0.162 -0.002 -0.411
-0.132  0.038 -0.400
-0.198 -0.043 -0.437
-0.191 -0.016 -0.444
-0.281 -0.126 -0.536
-0.214 -0.055 -0.497
-0.231 -0.034 -0.482
-0.172 -0.024 -0.558
-0.304 -0.113 -0.577
-0.221 -0.049 -0.498
-0.176 -0.030 -0.460
-0.239 -0.086 -0.514
-0.039  0.101 -0.358
-0.047  0.074 -0.341
-0.095  0.065 -0.399
-0.088  0.003 -0.419
-0.026  0.056 -0.322
-0.036  0.029 -0.362
-0.051  0.013 -0.447
-0.242 -0.083 -0.599
-0.099 -0.048 -0.588
-0.125 -0.027 -0.423
-0.181 -0.089 -0.503
-0.203 -0.077 -0.513
-0.190 -0.050 -0.523
-0.139  0.020 -0.432
-0.104  0.015 -0.405
-0.124  0.003 -0.410
-0.169 -0.047 -0.471
-0.214 -0.050 -0.515
-0.137  0.014 -0.418
-0.041  0.109 -0.353
-0.201 -0.062 -0.491
-0.148  0.120 -0.437
-0.264 -0.002 -0.509
-0.260 -0.018 -0.515
-0.282 -0.068 -0.499
-0.172  0.018 -0.382
-0.182  0.028 -0.384
-0.260 -0.025 -0.442
-0.179  0.050 -0.398
-0.296 -0.061 -0.517
-0.262 -0.032 -0.451
-0.243 -0.012 -0.438
-0.240 -0.013 -0.448
-0.170  0.040 -0.368
-0.216 -0.018 -0.444
-0.194 -0.000 -0.445
-0.182 -0.012 -0.437
-0.091  0.025 -0.404
-0.151 -0.057 -0.431
-0.064  0.041 -0.335
-0.111 -0.010 -0.376
-0.100 -0.016 -0.372
-0.154 -0.068 -0.446
 0.063  0.057 -0.366
-0.118 -0.020 -0.431
-0.028  0.041 -0.336
-0.123 -0.020 -0.435
-0.064  0.024 -0.415
-0.076 -0.010 -0.474
-0.145 -0.086 -0.527
-0.106 -0.027 -0.501
-0.065  0.006 -0.454
 0.069  0.066 -0.413
-0.044 -0.001 -0.411
-0.065 -0.034 -0.445
-0.059 -0.056 -0.435
-0.137 -0.076 -0.522
 0.027  0.077 -0.362
-0.014  0.021 -0.328
 0.027  0.054 -0.340
-0.005  0.004 -0.345
 0.013  0.026 -0.352
-0.062 -0.059 -0.467
 0.023 -0.057 -0.525
 0.041  0.035 -0.360
 0.053  0.045 -0.348
 0.067  0.065 -0.312
 0.040  0.029 -0.344
 0.077  0.063 -0.380
 0.052  0.014 -0.380
 0.028  0.013 -0.419
 0.058  0.041 -0.359
 0.048  0.018 -0.406
-0.037 -0.021 -0.455
-0.107 -0.078 -0.553
-0.078 -0.053 -0.547
 0.003 -0.001 -0.469
 0.126  0.116 -0.388
 0.027  0.010 -0.428
 0.079  0.072 -0.387
 0.021 -0.008 -0.439
 0.079  0.024 -0.371
-0.018 -0.046 -0.489
 0.063  0.005 -0.521
 0.006 -0.025 -0.459
-0.038 -0.068 -0.463
-0.028 -0.050 -0.466
-0.030 -0.058 -0.485
-0.041 -0.050 -0.515
-0.080 -0.100 -0.543
 0.052  0.033 -0.409
-0.017 -0.012 -0.445
 0.068  0.050 -0.345
 0.013 -0.005 -0.409
 0.149  0.007 -0.464
 0.035 -0.014 -0.396
 0.045  0.002 -0.398
 0.188  0.119 -0.313
 0.197  0.092 -0.239
 0.258  0.176 -0.185
 0.271  0.124 -0.174
 0.250  0.136 -0.171
 0.144  0.063 -0.287
 0.167  0.043 -0.415
 0.056  0.042 -0.367
 0.005  0.035 -0.374
-0.110 -0.046 -0.491
-0.235 -0.146 -0.624
-0.202 -0.121 -0.613
-0.126 -0.082 -0.564
-0.083 -0.014 -0.541
-0.145 -0.067 -0.589
-0.099 -0.029 -0.544
-0.149 -0.106 -0.590
-0.092 -0.076 -0.535
-0.098 -0.095 -0.563
-0.017 -0.087 -0.631
-0.105 -0.049 -0.558
-0.055 -0.065 -0.657
-0.081 -0.056 -0.490
-0.103 -0.088 -0.504
-0.051 -0.044 -0.458
-0.004 -0.013 -0.426
 0.072  0.081 -0.422
 0.005  0.011 -0.413
 0.040  0.066 -0.377
 0.012 -0.008 -0.395
 0.010  0.020 -0.423
 0.131  0.093 -0.284
 0.152  0.123 -0.236
 0.146  0.116 -0.234
 0.126  0.060 -0.299
 0.085  0.058 -0.310
 0.161  0.157 -0.220
 0.063  0.096 -0.301
 0.042  0.087 -0.322
-0.000  0.056 -0.338
 0.027  0.053 -0.303
 0.052  0.092 -0.305
 0.013  0.050 -0.311
-0.003 -0.007 -0.413
-0.037  0.027 -0.348
-0.018  0.038 -0.293
-0.071  0.010 -0.356
-0.179 -0.052 -0.484
-0.190 -0.041 -0.538
-0.187 -0.073 -0.523
 0.050  0.009 -0.410
 0.094  0.126 -0.241
 0.225  0.169 -0.062
 0.130  0.104 -0.190
 0.085  0.079 -0.229
 0.148  0.155 -0.184
 0.129  0.122 -0.200
 0.104  0.098 -0.236
 0.128  0.115 -0.203
 0.041  0.021 -0.299
 0.033  0.064 -0.263
 0.104  0.133 -0.153
 0.102  0.098 -0.182
 0.109  0.096 -0.181
 0.032  0.070 -0.263
-0.032  0.045 -0.325
-0.042  0.033 -0.325
-0.013  0.052 -0.287
 0.089  0.161 -0.185
 0.070  0.122 -0.200
 0.178  0.231 -0.104
 0.036  0.119 -0.221
-0.004  0.110 -0.256
-0.092 -0.002 -0.380
-0.087 -0.070 -0.517
 0.012  0.076 -0.283
 0.085  0.138 -0.191
 0.048  0.146 -0.236
 0.041  0.117 -0.215
 0.055  0.132 -0.239
-0.053  0.027 -0.321
-0.049  0.053 -0.317
-0.060  0.036 -0.338
 0.053  0.091 -0.325
-0.238 -0.050 -0.520
-0.199 -0.012 -0.436
-0.146  0.006 -0.401
-0.051  0.043 -0.322
-0.030  0.075 -0.318
-0.060  0.026 -0.359
 0.103  0.162 -0.215
-0.023  0.042 -0.286
-0.125  0.013 -0.402
-0.135 -0.026 -0.448
-0.155 -0.092 -0.523
-0.092  0.017 -0.369
-0.136 -0.014 -0.419
-0.172 -0.020 -0.470
-0.213 -0.062 -0.496
-0.252 -0.080 -0.556
-0.162 -0.047 -0.497
-0.191 -0.026 -0.505
-0.235 -0.086 -0.557
-0.080  0.079 -0.394
-0.211 -0.005 -0.484
-0.127  0.042 -0.386
-0.201 -0.060 -0.494
-0.186 -0.098 -0.570
-0.167 -0.047 -0.489
-0.252 -0.085 -0.543
-0.283 -0.056 -0.571
-0.326 -0.100 -0.605
-0.223 -0.072 -0.517
-0.206 -0.092 -0.514
-0.253 -0.101 -0.608
-0.243 -0.104 -0.566
-0.182 -0.036 -0.512
-0.124 -0.020 -0.442
-0.087  0.013 -0.346
-0.119 -0.002 -0.414
-0.078 -0.073 -0.579
-0.075  0.018 -0.399
-0.043  0.017 -0.366
-0.107  0.003 -0.446
-0.138 -0.038 -0.467
-0.101  0.062 -0.470
-0.139 -0.012 -0.485
-0.085  0.014 -0.443
-0.176 -0.064 -0.522
-0.157 -0.121 -0.628
-0.220 -0.076 -0.553
-0.185 -0.043 -0.506
-0.166 -0.052 -0.508
-0.196 -0.093 -0.557
-0.175 -0.080 -0.578
-0.121 -0.053 -0.480
-0.139 -0.041 -0.527
-0.214 -0.081 -0.596
-0.197 -0.056 -0.578
-0.233 -0.084 -0.612
-0.198 -0.165 -0.734
-0.158 -0.067 -0.569
-0.082 -0.045 -0.477
-0.082 -0.022 -0.475
-0.150 -0.060 -0.538
-0.163 -0.044 -0.536
-0.188 -0.091 -0.580
-0.114 -0.014 -0.551
-0.175 -0.076 -0.581
-0.102 -0.013 -0.492
-0.120 -0.025 -0.482
-0.099 -0.007 -0.428
-0.111 -0.045 -0.459
 0.054  0.056 -0.383
-0.036 -0.014 -0.410
-0.026  0.023 -0.365
 0.019  0.064 -0.320
 0.019  0.069 -0.290
 0.035  0.109 -0.258
 0.023  0.086 -0.267
-0.074  0.025 -0.401
-0.124 -0.050 -0.448
-0.216 -0.093 -0.538
-0.169 -0.035 -0.480
-0.190 -0.025 -0.467
-0.182 -0.006 -0.471
-0.102 -0.010 -0.575
-0.137 -0.008 -0.471
-0.108  0.006 -0.416
-0.065  0.052 -0.400
-0.188 -0.040 -0.471
-0.140  0.011 -0.453
-0.217 -0.062 -0.518
-0.190 -0.062 -0.500
-0.143 -0.027 -0.467
-0.201 -0.067 -0.541
-0.194 -0.057 -0.526
-0.141 -0.015 -0.456
-0.174 -0.011 -0.470
-0.218 -0.059 -0.545
-0.119  0.029 -0.452
-0.126  0.004 -0.471
-0.135 -0.070 -0.570
-0.134  0.004 -0.444
-0.046  0.106 -0.373
-0.131  0.022 -0.416
-0.210 -0.060 -0.507
-0.081  0.047 -0.393
-0.162 -0.026 -0.451
-0.171 -0.010 -0.464
-0.210 -0.018 -0.491
-0.244 -0.031 -0.520
-0.291 -0.053 -0.563
-0.250 -0.133 -0.731
-0.175  0.028 -0.433
-0.177 -0.006 -0.446
-0.161  0.053 -0.375
-0.274  0.001 -0.482
-0.176  0.090 -0.363
-0.122  0.090 -0.284
-0.091  0.107 -0.294
-0.064  0.061 -0.279
-0.012  0.049 -0.323
-0.007  0.125 -0.240
 0.134  0.212 -0.161
 0.129  0.172 -0.068
 0.104  0.153 -0.095
 0.109  0.161 -0.128
 0.057  0.087 -0.205
 0.164  0.188 -0.098
 0.136  0.170 -0.115
-0.007  0.137 -0.229
-0.034  0.070 -0.272
-0.073 -0.051 -0.477
 0.023  0.068 -0.263
 0.043  0.062 -0.244
 0.040  0.083 -0.204
 0.062  0.114 -0.196
-0.009  0.057 -0.324
 0.014  0.048 -0.315
 0.084  0.125 -0.248
 0.084  0.086 -0.265
 0.054  0.064 -0.269
 0.025  0.053 -0.288
-0.023 -0.071 -0.468
-0.154 -0.061 -0.453
 0.033  0.008 -0.313
-0.002 -0.005 -0.366
 0.010  0.002 -0.334
 0.185  0.149 -0.236
 0.103  0.070 -0.254
 0.157  0.169 -0.183
 0.066  0.061 -0.253
 0.048  0.064 -0.296
 0.042  0.056 -0.288
 0.041  0.064 -0.293
 0.008  0.069 -0.283
-0.046  0.058 -0.333
-0.039  0.042 -0.327
-0.032  0.072 -0.295
-0.075  0.041 -0.354
-0.027  0.034 -0.315
 0.083  0.125 -0.229
 0.035  0.057 -0.234
 0.046  0.083 -0.243
-0.088 -0.031 -0.386
-0.035  0.002 -0.336
-0.023  0.002 -0.335
 0.010  0.062 -0.296
 0.012  0.030 -0.319
-0.003  0.016 -0.306
-0.059 -0.002 -0.356
-0.056 -0.032 -0.371
-0.001  0.034 -0.343
-0.019 -0.004 -0.354
 0.006  0.035 -0.330
-0.078 -0.043 -0.398
-0.091 -0.028 -0.403
-0.099 -0.044 -0.424
-0.079 -0.040 -0.432
-0.104 -0.007 -0.427
-0.045  0.053 -0.342
 0.027  0.104 -0.322
-0.060  0.012 -0.382
 0.037  0.111 -0.290
-0.040  0.028 -0.365
-0.016  0.059 -0.357
-0.033  0.058 -0.353
-0.027  0.050 -0.360
-0.075  0.026 -0.382
-0.104  0.012 -0.404
-0.108  0.025 -0.386
-0.130  0.015 -0.418
-0.142  0.012 -0.415
-0.117  0.042 -0.387
-0.151  0.004 -0.411
-0.111  0.019 -0.366
-0.121  0.006 -0.387
-0.116  0.023 -0.380
-0.113  0.030 -0.383
-0.154 -0.025 -0.435
-0.106  0.050 -0.401
-0.174 -0.069 -0.473
-0.150 -0.058 -0.474
-0.119  0.004 -0.469
-0.241 -0.079 -0.561
-0.272 -0.147 -0.643
-0.390 -0.190 -0.697
-0.349 -0.183 -0.663
-0.350 -0.159 -0.670
-0.260 -0.110 -0.588
-0.311 -0.186 -0.795
-0.218 -0.049 -0.551
-0.234 -0.060 -0.543
-0.179 -0.039 -0.492
-0.221 -0.087 -0.562
-0.151 -0.010 -0.469
-0.190 -0.026 -0.498
-0.116  0.032 -0.449
-0.098  0.036 -0.406
-0.138  0.002 -0.478
-0.026  0.036 -0.420
-0.051  0.008 -0.442
-0.049  0.019 -0.427
-0.025  0.034 -0.394
-0.027  0.054 -0.376
-0.079  0.039 -0.389
-0.126 -0.004 -0.445
-0.031  0.014 -0.400
-0.078  0.007 -0.409
-0.056  0.050 -0.379
-0.139  0.015 -0.453
-0.050  0.058 -0.469
-0.082  0.081 -0.360
-0.143  0.028 -0.423
-0.098 -0.015 -0.435
-0.066 -0.007 -0.405
-0.004  0.105 -0.293
-0.057  0.083 -0.268
 0.003  0.118 -0.218
-0.103  0.048 -0.320
-0.022  0.059 -0.296
-0.026  0.039 -0.308
-0.003  0.108 -0.273
-0.036  0.084 -0.285
-0.025  0.085 -0.263
-0.083  0.059 -0.287
-0.018  0.051 -0.265
-0.012  0.049 -0.240
-0.011  0.057 -0.234
-0.033  0.087 -0.254
-0.041  0.073 -0.253
 0.005  0.106 -0.216
 0.015  0.052 -0.256
 0.017  0.043 -0.281
 0.008  0.060 -0.293
 0.053  0.095 -0.252
 0.018  0.120 -0.247
-0.103  0.052 -0.305
-0.104  0.063 -0.272
-0.059  0.014 -0.297
-0.145 -0.023 -0.361
-0.118 -0.029 -0.394
-0.172 -0.046 -0.409
-0.113  0.034 -0.344
-0.159 -0.011 -0.346
-0.156  0.023 -0.381
-0.245 -0.083 -0.434
-0.165 -0.021 -0.379
-0.255 -0.119 -0.507
-0.161  0.022 -0.403
-0.202 -0.012 -0.389
-0.237  0.002 -0.397
-0.248 -0.056 -0.439
-0.205 -0.081 -0.454
-0.194 -0.024 -0.411
-0.170 -0.043 -0.422
-0.134  0.019 -0.366
-0.110 -0.021 -0.388
-0.195 -0.062 -0.426
-0.335 -0.170 -0.598
-0.262 -0.159 -0.554
-0.195 -0.108 -0.486
-0.184 -0.065 -0.436
-0.168 -0.031 -0.424
-0.116  0.015 -0.354
-0.079  0.007 -0.345
-0.040 -0.079 -0.450
-0.111  0.037 -0.410
-0.084  0.006 -0.388
-0.100  0.008 -0.408
-0.164 -0.010 -0.422
-0.144 -0.010 -0.419
-0.086 -0.085 -0.439
-0.150 -0.046 -0.389
-0.196 -0.046 -0.434
-0.234 -0.065 -0.481
-0.086  0.024 -0.401
-0.149  0.013 -0.397
-0.080  0.062 -0.391
-0.169 -0.086 -0.485
-0.218 -0.024 -0.440
-0.258 -0.057 -0.506
-0.227 -0.021 -0.465
-0.164  0.010 -0.415
-0.205 -0.025 -0.445
-0.109 -0.065 -0.450
-0.173 -0.049 -0.462
-0.078  0.072 -0.357
-0.164 -0.006 -0.451
-0.174 -0.002 -0.441
-0.165  0.037 -0.365
-0.159  0.030 -0.471
-0.029 -0.070 -0.364
-0.203 -0.005 -0.351
-0.191 -0.002 -0.357
-0.235 -0.077 -0.417
-0.253 -0.034 -0.399
-0.205 -0.023 -0.352
-0.237 -0.030 -0.372
-0.232 -0.110 -0.459
-0.192 -0.069 -0.405
-0.083  0.046 -0.285
-0.186 -0.007 -0.404
-0.104  0.052 -0.391
-0.205 -0.034 -0.427
-0.264 -0.047 -0.474
-0.168 -0.060 -0.434
-0.117 -0.070 -0.471
-0.160 -0.036 -0.420
-0.182 -0.040 -0.419
-0.128  0.029 -0.339
-0.119 -0.005 -0.351
-0.072  0.044 -0.322
-0.120 -0.045 -0.366
-0.025 -0.023 -0.342
-0.060  0.002 -0.335
-0.095 -0.038 -0.454
-0.072  0.014 -0.370
-0.042  0.066 -0.313
-0.175 -0.045 -0.425
-0.111 -0.064 -0.434
-0.062 -0.012 -0.333
 0.011  0.035 -0.249
 0.066  0.105 -0.234
 0.003  0.048 -0.260
-0.023  0.069 -0.282
 0.001 -0.004 -0.309
 0.052  0.056 -0.251
-0.021  0.022 -0.345
 0.026  0.075 -0.275
 0.041  0.084 -0.293
-0.010  0.033 -0.324
 0.020  0.051 -0.261
-0.026  0.018 -0.299
 0.050  0.102 -0.244
 0.041  0.074 -0.247
 0.105  0.143 -0.163
-0.017  0.065 -0.260
 0.019  0.066 -0.205
 0.100  0.087 -0.147
 0.064  0.054 -0.260
-0.047  0.005 -0.397
 0.022  0.022 -0.341
-0.026  0.013 -0.418
-0.042 -0.041 -0.422
 0.092 -0.032 -0.474
 0.012 -0.027 -0.355
-0.097 -0.029 -0.393
-0.194 -0.043 -0.552
-0.237 -0.090 -0.584
-0.220 -0.026 -0.525
-0.183 -0.065 -0.511
-0.097 -0.086 -0.511
-0.165 -0.088 -0.554
-0.158 -0.062 -0.498
-0.178 -0.051 -0.535
-0.093 -0.044 -0.455
-0.138 -0.044 -0.476
-0.107 -0.071 -0.468
-0.064 -0.084 -0.458
-0.094 -0.075 -0.469
-0.108 -0.027 -0.454
-0.092  0.024 -0.474
-0.032  0.018 -0.374
 0.010  0.047 -0.319
-0.077 -0.072 -0.469
-0.069 -0.037 -0.481
-0.244 -0.128 -0.592
-0.283 -0.091 -0.538
-0.322 -0.037 -0.543
-0.398 -0.126 -0.587
-0.334 -0.014 -0.496
-0.451 -0.124 -0.574
-0.431 -0.053 -0.496
-0.523 -0.104 -0.600
-0.456 -0.068 -0.544
-0.367 -0.007 -0.431
-0.331 -0.031 -0.562
-0.349  0.009 -0.384
-0.243  0.024 -0.340
-0.288  0.014 -0.381
-0.310  0.017 -0.377
-0.172  0.121 -0.232
-0.241  0.050 -0.282
-0.215  0.085 -0.242
-0.185  0.048 -0.254
-0.205  0.009 -0.339
-0.215  0.072 -0.272
-0.222  0.094 -0.257
-0.216  0.134 -0.198
-0.171  0.126 -0.156
-0.175  0.100 -0.184
-0.204  0.041 -0.214
-0.183  0.091 -0.225
-0.219  0.053 -0.248
-0.240  0.103 -0.216
-0.345  0.006 -0.305
-0.316  0.078 -0.220
-0.295 -0.031 -0.298
-0.322 -0.036 -0.335
-0.354  0.011 -0.286
-0.385  0.013 -0.335
-0.291  0.069 -0.219
-0.275 -0.013 -0.278
-0.250 -0.011 -0.273
-0.286 -0.044 -0.274
-0.267  0.025 -0.245
-0.379  0.008 -0.275
-0.403 -0.042 -0.373
-0.434 -0.020 -0.377
-0.414 -0.017 -0.331
-0.481 -0.142 -0.509
-0.388 -0.103 -0.556
-0.512 -0.076 -0.461
-0.493 -0.074 -0.479
-0.566 -0.075 -0.504
-0.636 -0.135 -0.582
-0.560 -0.160 -0.566
-0.588 -0.239 -0.646
-0.585 -0.165 -0.603
-0.561 -0.135 -0.562
-0.497 -0.106 -0.527
-0.572 -0.119 -0.570
-0.538 -0.171 -0.680
-0.486 -0.164 -0.560
-0.487 -0.160 -0.560
-0.517 -0.181 -0.637
-0.561 -0.218 -0.711
-0.502 -0.090 -0.588
-0.485 -0.122 -0.568
-0.539 -0.160 -0.648
-0.545 -0.186 -0.675
-0.491 -0.230 -0.700
-0.497 -0.209 -0.716
-0.490 -0.142 -0.674
-0.470 -0.098 -0.692
-0.576 -0.177 -0.756
-0.422 -0.055 -0.593
-0.381 -0.099 -0.586
-0.302 -0.125 -0.658
-0.354 -0.053 -0.511
-0.321 -0.000 -0.463
-0.309  0.049 -0.406
-0.378 -0.041 -0.460
-0.322  0.007 -0.436
-0.306 -0.066 -0.438
-0.298  0.002 -0.429
-0.349 -0.013 -0.467
-0.372 -0.059 -0.542
-0.350 -0.030 -0.494
-0.329 -0.074 -0.580
-0.307 -0.059 -0.502
-0.312 -0.129 -0.566
-0.302 -0.061 -0.509
-0.332 -0.026 -0.500
-0.204  0.061 -0.469
-0.291 -0.014 -0.469
-0.235  0.030 -0.443
-0.274 -0.091 -0.534
-0.233  0.011 -0.450
-0.312  0.003 -0.488
-0.266  0.025 -0.443
-0.205  0.058 -0.368
-0.245  0.045 -0.374
-0.100  0.057 -0.299
-0.192 -0.005 -0.435
-0.157  0.089 -0.386
-0.254  0.007 -0.458
-0.142  0.085 -0.317
-0.196  0.024 -0.373
-0.154 -0.035 -0.431
-0.067  0.051 -0.301
-0.114  0.074 -0.304
-0.095  0.131 -0.320
-0.096  0.093 -0.311
-0.050  0.167 -0.275
-0.106  0.063 -0.337
-0.070  0.043 -0.345
-0.074  0.066 -0.313
-0.093  0.054 -0.424
-0.067  0.130 -0.230
-0.105  0.123 -0.267
-0.116  0.057 -0.306
-0.145  0.018 -0.358
-0.044  0.122 -0.275
-0.107  0.100 -0.304
-0.057  0.111 -0.358
-0.071  0.170 -0.205
-0.141  0.099 -0.271
-0.136  0.058 -0.308
-0.151  0.084 -0.287
-0.046  0.213 -0.189
-0.072  0.202 -0.138
-0.101  0.171 -0.209
-0.094  0.181 -0.144
-0.141  0.150 -0.181
-0.125  0.065 -0.259
-0.090  0.060 -0.267
-0.089  0.134 -0.188
-0.186  0.127 -0.246
-0.082  0.175 -0.189
-0.146  0.118 -0.193
-0.093  0.119 -0.163
-0.072  0.011 -0.250
-0.130  0.002 -0.423
-0.370 -0.056 -0.486
-0.373 -0.050 -0.508
-0.356 -0.062 -0.480
-0.415 -0.123 -0.560
-0.262 -0.057 -0.500
-0.327 -0.126 -0.529
-0.322 -0.062 -0.499
-0.401 -0.103 -0.541
-0.331 -0.066 -0.452
-0.308 -0.033 -0.385
-0.329 -0.159 -0.599
-0.323 -0.077 -0.482
-0.248 -0.022 -0.412
-0.227  0.004 -0.388
-0.273 -0.047 -0.453
-0.283 -0.035 -0.440
-0.305 -0.080 -0.485
-0.177  0.011 -0.409
-0.250 -0.044 -0.483
-0.197  0.017 -0.422
-0.106  0.062 -0.345
-0.170 -0.038 -0.459
-0.138 -0.004 -0.355
-0.149 -0.033 -0.380
-0.101  0.031 -0.312
-0.157  0.013 -0.357
-0.053  0.094 -0.300
-0.080 -0.001 -0.320
-0.115  0.018 -0.337
-0.154 -0.106 -0.479
-0.185 -0.068 -0.466
-0.138 -0.030 -0.422
-0.070  0.062 -0.452
-0.103 -0.007 -0.455
-0.050  0.008 -0.355
-0.068 -0.049 -0.429
-0.154 -0.068 -0.509
-0.117  0.011 -0.478
-0.178 -0.045 -0.509
-0.111  0.046 -0.460
-0.187 -0.043 -0.537
-0.293 -0.112 -0.653
-0.163 -0.174 -0.647
-0.167 -0.138 -0.646
-0.242 -0.082 -0.582
-0.280 -0.112 -0.676
-0.196 -0.042 -0.580
-0.231 -0.109 -0.609
-0.165 -0.054 -0.556
-0.214 -0.113 -0.628
-0.258 -0.112 -0.666
-0.238 -0.086 -0.600
-0.131 -0.032 -0.549
-0.212 -0.074 -0.580
-0.106 -0.094 -0.701
-0.084 -0.030 -0.519
-0.084 -0.046 -0.586
-0.114 -0.025 -0.596
-0.149 -0.092 -0.594
-0.166 -0.072 -0.623
-0.112 -0.061 -0.519
-0.118 -0.034 -0.488
 0.007 -0.018 -0.434
-0.032 -0.098 -0.648
-0.120 -0.061 -0.512
 0.073  0.072 -0.320
 0.173  0.152 -0.204
 0.145  0.080 -0.236
 0.140  0.076 -0.277
 0.151  0.040 -0.278
 0.087  0.065 -0.325
 0.092  0.044 -0.306
 0.054  0.036 -0.363
 0.025  0.040 -0.367
 0.043  0.039 -0.344
 0.100  0.070 -0.254
 0.193  0.087 -0.335
 0.099  0.056 -0.305
 0.065  0.048 -0.376
 0.056  0.055 -0.370
 0.088  0.072 -0.310
 0.131  0.076 -0.292
 0.035  0.010 -0.376
-0.023  0.038 -0.385
-0.046  0.027 -0.365
-0.099 -0.057 -0.526
-0.067  0.021 -0.406
-0.074 -0.001 -0.422
 0.045  0.001 -0.382
-0.004  0.004 -0.402
 0.060  0.118 -0.314
-0.015  0.061 -0.377
 0.038  0.122 -0.314
 0.003  0.071 -0.319
 0.122  0.009 -0.372
-0.238 -0.060 -0.549
-0.326 -0.075 -0.616
-0.252  0.010 -0.506
-0.157  0.012 -0.473
-0.130  0.040 -0.395
-0.113  0.030 -0.412
-0.277 -0.036 -0.562
-0.111  0.060 -0.387
-0.092  0.085 -0.366
-0.121  0.035 -0.396
-0.092 -0.043 -0.565
-0.158 -0.047 -0.505
-0.172 -0.053 -0.537
-0.112  0.028 -0.496
-0.142 -0.004 -0.485
-0.192 -0.044 -0.530
-0.181 -0.055 -0.526
-0.176 -0.070 -0.542
-0.283 -0.159 -0.665
-0.251 -0.116 -0.623
-0.132 -0.010 -0.555
-0.193 -0.066 -0.556
-0.142 -0.006 -0.507
-0.229 -0.116 -0.630
-0.080 -0.050 -0.515
-0.085 -0.025 -0.515
-0.161 -0.046 -0.605
-0.174 -0.008 -0.568
-0.182 -0.057 -0.535
-0.052  0.047 -0.429
-0.131 -0.042 -0.496
-0.110 -0.018 -0.473
-0.069  0.011 -0.427
-0.097 -0.034 -0.596
-0.106 -0.001 -0.477
 0.013  0.059 -0.463
-0.041  0.026 -0.412
-0.120 -0.020 -0.526
-0.141 -0.024 -0.531
-0.153 -0.020 -0.534
-0.032  0.092 -0.475
 0.050  0.122 -0.339
 0.038  0.152 -0.327
-0.020  0.054 -0.393
-0.061  0.042 -0.424
-0.183 -0.045 -0.574
-0.176 -0.023 -0.562
-0.173 -0.049 -0.553
-0.117 -0.024 -0.500
-0.125 -0.039 -0.497
-0.077 -0.023 -0.446
-0.159 -0.072 -0.543
-0.189 -0.102 -0.604
-0.123 -0.028 -0.550
-0.103 -0.036 -0.480
-0.080  0.002 -0.401
-0.074 -0.017 -0.412
-0.081 -0.102 -0.620
-0.164 -0.061 -0.494
-0.122 -0.023 -0.459
-0.120 -0.006 -0.482
-0.103 -0.002 -0.448
-0.027  0.067 -0.403
-0.091 -0.020 -0.447
-0.045  0.016 -0.392
-0.103 -0.032 -0.458
-0.026  0.039 -0.468
-0.139 -0.028 -0.479
-0.164 -0.072 -0.486
-0.158 -0.079 -0.498
-0.231 -0.141 -0.579
-0.192 -0.098 -0.580
-0.100 -0.065 -0.466
-0.125 -0.073 -0.520
-0.243 -0.135 -0.635
-0.140 -0.114 -0.561
-0.095 -0.062 -0.460
-0.086 -0.077 -0.456
-0.068 -0.057 -0.441
-0.152 -0.099 -0.515
-0.055  0.016 -0.430
-0.151 -0.066 -0.484
-0.125 -0.017 -0.432
-0.126 -0.050 -0.448
-0.135 -0.056 -0.465
-0.128 -0.049 -0.457
-0.065 -0.006 -0.434
-0.056  0.016 -0.438
-0.053  0.010 -0.434
-0.069  0.009 -0.401
-0.092 -0.061 -0.459
-0.080 -0.044 -0.473
-0.178 -0.128 -0.562
-0.096 -0.048 -0.484
-0.133 -0.079 -0.522
-0.092 -0.081 -0.485
-0.130 -0.088 -0.512
-0.129 -0.120 -0.562
-0.171 -0.136 -0.619
-0.090 -0.079 -0.520
-0.018 -0.000 -0.514
 0.026 -0.011 -0.392
 0.012  0.008 -0.428
-0.010 -0.060 -0.445
 0.032 -0.048 -0.435
-0.024 -0.066 -0.463
 0.023 -0.000 -0.374
 0.036  0.024 -0.393
 0.060  0.033 -0.363
 0.104  0.072 -0.297
 0.108  0.043 -0.329
 0.115  0.073 -0.349
 0.080  0.051 -0.350
 0.127  0.116 -0.264
 0.012  0.045 -0.372
-0.056 -0.026 -0.421
-0.010 -0.024 -0.376
 0.150 -0.007 -0.420
-0.000 -0.019 -0.371
-0.003  0.005 -0.390
 0.008  0.051 -0.381
-0.016  0.021 -0.406
 0.036  0.071 -0.345
 0.031  0.031 -0.338
 0.021  0.065 -0.328
-0.105 -0.053 -0.474
-0.069 -0.023 -0.459
-0.020 -0.016 -0.405
 0.001 -0.045 -0.463
 0.025 -0.032 -0.420
 0.051 -0.029 -0.425
 0.047  0.014 -0.387
 0.055  0.037 -0.363
 0.124  0.110 -0.314
 0.023  0.010 -0.331
 0.091  0.059 -0.254
-0.026 -0.038 -0.364
 0.024 -0.015 -0.356
 0.064  0.048 -0.293
 0.111  0.002 -0.335
 0.128  0.076 -0.209
 0.073  0.010 -0.320
 0.061  0.022 -0.344
 0.018  0.010 -0.394
 0.059  0.058 -0.444
-0.021 -0.005 -0.441
 0.020  0.047 -0.398
-0.069 -0.047 -0.478
-0.067 -0.026 -0.439
-0.075 -0.039 -0.482
-0.101 -0.026 -0.489
-0.056  0.001 -0.461
-0.053  0.003 -0.455
-0.007  0.038 -0.382
 0.001  0.002 -0.411
 0.058  0.038 -0.291
-0.025  0.020 -0.296
-0.040  0.049 -0.309
-0.222 -0.005 -0.380
-0.242  0.004 -0.357
-0.234 -0.065 -0.379
-0.230 -0.087 -0.403
-0.215 -0.052 -0.390
-0.203 -0.025 -0.392
-0.149  0.016 -0.377
-0.178 -0.007 -0.412
-0.274 -0.060 -0.475
-0.205 -0.068 -0.422
-0.108  0.013 -0.347
-0.110 -0.054 -0.385
-0.138 -0.085 -0.487
-0.189 -0.030 -0.433
-0.172 -0.038 -0.429
-0.188 -0.038 -0.408
-0.117 -0.039 -0.366
-0.030  0.033 -0.323
-0.152 -0.070 -0.450
-0.128 -0.008 -0.394
-0.050  0.046 -0.348
-0.106 -0.066 -0.538
-0.106  0.013 -0.382
-0.085 -0.032 -0.394
-0.134 -0.037 -0.409
-0.081  0.003 -0.378
-0.000  0.083 -0.337
-0.054  0.032 -0.353
