-0.218 -0.071 -1.211
-0.196 -0.079 -1.240
-0.181 -0.055 -1.108
-0.190 -0.046 -1.055
-0.175  0.002 -1.073
-0.220 -0.059 -1.086
-0.197 -0.122 -1.226
-0.264 -0.040 -1.180
-0.284 -0.064 -1.245
-0.279 -0.052 -1.238
-0.259 -0.041 -1.227
-0.240  0.005 -1.157
-0.343 -0.081 -1.306
-0.244  0.013 -1.198
-0.320 -0.086 -1.274
-0.307 -0.058 -1.326
-0.391 -0.118 -1.400
-0.300 -0.055 -1.177
-0.252 -0.024 -1.110
-0.315 -0.168 -1.518
-0.262 -0.049 -1.271
-0.263 -0.166 -1.477
-0.288 -0.068 -1.235
-0.249 -0.074 -1.157
-0.253 -0.062 -1.194
-0.219 -0.051 -1.170
-0.230 -0.013 -1.221
-0.260 -0.046 -1.255
-0.212  0.041 -1.285
-0.399 -0.111 -1.557
-0.376 -0.089 -1.582
-0.384 -0.090 -1.620
-0.405 -0.205 -1.814
-0.473 -0.147 -1.795
-0.452 -0.151 -1.795
-0.397 -0.122 -1.740
-0.363 -0.130 -1.667
-0.285 -0.035 -1.599
-0.360 -0.130 -1.670
-0.349 -0.116 -1.731
-0.402 -0.161 -1.844
-0.385 -0.248 -1.969
-0.405 -0.138 -1.777
-0.383 -0.140 -1.772
-0.395 -0.120 -1.795
-0.383 -0.116 -1.760
-0.375 -0.105 -1.661
-0.394 -0.140 -1.771
-0.252 -0.011 -1.566
-0.249 -0.051 -1.516
-0.162  0.047 -1.519
-0.308 -0.062 -1.592
-0.196  0.057 -1.451
-0.300 -0.065 -1.523
-0.211  0.009 -1.455
-0.251 -0.040 -1.495
-0.272 -0.037 -1.510
-0.349 -0.094 -1.616
-0.336 -0.076 -1.569
-0.315 -0.086 -1.611
-0.283 -0.081 -1.617
-0.278 -0.080 -1.615
-0.276 -0.073 -1.556
-0.191  0.024 -1.461
-0.288 -0.063 -1.566
-0.220  0.023 -1.503
-0.236 -0.016 -1.492
-0.242  0.016 -1.419
-0.281 -0.050 -1.444
-0.257 -0.038 -1.445
-0.234 -0.020 -1.426
-0.241 -0.051 -1.488
-0.256 -0.040 -1.478
-0.130  0.009 -1.509
-0.215 -0.022 -1.481
-0.184  0.023 -1.422
-0.190  0.027 -1.430
-0.223  0.017 -1.462
-0.275 -0.007 -1.539
-0.305 -0.034 -1.602
-0.206  0.075 -1.524
-0.262 -0.008 -1.475
-0.174  0.084 -1.386
-0.211  0.011 -1.356
-0.134  0.097 -1.381
-0.189  0.008 -1.441
-0.200  0.047 -1.519
-0.432 -0.125 -1.873
-0.406 -0.087 -1.856
-0.444 -0.143 -1.915
-0.365 -0.059 -1.877
-0.431 -0.122 -1.882
-0.400 -0.069 -1.927
-0.435 -0.153 -1.956
-0.312 -0.062 -1.813
-0.114  0.033 -1.240
-0.061  0.099 -1.201
-0.140  0.018 -1.256
-0.135  0.048 -1.294
-0.181  0.017 -1.278
-0.141  0.079 -1.225
-0.190  0.032 -1.244
-0.146  0.070 -1.221
-0.155  0.053 -1.254
-0.133  0.066 -1.273
-0.169  0.028 -1.281
-0.167  0.025 -1.299
-0.150  0.055 -1.287
-0.156  0.004 -1.391
-0.141  0.077 -1.258
-0.178  0.043 -1.322
-0.214  0.045 -1.308
-0.209 -0.066 -1.516
-0.241  0.034 -1.425
-0.137  0.042 -1.489
-0.236  0.053 -1.402
-0.235 -0.058 -1.691
-0.303 -0.004 -1.514
-0.316 -0.043 -1.602
-0.332 -0.065 -1.595
-0.305 -0.013 -1.422
-0.322  0.005 -1.330
-0.318  0.049 -1.462
-0.374 -0.002 -1.433
-0.463 -0.127 -1.713
-0.432 -0.000 -1.492
-0.401  0.036 -1.362
-0.448 -0.006 -1.448
-0.444  0.012 -1.481
-0.461 -0.016 -1.512
-0.431  0.037 -1.571
-0.540 -0.027 -1.635
-0.450  0.076 -1.479
-0.526 -0.009 -1.537
-0.474  0.041 -1.562
-0.518 -0.030 -1.531
-0.481  0.033 -1.491
-0.535 -0.043 -1.566
-0.475 -0.004 -1.474
-0.530 -0.068 -1.616
-0.428  0.011 -1.478
-0.500 -0.037 -1.561
-0.464  0.027 -1.513
-0.519 -0.036 -1.601
-0.519  0.007 -1.628
-0.550 -0.042 -1.639
-0.448  0.063 -1.471
-0.489  0.040 -1.353
-0.385  0.158 -1.328
-0.429  0.065 -1.337
-0.368  0.135 -1.334
-0.410  0.053 -1.269
-0.340  0.144 -1.196
-0.432  0.047 -1.267
-0.364  0.144 -1.313
-0.480  0.018 -1.418
-0.452  0.070 -1.361
-0.480  0.026 -1.294
-0.368  0.131 -1.210
-0.511  0.003 -1.450
-0.402  0.083 -1.264
-0.449  0.044 -1.242
-0.433  0.056 -1.097
-0.534 -0.031 -1.402
-0.522 -0.091 -1.477
-0.460 -0.005 -1.307
-0.553 -0.051 -1.464
-0.574 -0.050 -1.454
-0.625 -0.062 -1.493
-0.593 -0.042 -1.439
-0.513 -0.066 -1.536
-0.572 -0.034 -1.434
-0.597 -0.087 -1.539
-0.608 -0.077 -1.543
-0.585 -0.077 -1.500
-0.453  0.057 -1.327
-0.467  0.009 -1.246
-0.421  0.057 -1.232
-0.503 -0.029 -1.356
-0.547 -0.079 -1.448
-0.510 -0.024 -1.358
-0.453  0.033 -1.431
-0.558 -0.032 -1.379
-0.640 -0.087 -1.534
-0.640 -0.089 -1.495
-0.615 -0.067 -1.471
-0.513  0.050 -1.345
-0.649 -0.088 -1.491
-0.600 -0.018 -1.394
-0.616 -0.063 -1.356
-0.628 -0.137 -1.543
-0.571 -0.026 -1.368
-0.570 -0.109 -1.592
-0.640 -0.050 -1.488
-0.567  0.033 -1.496
-0.611 -0.029 -1.519
-0.579 -0.096 -1.573
-0.614 -0.017 -1.458
-0.601 -0.053 -1.463
-0.604 -0.022 -1.398
-0.629 -0.045 -1.474
-0.642 -0.051 -1.532
-0.573 -0.018 -1.364
-0.533  0.010 -1.256
-0.507  0.007 -1.237
-0.513  0.032 -1.341
-0.504 -0.005 -1.262
-0.473  0.025 -1.134
-0.525 -0.040 -1.201
-0.519 -0.109 -1.374
-0.544 -0.026 -1.301
-0.496 -0.071 -1.268
-0.471  0.028 -1.103
-0.557 -0.061 -1.277
-0.528  0.002 -1.136
-0.554 -0.071 -1.329
-0.627 -0.049 -1.475
-0.594 -0.038 -1.356
-0.656 -0.077 -1.422
-0.576 -0.100 -1.387
-0.570 -0.024 -1.265
-0.482 -0.085 -1.379
-0.589 -0.040 -1.339
-0.533 -0.017 -1.197
-0.585 -0.059 -1.324
-0.559 -0.026 -1.228
-0.553 -0.005 -1.265
-0.518 -0.008 -1.134
-0.509  0.014 -1.237
-0.491  0.013 -1.138
-0.542 -0.000 -1.294
-0.483  0.035 -1.081
-0.503  0.083 -1.121
-0.573  0.017 -1.217
-0.486  0.102 -1.164
-0.563 -0.003 -1.255
-0.582  0.024 -1.329
-0.581  0.010 -1.204
-0.509  0.074 -1.090
-0.554  0.025 -1.218
-0.494  0.014 -1.167
-0.456  0.072 -1.046
-0.513 -0.072 -1.326
-0.555  0.017 -1.232
-0.564  0.019 -1.230
-0.532  0.038 -1.195
-0.555  0.016 -1.209
-0.604 -0.012 -1.278
-0.638 -0.017 -1.342
-0.571  0.029 -1.271
-0.658 -0.063 -1.402
-0.551  0.043 -1.331
-0.716 -0.098 -1.493
-0.594  0.008 -1.379
-0.618 -0.053 -1.267
-0.601 -0.013 -1.322
-0.703 -0.108 -1.393
-0.719 -0.090 -1.409
-0.712 -0.098 -1.360
-0.680 -0.202 -1.266
-0.693 -0.085 -1.434
-0.605 -0.075 -1.351
-0.690 -0.076 -1.391
-0.746 -0.150 -1.655
-0.783 -0.163 -1.596
-0.688 -0.079 -1.500
-0.758 -0.159 -1.678
-0.768 -0.094 -1.642
-0.813 -0.167 -1.551
-0.759 -0.066 -1.543
-0.816 -0.160 -1.574
-0.805 -0.125 -1.518
-0.789 -0.126 -1.508
-0.749 -0.102 -1.447
-0.771 -0.127 -1.528
-0.791 -0.118 -1.560
-0.818 -0.152 -1.624
-0.799 -0.092 -1.504
-0.798 -0.092 -1.505
-0.782 -0.068 -1.426
-0.720 -0.010 -1.445
-0.883 -0.115 -1.518
-0.937 -0.232 -1.668
-0.956 -0.161 -1.532
-0.945 -0.232 -1.690
-0.909 -0.129 -1.495
-0.898 -0.143 -1.474
-0.916 -0.079 -1.429
-0.862 -0.075 -1.560
-0.933 -0.098 -1.519
-0.946 -0.118 -1.558
-0.865 -0.076 -1.460
-0.933 -0.125 -1.594
-0.872 -0.099 -1.500
-0.851 -0.088 -1.508
-0.897 -0.118 -1.651
-0.876 -0.117 -1.644
-0.855 -0.103 -1.520
-0.902 -0.130 -1.621
-0.771 -0.016 -1.452
-0.860 -0.092 -1.592
-0.766 -0.008 -1.599
-0.885 -0.111 -1.705
-0.885 -0.093 -1.727
-0.931 -0.145 -1.844
-0.915 -0.245 -2.058
-0.891 -0.155 -1.868
-0.827 -0.137 -1.967
-0.897 -0.165 -1.870
-0.855 -0.142 -1.873
-0.857 -0.133 -1.880
-0.776 -0.096 -1.741
-0.754 -0.038 -1.656
-0.829 -0.104 -1.680
-0.819 -0.053 -1.735
-0.875 -0.141 -1.751
-0.906 -0.163 -1.929
-0.914 -0.174 -1.823
-0.914 -0.185 -1.839
-0.940 -0.181 -1.849
-0.891 -0.153 -1.788
-0.836 -0.139 -1.761
-0.726 -0.078 -1.679
-0.677  0.004 -1.528
-0.657  0.072 -1.403
-0.720  0.001 -1.544
-0.665  0.043 -1.522
-0.675  0.004 -1.545
-0.642  0.012 -1.511
-0.646  0.025 -1.466
-0.704 -0.019 -1.656
-0.639 -0.004 -1.528
-0.662 -0.048 -1.642
-0.600  0.003 -1.581
-0.667 -0.073 -1.712
-0.691 -0.099 -1.748
-0.758 -0.119 -1.826
-0.722 -0.104 -1.754
-0.643 -0.056 -1.669
-0.756 -0.161 -1.939
-0.634 -0.028 -1.759
-0.670 -0.088 -1.640
-0.607  0.010 -1.493
-0.696 -0.086 -1.579
-0.682 -0.070 -1.650
-0.684 -0.091 -1.654
-0.670 -0.031 -1.585
-0.690 -0.036 -1.604
-0.638 -0.002 -1.503
-0.687 -0.038 -1.696
-0.693 -0.064 -1.744
-0.602  0.052 -1.620
-0.663 -0.012 -1.587
-0.602  0.043 -1.512
-0.654 -0.024 -1.747
-0.709 -0.135 -2.182
-0.654 -0.067 -2.216
-0.588  0.031 -2.077
-0.711 -0.076 -2.242
-0.614 -0.036 -2.202
-0.567  0.021 -2.202
-0.571 -0.013 -2.215
-0.534  0.055 -2.237
-0.618 -0.043 -2.330
-0.692 -0.094 -2.534
-0.705 -0.097 -2.585
-0.639 -0.107 -2.513
-0.636 -0.021 -2.312
-0.677 -0.070 -2.395
-0.774 -0.138 -2.626
-0.667 -0.076 -2.426
-0.624 -0.020 -2.325
-0.646 -0.064 -2.404
-0.494  0.044 -2.310
-0.621 -0.095 -2.518
-0.529  0.025 -2.394
-0.639 -0.071 -2.492
-0.525  0.001 -2.415
-0.495  0.003 -2.384
-0.520 -0.030 -2.551
-0.599 -0.049 -2.677
-0.570 -0.096 -2.771
-0.520  0.011 -2.613
-0.513  0.005 -2.757
-0.492  0.025 -2.812
-0.463  0.034 -2.787
-0.329  0.141 -2.711
-0.403  0.055 -2.837
-0.453 -0.004 -3.119
-0.475 -0.014 -3.220
-0.434 -0.078 -3.356
-0.401  0.028 -3.064
-0.421  0.023 -3.073
-0.393  0.047 -3.098
-0.454 -0.027 -3.230
-0.376  0.070 -3.231
-0.525 -0.063 -3.406
-0.491 -0.007 -3.343
-0.566 -0.077 -3.483
-0.611 -0.103 -3.656
-0.613 -0.115 -3.690
-0.600 -0.075 -3.618
-0.561 -0.049 -3.484
-0.627 -0.108 -3.602
-0.613 -0.099 -3.546
-0.682 -0.140 -3.667
-0.636 -0.070 -3.479
-0.706 -0.127 -3.535
-0.607 -0.026 -3.369
-0.641 -0.072 -3.317
-0.617 -0.111 -3.301
-0.606 -0.044 -3.193
-0.613 -0.041 -3.133
-0.586 -0.008 -3.014
-0.599 -0.019 -3.018
-0.605  0.016 -3.128
-0.659 -0.070 -3.052
-0.626 -0.007 -3.068
-0.677 -0.092 -3.008
-0.650 -0.056 -2.957
-0.605 -0.050 -2.824
-0.608 -0.026 -2.772
-0.571 -0.008 -2.620
-0.568 -0.078 -2.696
-0.605 -0.045 -2.691
-0.628 -0.045 -2.708
-0.621 -0.044 -2.639
-0.647 -0.064 -2.668
-0.623 -0.068 -2.628
-0.634 -0.112 -2.669
-0.591 -0.046 -2.688
-0.625 -0.101 -2.556
-0.556  0.006 -2.458
-0.604 -0.045 -2.411
-0.588 -0.045 -2.443
-0.610 -0.086 -2.495
-0.645 -0.123 -2.553
-0.634 -0.104 -2.422
-0.615 -0.198 -2.592
-0.621 -0.093 -2.378
-0.561 -0.036 -2.346
-0.582 -0.083 -2.266
-0.490 -0.105 -2.304
-0.570 -0.039 -2.132
-0.499  0.021 -2.067
-0.589 -0.091 -2.251
-0.575 -0.061 -2.188
-0.570 -0.069 -2.050
-0.516 -0.048 -1.943
-0.484 -0.029 -1.926
-0.517 -0.065 -1.990
-0.375  0.072 -1.822
-0.421  0.007 -1.737
-0.459  0.025 -1.853
-0.531 -0.046 -1.947
-0.562 -0.104 -2.074
-0.581 -0.095 -2.069
-0.580 -0.181 -2.168
-0.571 -0.076 -2.008
-0.572 -0.150 -2.086
-0.501 -0.011 -1.744
-0.531 -0.024 -1.821
-0.491 -0.009 -1.767
-0.462 -0.034 -1.842
-0.446 -0.011 -1.805
-0.449  0.001 -1.811
-0.439  0.007 -1.764
-0.467 -0.080 -1.954
-0.517 -0.080 -2.020
-0.424 -0.032 -2.059
-0.502 -0.061 -2.001
-0.487 -0.048 -1.908
-0.442 -0.025 -1.852
-0.451 -0.061 -1.911
-0.497 -0.105 -2.025
-0.525 -0.125 -2.085
-0.444 -0.049 -1.927
-0.442 -0.065 -1.936
-0.379  0.023 -1.911
-0.418 -0.013 -1.791
-0.351  0.033 -1.802
-0.403 -0.007 -1.879
-0.356  0.045 -1.773
-0.419 -0.039 -1.911
-0.386 -0.016 -1.983
-0.386 -0.036 -1.942
-0.327  0.040 -1.887
-0.289  0.043 -1.776
-0.130  0.215 -1.484
-0.191  0.135 -1.571
-0.043  0.215 -1.312
-0.088  0.171 -1.375
-0.143  0.185 -1.593
-0.195  0.110 -1.600
-0.078  0.213 -1.537
-0.203  0.120 -1.578
-0.130  0.175 -1.490
-0.125  0.181 -1.460
-0.087  0.188 -1.448
-0.098  0.174 -1.517
-0.084  0.196 -1.410
-0.116  0.172 -1.463
-0.099  0.187 -1.454
-0.120  0.143 -1.523
-0.123  0.137 -1.581
-0.247  0.044 -1.752
-0.307  0.022 -1.795
-0.299 -0.049 -1.846
-0.303 -0.012 -1.839
-0.248  0.030 -1.818
-0.268  0.013 -1.774
-0.191  0.108 -1.712
-0.284 -0.003 -1.802
-0.143  0.105 -1.730
-0.125  0.070 -1.622
-0.068  0.090 -1.540
 0.029  0.143 -1.528
-0.108  0.052 -1.601
-0.162  0.015 -1.981
-0.168 -0.019 -1.777
-0.086  0.071 -1.601
-0.150  0.008 -1.696
-0.104  0.066 -1.604
-0.124  0.037 -1.664
-0.116  0.058 -1.638
-0.135  0.037 -1.626
-0.118  0.068 -1.607
-0.112  0.075 -1.547
-0.115  0.077 -1.599
-0.108  0.066 -1.565
-0.137  0.055 -1.655
-0.119  0.063 -1.602
-0.110  0.107 -1.673
-0.151  0.062 -1.719
-0.082  0.148 -1.767
-0.162  0.061 -1.760
-0.122  0.122 -1.773
-0.161  0.063 -1.825
-0.176  0.044 -1.831
-0.206  0.006 -1.837
-0.207  0.033 -1.805
-0.162  0.042 -1.648
-0.166  0.021 -1.772
-0.209  0.004 -1.864
-0.159  0.009 -1.815
-0.168  0.047 -1.795
-0.154 -0.016 -1.850
-0.150  0.060 -1.670
-0.201  0.017 -1.783
-0.233  0.011 -1.829
-0.235  0.026 -1.734
-0.274  0.030 -1.731
-0.322 -0.026 -1.801
-0.279  0.022 -1.832
-0.347 -0.043 -1.867
-0.350 -0.008 -1.817
-0.311 -0.022 -1.796
-0.275 -0.002 -1.757
-0.266 -0.022 -1.769
-0.266 -0.037 -1.792
-0.246  0.008 -1.780
-0.283 -0.016 -1.787
-0.214  0.063 -1.774
-0.281 -0.016 -1.819
-0.316 -0.036 -1.930
-0.262 -0.033 -1.793
-0.175  0.016 -1.599
-0.198 -0.014 -1.643
-0.250 -0.129 -1.981
-0.274 -0.058 -1.864
-0.267 -0.038 -1.865
-0.247 -0.015 -1.802
-0.246 -0.009 -1.767
-0.327 -0.030 -1.947
-0.354 -0.083 -2.014
-0.363 -0.052 -2.157
-0.484 -0.160 -2.319
-0.427 -0.101 -2.188
-0.435 -0.126 -2.167
-0.310 -0.080 -2.169
-0.351 -0.078 -2.042
-0.366 -0.106 -2.104
-0.375 -0.095 -2.098
-0.373 -0.102 -2.107
-0.308 -0.047 -2.086
-0.405 -0.135 -2.190
-0.386 -0.109 -2.146
-0.479 -0.163 -2.254
-0.290 -0.062 -2.138
-0.367 -0.091 -2.119
-0.340 -0.101 -2.108
-0.348 -0.086 -2.069
-0.381 -0.126 -2.170
-0.264 -0.028 -2.075
-0.363 -0.143 -2.182
-0.202 -0.014 -1.812
-0.207 -0.044 -1.824
-0.210 -0.058 -1.897
-0.236 -0.043 -1.941
-0.223 -0.045 -1.878
-0.206 -0.018 -1.822
-0.185 -0.017 -1.842
-0.155  0.037 -1.668
-0.111  0.050 -1.573
-0.185  0.008 -1.789
-0.240 -0.050 -1.880
-0.300 -0.072 -2.000
-0.292 -0.066 -1.939
-0.298 -0.074 -2.032
-0.283 -0.073 -2.124
-0.301 -0.087 -2.235
-0.396 -0.109 -2.440
-0.346 -0.090 -2.404
-0.246  0.000 -2.329
-0.281 -0.054 -2.290
-0.253 -0.049 -2.270
-0.321 -0.070 -2.312
-0.161 -0.066 -2.170
-0.246 -0.040 -2.131
-0.198 -0.025 -2.083
-0.260 -0.045 -2.153
-0.214 -0.018 -2.029
-0.204 -0.005 -1.939
-0.277 -0.065 -2.125
-0.212  0.010 -2.143
-0.292 -0.084 -2.154
-0.192  0.033 -1.946
-0.266 -0.061 -2.063
-0.193 -0.008 -1.860
-0.224 -0.013 -1.921
-0.301 -0.102 -2.191
-0.313 -0.072 -2.113
-0.301 -0.054 -2.048
-0.346 -0.071 -2.182
-0.370 -0.096 -2.262
-0.240 -0.001 -1.984
-0.226  0.007 -1.811
-0.261  0.045 -1.985
-0.442 -0.122 -2.293
-0.408 -0.115 -2.222
-0.300 -0.038 -1.942
-0.291 -0.048 -1.883
-0.327 -0.043 -1.901
-0.399 -0.088 -2.110
-0.372 -0.056 -2.018
-0.370 -0.079 -2.005
-0.341 -0.036 -1.899
-0.341 -0.059 -1.954
-0.261  0.034 -1.929
-0.333 -0.059 -1.908
-0.312 -0.022 -1.846
-0.342 -0.048 -1.807
-0.396 -0.080 -1.933
-0.368 -0.068 -1.894
-0.267  0.026 -1.862
-0.386 -0.057 -1.905
-0.363  0.002 -1.809
-0.363 -0.014 -1.732
-0.347 -0.035 -1.761
-0.344 -0.026 -1.731
-0.334 -0.050 -1.767
-0.320 -0.032 -1.693
-0.350 -0.048 -1.673
-0.249  0.056 -1.559
-0.362 -0.073 -1.743
-0.406 -0.086 -1.944
-0.360 -0.074 -1.760
-0.357 -0.049 -1.720
-0.375 -0.073 -1.748
-0.317 -0.152 -1.916
-0.373 -0.102 -1.826
-0.330 -0.131 -1.990
-0.443 -0.136 -1.941
-0.385 -0.112 -1.814
-0.325 -0.061 -1.673
-0.364 -0.090 -1.774
-0.322 -0.027 -1.741
-0.432 -0.120 -1.939
-0.335 -0.021 -1.841
-0.382 -0.111 -1.872
-0.366 -0.089 -1.916
-0.340 -0.092 -1.750
-0.270 -0.004 -1.556
-0.358 -0.083 -1.772
-0.378 -0.104 -1.884
-0.377 -0.075 -1.796
-0.312 -0.062 -1.930
-0.325 -0.067 -1.804
-0.269  0.004 -1.612
-0.191  0.028 -1.462
-0.288 -0.050 -1.683
-0.282 -0.051 -1.730
-0.245 -0.051 -1.636
-0.264 -0.036 -1.604
-0.289 -0.048 -1.579
-0.194  0.053 -1.434
-0.239 -0.005 -1.462
-0.211  0.018 -1.568
-0.234 -0.021 -1.487
-0.232  0.003 -1.489
-0.203 -0.009 -1.481
-0.299 -0.115 -1.761
-0.363 -0.117 -1.793
-0.410 -0.145 -1.910
-0.433 -0.138 -1.870
-0.400 -0.131 -1.829
-0.333 -0.091 -1.670
-0.320 -0.105 -1.703
-0.359 -0.084 -1.743
-0.260 -0.115 -1.711
-0.347 -0.072 -1.722
-0.293 -0.069 -1.641
-0.404 -0.135 -1.901
-0.375 -0.114 -1.827
-0.350 -0.085 -1.714
-0.239 -0.048 -1.540
-0.184  0.023 -1.544
-0.335 -0.115 -1.681
-0.228  0.024 -1.549
-0.277 -0.044 -1.535
-0.211  0.056 -1.544
-0.321 -0.076 -1.686
-0.243  0.020 -1.655
-0.291 -0.022 -1.619
-0.264  0.037 -1.629
-0.262 -0.011 -1.520
-0.277 -0.003 -1.571
-0.264 -0.028 -1.568
-0.307 -0.036 -1.589
-0.304 -0.056 -1.648
-0.199  0.048 -1.552
-0.227 -0.012 -1.515
-0.144  0.073 -1.376
-0.195  0.024 -1.413
-0.184  0.013 -1.443
-0.258 -0.007 -1.569
-0.242  0.001 -1.551
-0.254 -0.004 -1.601
-0.295 -0.021 -1.600
-0.278 -0.003 -1.610
-0.300 -0.063 -1.653
-0.230 -0.011 -1.578
-0.273 -0.070 -1.672
-0.210 -0.002 -1.565
-0.255 -0.018 -1.581
-0.261 -0.057 -1.702
-0.318 -0.023 -1.709
-0.341 -0.042 -1.771
-0.338 -0.050 -1.773
-0.444 -0.122 -1.973
-0.376 -0.066 -1.756
-0.369 -0.056 -1.713
-0.327 -0.001 -1.750
-0.377 -0.081 -1.810
-0.202  0.096 -1.552
-0.332 -0.017 -1.701
-0.202  0.091 -1.548
-0.194  0.104 -1.470
-0.169  0.117 -1.454
-0.147  0.115 -1.502
-0.097  0.164 -1.353
-0.073  0.147 -1.199
-0.043  0.163 -1.171
-0.133  0.092 -1.319
-0.112  0.105 -1.242
-0.135  0.103 -1.240
-0.084  0.135 -1.247
-0.120  0.094 -1.375
-0.056  0.121 -1.274
-0.056  0.125 -1.223
-0.067  0.139 -1.218
-0.130  0.089 -1.346
-0.086  0.099 -1.251
-0.164  0.037 -1.299
-0.169  0.064 -1.251
-0.199  0.023 -1.292
-0.248 -0.019 -1.503
-0.341 -0.114 -1.740
-0.210  0.032 -1.502
-0.195  0.028 -1.290
-0.068  0.192 -1.139
-0.155  0.094 -1.164
-0.167  0.085 -1.200
-0.078  0.144 -1.227
-0.205  0.071 -1.276
-0.287 -0.000 -1.483
-0.336 -0.015 -1.556
-0.331 -0.004 -1.631
-0.388 -0.043 -1.643
-0.257  0.080 -1.474
-0.339 -0.025 -1.599
-0.257  0.066 -1.573
-0.269  0.033 -1.442
-0.265  0.064 -1.452
-0.352 -0.013 -1.639
-0.284  0.054 -1.592
-0.299  0.007 -1.479
-0.296  0.048 -1.574
-0.384 -0.035 -1.663
-0.349  0.058 -1.688
-0.423 -0.026 -1.715
-0.335  0.063 -1.673
-0.394 -0.018 -1.713
-0.399  0.002 -1.783
-0.399 -0.020 -1.757
-0.392 -0.024 -1.802
-0.413 -0.071 -1.868
-0.307  0.024 -1.678
-0.406 -0.046 -1.725
-0.318  0.053 -1.644
-0.329  0.009 -1.568
-0.357  0.009 -1.675
-0.319  0.002 -1.644
-0.254  0.035 -1.545
-0.249  0.015 -1.534
-0.291 -0.009 -1.584
-0.290 -0.017 -1.614
-0.324 -0.010 -1.687
-0.319 -0.029 -1.654
-0.326 -0.013 -1.664
-0.308  0.023 -1.593
-0.296  0.035 -1.599
-0.289  0.046 -1.579
-0.303 -0.000 -1.627
-0.238  0.055 -1.541
-0.213  0.041 -1.429
-0.180 -0.053 -1.637
-0.185  0.009 -1.577
-0.208 -0.043 -1.632
-0.159 -0.014 -1.507
-0.131 -0.000 -1.418
-0.102  0.056 -1.336
-0.113  0.057 -1.342
-0.011  0.175 -1.260
-0.110  0.060 -1.395
-0.094  0.091 -1.412
-0.084  0.084 -1.300
-0.043  0.074 -1.257
-0.088  0.053 -1.332
-0.053  0.056 -1.280
-0.047  0.075 -1.211
-0.037  0.072 -1.167
-0.044  0.087 -1.230
-0.014  0.122 -1.073
 0.075  0.210 -0.976
 0.048  0.136 -0.999
-0.008  0.126 -1.159
 0.001  0.115 -1.075
 0.002  0.116 -1.044
-0.037  0.080 -1.109
-0.132  0.014 -1.342
-0.115  0.056 -1.239
-0.118  0.039 -1.078
-0.058  0.092 -0.989
-0.101  0.072 -1.067
-0.095  0.090 -1.055
-0.147  0.058 -1.110
-0.075  0.123 -1.052
-0.127  0.043 -1.215
-0.074  0.115 -1.262
-0.050  0.108 -1.003
 0.011  0.198 -0.970
-0.057  0.100 -0.970
-0.028  0.123 -0.873
-0.095  0.065 -1.023
-0.110 -0.043 -1.342
-0.159  0.031 -1.221
-0.124  0.055 -1.055
-0.108  0.061 -1.050
-0.145  0.016 -1.172
-0.016  0.137 -1.067
-0.060  0.066 -1.057
-0.008  0.156 -0.981
-0.046  0.100 -0.923
-0.107  0.062 -1.033
-0.098  0.060 -1.011
-0.007  0.103 -1.066
-0.124  0.085 -1.041
-0.208  0.044 -1.221
-0.276  0.033 -1.385
-0.313 -0.010 -1.506
-0.169  0.092 -1.407
-0.232  0.031 -1.385
-0.100  0.144 -1.070
-0.150  0.089 -1.159
-0.175 -0.002 -1.357
-0.220  0.045 -1.367
-0.346 -0.037 -1.619
-0.230  0.062 -1.293
-0.282  0.017 -1.341
-0.324  0.028 -1.584
-0.435 -0.104 -1.721
-0.412 -0.082 -1.729
-0.383 -0.066 -1.596
-0.251 -0.017 -1.294
-0.179  0.046 -1.091
-0.173  0.033 -1.078
-0.207  0.027 -1.165
-0.163  0.031 -1.172
-0.060  0.136 -1.147
-0.143  0.058 -1.065
-0.155  0.073 -1.054
-0.155  0.053 -1.009
-0.157  0.039 -1.039
-0.132  0.053 -1.052
-0.171  0.031 -1.101
-0.093  0.109 -0.845
-0.164  0.044 -1.028
-0.105  0.102 -1.004
-0.212  0.028 -1.164
-0.228 -0.016 -1.270
-0.220  0.026 -1.150
-0.171  0.084 -1.181
-0.242  0.024 -1.165
-0.163  0.029 -0.992
-0.173  0.032 -0.968
-0.173  0.032 -0.942
-0.190  0.045 -0.992
-0.144  0.046 -0.825
-0.128  0.067 -0.925
-0.280 -0.039 -1.258
-0.244  0.008 -1.199
-0.289 -0.051 -1.286
-0.215 -0.057 -1.395
-0.308 -0.049 -1.337
-0.206 -0.001 -1.102
-0.107  0.096 -1.017
-0.177  0.020 -0.920
-0.166  0.059 -0.942
-0.272 -0.028 -1.110
-0.265 -0.113 -1.297
-0.245 -0.019 -1.194
-0.242  0.023 -1.274
-0.214 -0.000 -1.170
-0.154  0.026 -1.045
-0.096  0.082 -1.001
-0.121  0.030 -1.056
-0.078  0.092 -1.058
-0.210  0.011 -1.024
-0.307 -0.035 -1.273
-0.325 -0.073 -1.299
-0.406 -0.185 -1.546
-0.383 -0.100 -1.441
-0.417 -0.190 -1.726
-0.452 -0.122 -1.487
-0.371 -0.094 -1.362
-0.322 -0.045 -1.273
-0.245 -0.034 -1.158
-0.244 -0.029 -1.152
-0.251 -0.059 -1.084
-0.248 -0.023 -1.084
-0.298 -0.095 -1.231
-0.274 -0.118 -1.308
-0.291 -0.091 -1.247
-0.198  0.017 -1.106
-0.257 -0.057 -1.166
-0.295 -0.080 -1.254
-0.225 -0.002 -1.195
-0.255 -0.033 -1.195
-0.156  0.073 -1.096
-0.234 -0.014 -1.072
-0.229  0.005 -0.985
-0.265 -0.035 -1.075
-0.296 -0.133 -1.273
-0.294 -0.041 -1.161
-0.302 -0.053 -1.134
-0.300 -0.052 -1.246
-0.432 -0.132 -1.494
-0.274 -0.011 -1.356
-0.321 -0.079 -1.254
-0.188  0.051 -1.109
-0.244 -0.045 -1.139
-0.262 -0.051 -1.206
-0.189 -0.020 -1.026
-0.148 -0.022 -0.970
-0.177 -0.016 -0.994
-0.178  0.003 -0.995
-0.176 -0.000 -0.977
-0.257 -0.046 -1.151
-0.218 -0.018 -1.154
-0.312 -0.094 -1.240
-0.111  0.066 -0.911
-0.160 -0.004 -0.910
-0.188 -0.005 -1.040
-0.160  0.024 -0.997
-0.171 -0.002 -1.044
-0.197  0.027 -0.999
-0.295 -0.028 -1.233
-0.371 -0.057 -1.458
-0.338 -0.065 -1.439
-0.254 -0.004 -1.241
-0.244 -0.016 -1.156
-0.187  0.080 -1.132
-0.242 -0.013 -1.155
-0.211  0.038 -1.124
-0.250 -0.009 -1.250
-0.354 -0.074 -1.492
-0.384 -0.111 -1.546
-0.303 -0.016 -1.413
-0.325 -0.046 -1.444
-0.275 -0.031 -1.333
-0.215  0.004 -1.198
-0.233 -0.020 -1.181
-0.185  0.009 -1.107
-0.235 -0.046 -1.246
-0.125  0.048 -1.150
-0.205 -0.023 -1.153
-0.102  0.105 -1.059
-0.198  0.016 -1.098
-0.171  0.039 -1.151
-0.214 -0.026 -1.252
-0.190  0.003 -1.157
-0.193 -0.002 -1.071
-0.206 -0.095 -1.249
-0.266 -0.041 -1.232
-0.271 -0.076 -1.327
-0.209 -0.017 -1.193
-0.258 -0.054 -1.270
-0.242 -0.020 -1.184
-0.227 -0.019 -1.155
-0.116  0.095 -1.155
-0.186 -0.004 -1.191
-0.126  0.092 -1.145
-0.150  0.013 -1.092
-0.182  0.009 -1.117
-0.212 -0.037 -1.184
-0.101  0.019 -1.085
-0.070  0.022 -0.996
-0.058  0.054 -0.957
-0.115  0.023 -0.953
-0.029  0.066 -0.817
-0.063  0.044 -0.912
-0.069  0.058 -0.988
-0.072  0.045 -0.950
-0.144  0.048 -1.050
-0.190 -0.005 -1.181
-0.125  0.058 -1.062
-0.148  0.003 -1.102
-0.162  0.006 -1.097
-0.119  0.019 -1.047
-0.119  0.020 -1.071
-0.170  0.016 -0.899
-0.190  0.004 -0.965
-0.155  0.020 -0.907
-0.136  0.066 -0.942
-0.138  0.051 -1.055
-0.121  0.089 -1.058
-0.138  0.041 -1.076
-0.162  0.059 -1.168
-0.264 -0.007 -1.252
-0.156  0.102 -1.046
-0.244  0.013 -1.161
-0.113  0.115 -1.016
-0.170  0.021 -1.058
-0.149  0.101 -1.055
-0.253 -0.023 -1.177
-0.208  0.022 -1.151
-0.236 -0.029 -1.132
-0.162  0.020 -1.013
-0.242 -0.028 -1.086
-0.234  0.028 -0.968
-0.227  0.039 -0.974
-0.199  0.010 -1.083
-0.231  0.105 -1.019
-0.160  0.103 -1.124
-0.198  0.142 -0.889
-0.163  0.050 -1.139
-0.254  0.084 -1.080
-0.293  0.058 -1.145
-0.343  0.022 -1.318
-0.436 -0.068 -1.440
-0.353  0.025 -1.208
-0.357 -0.012 -1.266
-0.272  0.072 -1.208
-0.369 -0.040 -1.292
-0.362 -0.025 -1.302
-0.325 -0.022 -1.259
-0.304 -0.024 -1.279
-0.301 -0.012 -1.181
-0.277 -0.102 -1.359
-0.185  0.060 -0.892
-0.099  0.070 -0.798
-0.183  0.032 -1.070
-0.267 -0.032 -1.307
-0.343 -0.062 -1.432
-0.390 -0.102 -1.484
-0.258  0.026 -1.289
-0.246 -0.007 -1.129
-0.118  0.125 -0.916
-0.127  0.060 -0.808
-0.185  0.049 -0.949
-0.247 -0.013 -1.100
-0.243 -0.101 -1.294
-0.239  0.009 -1.050
-0.224  0.011 -0.987
-0.224  0.050 -1.009
-0.200  0.019 -1.033
-0.211  0.011 -1.190
-0.163  0.021 -1.090
-0.186  0.009 -1.106
-0.246 -0.065 -1.255
-0.186  0.016 -1.241
-0.210  0.003 -1.171
-0.219 -0.007 -1.183
-0.196 -0.007 -1.123
-0.226 -0.037 -1.172
-0.182  0.032 -1.156
-0.217 -0.047 -1.179
-0.160  0.004 -1.175
-0.240 -0.080 -1.255
-0.295 -0.104 -1.373
-0.274 -0.076 -1.258
-0.185 -0.014 -1.111
-0.165  0.007 -1.058
-0.088  0.040 -0.943
-0.066  0.064 -0.902
-0.109  0.027 -0.906
-0.044  0.109 -0.901
-0.208 -0.044 -1.134
-0.204 -0.026 -1.155
-0.204 -0.039 -1.175
-0.170 -0.015 -1.101
-0.187 -0.026 -1.097
-0.161 -0.000 -0.994
-0.178 -0.018 -1.010
-0.159 -0.029 -1.026
-0.090  0.056 -1.079
-0.203 -0.052 -1.085
-0.145  0.010 -0.977
-0.206 -0.043 -1.080
-0.239 -0.143 -1.292
-0.234 -0.062 -1.152
-0.236 -0.074 -1.208
-0.307 -0.095 -1.297
-0.299 -0.082 -1.239
-0.214  0.016 -1.141
-0.294 -0.063 -1.173
-0.296 -0.120 -1.261
-0.273 -0.063 -1.157
-0.216  0.002 -1.072
-0.260 -0.047 -1.061
-0.259 -0.035 -1.057
-0.158  0.066 -1.002
-0.294 -0.082 -1.215
-0.207 -0.035 -1.113
-0.205 -0.047 -1.108
-0.264 -0.089 -1.219
-0.237 -0.094 -1.243
-0.281 -0.100 -1.272
-0.181 -0.004 -1.192
-0.270 -0.105 -1.258
-0.177  0.008 -1.130
-0.212 -0.055 -1.078
-0.212 -0.037 -1.091
-0.224 -0.044 -1.097
-0.234 -0.050 -1.099
-0.209 -0.028 -1.079
-0.250 -0.055 -1.165
-0.217 -0.016 -1.148
-0.253 -0.054 -1.116
-0.230 -0.044 -1.102
-0.253 -0.057 -1.111
-0.228 -0.080 -1.194
-0.244 -0.069 -1.183
-0.210 -0.052 -1.120
-0.176 -0.021 -1.198
-0.258 -0.095 -1.291
-0.215 -0.146 -1.458
-0.187 -0.048 -1.220
-0.146 -0.037 -1.110
-0.174 -0.026 -1.104
-0.224 -0.067 -1.251
-0.148  0.005 -1.165
-0.239 -0.085 -1.272
-0.255 -0.076 -1.252
-0.258 -0.060 -1.261
-0.231 -0.062 -1.147
-0.132  0.052 -1.091
-0.264 -0.065 -1.185
-0.209 -0.054 -1.146
-0.161 -0.009 -1.019
-0.103 -0.032 -1.184
-0.211 -0.051 -1.124
-0.204 -0.045 -1.106
-0.253 -0.071 -1.214
-0.245 -0.090 -1.202
-0.189 -0.006 -1.264
-0.298 -0.107 -1.311
-0.228 -0.024 -1.175
-0.256 -0.067 -1.261
-0.280 -0.056 -1.329
-0.296 -0.086 -1.335
-0.284 -0.091 -1.322
-0.272 -0.040 -1.332
-0.301 -0.090 -1.328
-0.325 -0.084 -1.404
-0.343 -0.111 -1.424
-0.342 -0.181 -1.515
-0.296 -0.094 -1.329
-0.328 -0.136 -1.431
-0.365 -0.132 -1.471
-0.313 -0.112 -1.313
-0.285 -0.086 -1.433
-0.277 -0.110 -1.378
-0.191 -0.045 -1.163
-0.189 -0.052 -1.131
-0.138 -0.034 -1.065
-0.164 -0.019 -1.118
-0.206 -0.070 -1.233
-0.095  0.030 -1.221
-0.220 -0.083 -1.284
-0.191 -0.016 -1.252
-0.242 -0.073 -1.297
-0.235 -0.161 -1.397
-0.244 -0.103 -1.332
-0.146 -0.080 -1.382
-0.188 -0.078 -1.184
-0.159 -0.074 -1.187
-0.143 -0.036 -1.163
-0.189 -0.078 -1.218
-0.082  0.027 -1.111
-0.164 -0.051 -1.201
-0.082  0.041 -1.079
-0.170 -0.063 -1.179
-0.175 -0.079 -1.184
-0.382 -0.179 -1.590
-0.252 -0.129 -1.364
-0.313 -0.156 -1.416
-0.245 -0.159 -1.421
-0.224 -0.099 -1.303
-0.201 -0.093 -1.322
-0.210 -0.084 -1.306
-0.191 -0.030 -1.242
-0.196 -0.045 -1.231
-0.199 -0.015 -1.323
-0.240 -0.089 -1.330
-0.222 -0.038 -1.311
-0.248 -0.064 -1.287
-0.271 -0.057 -1.294
-0.263 -0.069 -1.324
-0.292 -0.075 -1.389
-0.240 -0.052 -1.241
-0.198 -0.025 -1.167
-0.223 -0.035 -1.199
-0.191 -0.027 -1.156
-0.183 -0.030 -1.136
-0.180 -0.040 -1.194
-0.111  0.032 -1.089
-0.186 -0.019 -1.146
-0.206 -0.023 -1.112
-0.192 -0.003 -1.131
-0.264 -0.067 -1.298
-0.251 -0.043 -1.305
-0.244 -0.042 -1.238
-0.195 -0.006 -1.117
-0.190 -0.038 -1.114
-0.135  0.022 -0.969
-0.109  0.028 -1.082
-0.203 -0.044 -1.224
-0.163 -0.146 -1.416
-0.177 -0.041 -1.135
-0.219 -0.092 -1.292
-0.213 -0.100 -1.251
-0.155 -0.043 -1.170
-0.227 -0.102 -1.268
-0.151 -0.045 -1.195
-0.169 -0.086 -1.178
-0.135 -0.048 -1.133
-0.233 -0.126 -1.262
-0.156 -0.020 -1.138
-0.191 -0.065 -1.137
-0.170 -0.030 -1.150
-0.187 -0.071 -1.159
-0.157 -0.033 -1.104
-0.176 -0.065 -1.123
-0.138 -0.058 -1.139
-0.133 -0.070 -1.175
-0.130 -0.058 -1.131
-0.153 -0.085 -1.147
-0.175 -0.074 -1.244
-0.211 -0.093 -1.323
-0.141 -0.032 -1.200
-0.196 -0.049 -1.191
-0.106  0.058 -1.034
-0.183 -0.036 -1.106
-0.093  0.063 -1.065
-0.148  0.005 -1.018
-0.053  0.111 -0.955
-0.114  0.044 -0.910
-0.067  0.110 -0.957
-0.081  0.035 -0.925
 0.012  0.101 -0.832
-0.045  0.051 -0.833
-0.109  0.035 -0.911
-0.104  0.032 -0.956
-0.181 -0.001 -1.178
-0.162 -0.005 -1.066
-0.212 -0.005 -1.102
-0.243 -0.013 -1.155
-0.204 -0.004 -1.132
-0.194  0.022 -1.204
-0.242 -0.049 -1.318
-0.240 -0.125 -1.435
-0.247 -0.038 -1.245
-0.227 -0.088 -1.321
-0.227 -0.029 -1.215
-0.276 -0.039 -1.318
-0.301 -0.037 -1.331
-0.240 -0.086 -1.459
-0.267 -0.030 -1.294
-0.263 -0.001 -1.379
-0.265 -0.019 -1.274
-0.312 -0.044 -1.407
-0.357 -0.074 -1.527
-0.373 -0.090 -1.580
-0.300 -0.024 -1.455
-0.263 -0.033 -1.307
-0.144  0.087 -1.202
-0.183  0.020 -1.186
-0.147  0.068 -1.180
-0.218  0.002 -1.323
-0.179  0.049 -1.252
-0.236  0.011 -1.264
-0.218  0.043 -1.218
-0.304 -0.038 -1.459
-0.178  0.044 -1.170
-0.217  0.042 -1.235
-0.138 -0.003 -1.216
-0.198  0.041 -1.235
-0.120  0.101 -1.222
-0.262 -0.004 -1.355
-0.168  0.037 -1.312
-0.222  0.037 -1.177
-0.171  0.053 -1.120
-0.165  0.058 -1.165
-0.185  0.025 -1.215
-0.207  0.051 -1.204
-0.244  0.014 -1.219
-0.205  0.107 -1.245
-0.226  0.003 -1.252
-0.235  0.026 -1.227
-0.269  0.000 -1.233
-0.257 -0.007 -1.259
-0.208  0.034 -1.144
-0.186  0.037 -1.134
-0.139  0.057 -1.060
-0.188  0.030 -1.170
-0.044  0.124 -0.843
-0.111  0.088 -0.953
-0.034  0.163 -0.921
-0.115  0.073 -0.961
-0.026  0.159 -0.880
-0.155  0.039 -0.973
-0.068  0.115 -0.934
-0.186  0.036 -1.095
-0.108  0.105 -1.011
-0.198  0.024 -1.047
-0.176  0.053 -1.030
-0.207  0.026 -1.135
-0.159 -0.059 -1.256
-0.166  0.020 -1.170
-0.251 -0.007 -1.260
-0.311 -0.044 -1.376
-0.351 -0.079 -1.471
-0.295  0.028 -1.464
-0.380 -0.056 -1.450
-0.314  0.043 -1.356
-0.372 -0.030 -1.426
-0.337 -0.017 -1.410
-0.337 -0.035 -1.395
-0.346 -0.036 -1.390
-0.332 -0.020 -1.351
-0.297 -0.090 -1.540
-0.353 -0.058 -1.430
-0.379 -0.076 -1.482
-0.341 -0.051 -1.372
-0.377 -0.069 -1.431
-0.372 -0.040 -1.440
-0.403 -0.093 -1.507
-0.313 -0.038 -1.477
-0.330 -0.066 -1.396
-0.366 -0.064 -1.473
-0.337 -0.085 -1.447
-0.352 -0.127 -1.586
-0.308 -0.056 -1.471
-0.339 -0.151 -1.617
-0.314 -0.051 -1.386
-0.311 -0.043 -1.376
-0.294 -0.045 -1.425
-0.310 -0.061 -1.478
-0.247 -0.016 -1.340
-0.267 -0.035 -1.345
-0.454 -0.024 -1.358
-0.458 -0.055 -1.415
-0.336  0.059 -1.348
-0.420 -0.014 -1.358
-0.321  0.091 -1.278
-0.437 -0.038 -1.453
-0.390  0.013 -1.456
-0.406 -0.021 -1.411
-0.430 -0.000 -1.520
-0.429 -0.024 -1.430
-0.433 -0.021 -1.516
-0.394 -0.036 -1.463
-0.373 -0.022 -1.445
-0.291  0.039 -1.197
-0.244 -0.018 -1.271
-0.247  0.055 -1.195
-0.238  0.037 -1.228
-0.242  0.032 -1.246
-0.221  0.024 -1.230
-0.185  0.076 -1.071
-0.174  0.063 -1.124
-0.142  0.110 -1.124
-0.180  0.056 -1.142
-0.148  0.111 -1.140
-0.231  0.033 -1.184
-0.140  0.119 -1.092
-0.275 -0.021 -1.330
-0.254 -0.020 -1.329
-0.283 -0.032 -1.347
-0.299 -0.064 -1.379
-0.291 -0.015 -1.335
-0.229 -0.002 -1.274
-0.220  0.015 -1.300
-0.219  0.022 -1.290
-0.236  0.039 -1.255
-0.251  0.034 -1.248
-0.191  0.105 -1.368
-0.228  0.006 -1.389
-0.090  0.106 -1.236
-0.170  0.009 -1.305
-0.113  0.106 -1.179
-0.306 -0.035 -1.498
-0.236  0.045 -1.474
-0.328 -0.056 -1.546
-0.260  0.012 -1.500
-0.306 -0.031 -1.491
-0.261  0.010 -1.403
-0.284  0.000 -1.413
-0.306 -0.107 -1.627
-0.306 -0.032 -1.480
-0.331 -0.053 -1.598
-0.339 -0.054 -1.650
-0.307 -0.038 -1.534
-0.235  0.040 -1.350
-0.178  0.042 -1.235
-0.163  0.087 -1.324
-0.297 -0.032 -1.500
-0.300 -0.027 -1.553
-0.375 -0.068 -1.601
-0.341 -0.051 -1.534
-0.368 -0.056 -1.581
-0.267  0.023 -1.501
-0.264 -0.023 -1.415
-0.224  0.001 -1.341
-0.246 -0.014 -1.382
-0.278 -0.043 -1.524
-0.272 -0.030 -1.527
-0.327 -0.073 -1.616
-0.241 -0.002 -1.435
-0.284 -0.049 -1.466
-0.206  0.034 -1.367
-0.257 -0.030 -1.394
-0.135  0.083 -1.332
-0.236 -0.038 -1.421
-0.142  0.080 -1.317
-0.225 -0.007 -1.337
-0.142  0.088 -1.218
-0.163  0.023 -1.265
-0.177  0.038 -1.266
-0.181  0.028 -1.210
-0.195 -0.002 -1.323
-0.197  0.021 -1.298
-0.151 -0.057 -1.407
-0.183  0.033 -1.310
-0.139 -0.044 -1.392
-0.254 -0.002 -1.419
-0.153 -0.046 -1.475
-0.254  0.017 -1.352
-0.153  0.097 -1.284
-0.221  0.021 -1.358
-0.181 -0.052 -1.433
-0.228  0.014 -1.332
-0.212 -0.020 -1.347
-0.228  0.019 -1.314
-0.184 -0.063 -1.351
-0.194  0.003 -1.272
-0.227 -0.037 -1.361
-0.216  0.007 -1.277
-0.185 -0.020 -1.349
-0.216  0.008 -1.372
-0.188 -0.024 -1.370
-0.211  0.015 -1.321
-0.166  0.035 -1.205
-0.219  0.007 -1.236
-0.222  0.011 -1.232
-0.258 -0.021 -1.364
-0.171 -0.054 -1.314
-0.219 -0.015 -1.338
-0.160 -0.082 -1.400
-0.199  0.011 -1.229
-0.226 -0.012 -1.285
-0.219 -0.002 -1.282
-0.207  0.014 -1.204
-0.279 -0.038 -1.300
-0.242  0.007 -1.356
-0.389 -0.105 -1.556
-0.246 -0.052 -1.490
-0.323 -0.083 -1.516
-0.332 -0.080 -1.547
-0.299 -0.041 -1.373
-0.300 -0.009 -1.362
-0.345 -0.062 -1.480
-0.338 -0.023 -1.597
-0.406 -0.114 -1.589
-0.350  0.000 -1.476
-0.418 -0.071 -1.517
-0.383 -0.085 -1.511
-0.397 -0.083 -1.549
-0.344 -0.010 -1.532
-0.356 -0.056 -1.454
-0.355 -0.061 -1.443
-0.171  0.075 -1.246
-0.377 -0.090 -1.605
-0.345 -0.049 -1.608
-0.416 -0.115 -1.621
-0.382 -0.063 -1.560
-0.407 -0.093 -1.668
-0.341 -0.044 -1.629
-0.315 -0.039 -1.626
-0.307 -0.015 -1.519
-0.309 -0.022 -1.500
-0.258 -0.002 -1.486
-0.287 -0.046 -1.539
-0.188  0.037 -1.362
-0.124  0.065 -1.169
-0.055  0.096 -1.027
-0.085  0.102 -1.056
 0.040  0.150 -1.066
-0.092  0.088 -1.074
-0.140  0.067 -1.121
-0.109  0.101 -1.047
-0.075  0.104 -1.037
 0.004  0.202 -1.010
-0.071  0.123 -1.012
 0.004  0.217 -0.882
-0.104  0.097 -1.024
-0.097  0.108 -1.035
-0.117  0.079 -1.100
-0.018  0.070 -1.144
-0.105  0.091 -1.058
-0.136  0.044 -1.169
-0.123  0.061 -1.141
-0.136  0.028 -1.200
-0.120  0.068 -1.217
-0.172  0.029 -1.135
-0.102  0.105 -1.035
-0.190  0.005 -1.160
-0.131  0.072 -1.192
-0.219 -0.018 -1.255
-0.189  0.040 -1.132
-0.213  0.019 -1.164
-0.122  0.108 -1.138
-0.271 -0.048 -1.354
-0.232  0.003 -1.342
-0.278 -0.050 -1.237
-0.278 -0.040 -1.227
-0.265 -0.053 -1.259
-0.223 -0.018 -1.272
-0.263 -0.061 -1.382
-0.173  0.024 -1.358
-0.218 -0.046 -1.315
-0.169 -0.003 -1.178
-0.224 -0.074 -1.320
-0.229 -0.026 -1.268
-0.214 -0.030 -1.246
-0.240 -0.031 -1.292
-0.369 -0.090 -1.514
-0.370 -0.079 -1.532
-0.293 -0.056 -1.428
-0.279  0.005 -1.472
-0.366 -0.097 -1.574
-0.191  0.077 -1.325
-0.255 -0.009 -1.324
-0.314 -0.046 -1.465
-0.374 -0.089 -1.629
-0.335 -0.073 -1.586
-0.359 -0.070 -1.608
-0.372 -0.080 -1.646
-0.383 -0.063 -1.643
-0.387 -0.091 -1.690
-0.256  0.018 -1.556
-0.289 -0.046 -1.562
-0.211  0.018 -1.530
-0.216 -0.010 -1.360
-0.225  0.008 -1.421
-0.242 -0.031 -1.409
-0.263 -0.081 -1.515
-0.290 -0.048 -1.515
-0.239 -0.109 -1.634
-0.310 -0.046 -1.546
-0.326 -0.069 -1.588
-0.327 -0.064 -1.587
-0.336 -0.072 -1.588
-0.271 -0.004 -1.455
-0.246 -0.014 -1.430
-0.117  0.066 -1.312
-0.206 -0.017 -1.357
-0.173  0.045 -1.280
-0.175  0.013 -1.283
-0.177 -0.002 -1.346
-0.132  0.052 -1.146
-0.021  0.127 -1.118
-0.086  0.079 -1.034
-0.109  0.053 -1.072
-0.090  0.080 -1.065
-0.098  0.057 -1.149
-0.026  0.143 -1.103
-0.104  0.051 -1.125
-0.013  0.167 -1.073
-0.115  0.061 -1.190
-0.096  0.106 -1.206
-0.144  0.054 -1.290
-0.106  0.099 -1.154
-0.173  0.041 -1.300
-0.185 -0.061 -1.482
-0.221  0.013 -1.443
-0.276 -0.024 -1.626
-0.229  0.006 -1.531
-0.276 -0.011 -1.527
-0.205  0.036 -1.339
-0.222 -0.010 -1.409
-0.159  0.058 -1.493
-0.269 -0.046 -1.569
-0.169  0.059 -1.395
-0.198  0.014 -1.290
-0.242  0.000 -1.412
-0.251 -0.003 -1.422
-0.264 -0.116 -1.706
-0.262 -0.024 -1.505
-0.173  0.068 -1.388
-0.244 -0.004 -1.406
-0.231 -0.001 -1.375
-0.252 -0.036 -1.435
-0.311 -0.080 -1.593
-0.233  0.003 -1.554
-0.321 -0.071 -1.535
-0.133  0.080 -1.279
-0.270 -0.064 -1.498
-0.257 -0.023 -1.569
-0.327 -0.082 -1.645
-0.390 -0.112 -1.804
-0.385 -0.130 -1.796
-0.380 -0.227 -2.051
-0.366 -0.111 -1.843
-0.319 -0.091 -1.746
-0.295 -0.049 -1.652
-0.371 -0.085 -1.711
-0.269 -0.018 -1.599
-0.312 -0.079 -1.628
-0.224  0.000 -1.554
-0.258 -0.048 -1.708
-0.185  0.023 -1.673
-0.266 -0.072 -1.814
-0.216  0.019 -1.767
-0.228 -0.030 -1.668
-0.167  0.053 -1.510
-0.132  0.049 -1.372
-0.129 -0.020 -1.456
-0.186  0.026 -1.444
-0.243 -0.025 -1.570
-0.172  0.019 -1.470
-0.218 -0.020 -1.534
-0.063  0.087 -1.240
-0.148  0.019 -1.356
-0.103  0.056 -1.318
-0.093 -0.026 -1.395
-0.116  0.051 -1.347
 0.080  0.143 -0.934
 0.121  0.115 -0.859
 0.103  0.137 -1.023
-0.028  0.058 -1.194
 0.034  0.145 -1.181
-0.062  0.063 -1.249
 0.032  0.196 -1.034
-0.085  0.094 -1.155
-0.097  0.137 -1.261
-0.147  0.072 -1.259
-0.086  0.101 -1.227
-0.005  0.150 -0.966
 0.019  0.157 -0.918
 0.057  0.162 -0.876
 0.058  0.064 -1.151
-0.014  0.120 -1.159
 0.051  0.172 -1.212
-0.050  0.105 -1.175
-0.093  0.064 -1.263
-0.128  0.076 -1.282
-0.124  0.070 -1.233
-0.034  0.140 -1.215
-0.146  0.064 -1.377
-0.028  0.164 -1.265
-0.035  0.100 -1.137
 0.034  0.172 -1.106
-0.009  0.114 -1.163
-0.010  0.139 -1.119
-0.017  0.141 -1.110
-0.086  0.109 -1.253
-0.145  0.075 -1.324
-0.094  0.025 -1.405
-0.167  0.076 -1.334
-0.188  0.048 -1.391
-0.198  0.065 -1.332
-0.224  0.043 -1.360
-0.274  0.024 -1.498
-0.284 -0.007 -1.560
-0.233  0.075 -1.545
-0.351 -0.027 -1.636
-0.256  0.058 -1.474
-0.328 -0.026 -1.714
-0.380 -0.032 -1.864
-0.416 -0.107 -1.951
-0.274 -0.091 -1.891
-0.267 -0.030 -1.793
-0.217  0.002 -1.815
-0.140  0.049 -1.517
-0.142  0.091 -1.587
-0.193  0.056 -1.540
-0.205  0.043 -1.608
-0.225  0.022 -1.643
-0.111  0.126 -1.656
-0.174  0.043 -1.631
-0.097  0.139 -1.594
-0.188  0.044 -1.600
-0.072  0.125 -1.462
-0.019  0.116 -1.390
-0.138  0.095 -1.800
-0.335 -0.049 -1.897
-0.252  0.030 -1.668
-0.272  0.010 -1.632
-0.370 -0.041 -1.953
-0.343 -0.066 -1.893
-0.302  0.006 -1.767
-0.336 -0.054 -1.797
-0.315 -0.028 -1.866
-0.290 -0.044 -1.729
-0.351 -0.091 -1.890
-0.331 -0.065 -1.757
-0.274 -0.129 -1.746
-0.184  0.026 -1.441
-0.214 -0.014 -1.577
-0.155  0.027 -1.455
-0.212 -0.002 -1.589
-0.229  0.019 -1.565
-0.355 -0.061 -1.794
-0.185  0.067 -1.668
-0.194  0.006 -1.560
-0.248  0.021 -1.704
-0.220  0.001 -1.530
-0.148  0.104 -1.572
-0.213 -0.003 -1.550
-0.126  0.057 -1.557
-0.212 -0.019 -1.601
-0.232  0.016 -1.594
-0.221 -0.005 -1.584
-0.223 -0.096 -1.741
-0.206 -0.002 -1.629
-0.241  0.055 -1.659
-0.245  0.014 -1.641
-0.221  0.016 -1.648
-0.283  0.013 -1.780
-0.298 -0.013 -1.882
-0.377 -0.040 -2.069
-0.380 -0.104 -2.375
-0.338 -0.048 -2.027
-0.292 -0.018 -1.917
-0.235  0.008 -1.824
-0.268  0.030 -2.111
-0.258 -0.008 -1.923
-0.288 -0.001 -1.928
-0.346 -0.057 -2.088
-0.323 -0.043 -2.071
-0.312 -0.143 -2.279
-0.287 -0.021 -1.939
-0.328 -0.041 -1.999
-0.344 -0.049 -2.034
-0.272 -0.020 -1.985
-0.332 -0.092 -2.108
-0.307 -0.027 -2.160
-0.334 -0.067 -2.029
-0.357 -0.052 -2.117
-0.262 -0.035 -1.961
-0.242 -0.019 -1.971
-0.251 -0.106 -2.063
-0.268 -0.009 -1.928
-0.293 -0.057 -2.061
-0.363 -0.070 -2.156
-0.212 -0.037 -2.018
-0.172  0.002 -1.876
-0.166  0.003 -1.931
-0.195  0.005 -1.896
-0.105  0.000 -2.016
-0.208  0.008 -2.035
-0.107  0.131 -1.852
-0.145  0.094 -1.746
-0.119  0.112 -1.721
-0.141  0.102 -1.822
-0.157  0.048 -1.919
-0.094  0.133 -1.943
-0.114  0.078 -1.689
 0.068  0.201 -1.444
-0.031  0.093 -1.514
 0.056  0.185 -1.423
-0.016  0.121 -1.430
-0.046  0.179 -1.579
-0.009  0.145 -1.431
-0.063  0.151 -1.596
-0.083  0.102 -1.565
-0.003  0.174 -1.506
-0.080  0.107 -1.527
-0.175  0.103 -1.715
-0.227  0.050 -1.788
-0.193  0.010 -1.811
-0.156  0.091 -1.721
-0.150  0.060 -1.732
-0.191  0.095 -1.671
-0.165  0.040 -1.856
-0.241  0.059 -1.793
-0.300 -0.007 -2.062
-0.207  0.040 -1.909
-0.259 -0.019 -2.058
-0.291 -0.010 -1.993
-0.208  0.042 -1.776
-0.211  0.089 -1.873
-0.323 -0.046 -2.072
-0.179  0.101 -1.908
-0.265  0.036 -1.952
-0.257  0.065 -1.930
-0.349 -0.030 -2.072
-0.268 -0.055 -2.193
-0.261  0.022 -1.944
-0.272 -0.012 -1.985
-0.253  0.022 -1.882
-0.230  0.052 -1.730
-0.224  0.074 -1.876
-0.273 -0.024 -1.915
-0.253 -0.015 -2.019
-0.287 -0.030 -2.047
-0.311 -0.017 -1.947
-0.328 -0.022 -1.948
-0.289 -0.003 -2.001
-0.395 -0.115 -2.236
-0.409 -0.123 -2.170
-0.354 -0.069 -2.015
-0.361 -0.081 -1.979
-0.261  0.039 -1.993
-0.312 -0.053 -2.040
-0.307 -0.000 -2.112
-0.427 -0.081 -2.201
-0.368 -0.044 -2.073
-0.289 -0.016 -1.962
-0.251  0.013 -2.116
-0.387 -0.105 -2.324
-0.374 -0.103 -2.242
-0.205  0.019 -1.942
-0.252 -0.023 -2.057
-0.205  0.038 -2.203
-0.267 -0.067 -2.361
-0.190  0.015 -2.328
-0.348 -0.072 -2.454
-0.226  0.015 -2.191
-0.252 -0.017 -2.232
-0.247 -0.079 -2.365
-0.279 -0.076 -2.487
-0.280 -0.174 -2.696
-0.233 -0.048 -2.490
-0.141  0.014 -2.281
-0.142  0.014 -2.272
-0.159  0.009 -2.447
-0.231 -0.058 -2.588
-0.312 -0.084 -2.845
-0.292 -0.070 -2.757
-0.185  0.032 -2.475
-0.175  0.007 -2.481
-0.032 -0.014 -2.491
-0.106  0.026 -2.477
-0.135  0.014 -2.549
-0.161 -0.017 -2.564
-0.185 -0.046 -2.684
-0.093  0.053 -2.584
-0.065  0.030 -2.505
-0.118 -0.004 -2.749
-0.171 -0.037 -2.807
-0.105  0.022 -2.865
-0.214 -0.034 -2.845
-0.257 -0.088 -3.081
-0.146 -0.006 -2.953
-0.155 -0.032 -2.842
-0.276 -0.105 -3.071
-0.263 -0.080 -3.023
-0.181 -0.017 -2.877
-0.238 -0.042 -3.046
-0.263 -0.066 -3.063
-0.213 -0.004 -3.024
-0.264 -0.063 -3.105
-0.226 -0.145 -3.207
-0.281 -0.077 -3.102
-0.297 -0.069 -3.169
-0.279 -0.067 -3.217
-0.205 -0.018 -2.994
-0.184  0.047 -3.034
-0.216 -0.013 -3.059
-0.232 -0.097 -3.210
-0.261 -0.066 -3.206
-0.197 -0.105 -3.225
-0.257 -0.071 -3.121
-0.309 -0.122 -3.306
-0.099  0.043 -2.857
-0.142 -0.011 -2.926
-0.068  0.064 -2.864
-0.093  0.009 -2.671
-0.094 -0.007 -2.792
-0.124 -0.045 -2.832
-0.120 -0.048 -2.868
-0.127 -0.028 -2.814
-0.135 -0.015 -2.723
-0.164 -0.011 -2.746
-0.095 -0.032 -2.890
-0.196 -0.042 -2.933
-0.147  0.020 -2.836
-0.170 -0.027 -2.754
-0.155 -0.019 -2.713
-0.207 -0.039 -2.763
-0.192 -0.052 -2.767
-0.091  0.040 -2.727
-0.206 -0.053 -2.763
-0.144  0.032 -2.677
-0.232 -0.071 -2.787
-0.200 -0.011 -2.807
-0.225 -0.071 -2.801
-0.166  0.020 -2.668
-0.252 -0.080 -2.740
-0.216 -0.046 -2.711
-0.228 -0.055 -2.692
-0.147 -0.013 -2.576
-0.185 -0.021 -2.510
-0.079  0.055 -2.189
-0.113  0.014 -2.309
-0.133 -0.098 -2.526
-0.189 -0.046 -2.545
-0.141 -0.115 -2.580
-0.183 -0.031 -2.379
-0.194 -0.052 -2.403
-0.125  0.000 -2.342
-0.156 -0.028 -2.328
-0.126  0.006 -2.448
-0.240 -0.072 -2.507
-0.082  0.083 -2.244
-0.225 -0.040 -2.357
-0.146  0.022 -2.314
-0.120  0.015 -2.232
-0.123  0.038 -2.184
-0.137  0.023 -2.158
-0.033  0.003 -2.211
-0.177  0.016 -2.259
-0.118  0.050 -2.195
-0.156  0.034 -2.234
-0.166  0.027 -2.248
-0.216  0.031 -2.314
-0.139  0.078 -2.238
-0.027  0.165 -2.084
-0.081  0.116 -2.141
-0.063  0.162 -2.142
-0.059  0.143 -2.051
 0.014  0.195 -2.054
-0.159  0.035 -2.342
-0.214  0.007 -2.484
-0.231 -0.008 -2.380
-0.209  0.016 -2.290
-0.254  0.001 -2.371
-0.145  0.037 -2.317
-0.130  0.050 -2.311
-0.133  0.080 -2.192
-0.194  0.052 -2.143
-0.196  0.076 -2.163
-0.131  0.123 -2.041
-0.122  0.244 -1.948
-0.125  0.154 -1.788
-0.161  0.132 -1.687
-0.227  0.109 -1.724
-0.266 -0.007 -1.954
-0.231  0.078 -1.787
-0.204  0.029 -1.747
-0.203  0.053 -1.782
-0.193 -0.007 -1.900
-0.176  0.037 -1.892
-0.134  0.001 -1.902
-0.185  0.038 -1.898
-0.176  0.046 -1.879
-0.223  0.017 -1.805
-0.169  0.072 -1.737
-0.243 -0.009 -1.885
-0.166  0.047 -1.837
-0.181  0.017 -1.812
-0.160  0.073 -1.717
-0.187  0.018 -1.722
-0.119  0.063 -1.701
-0.174  0.017 -1.814
-0.187  0.015 -1.832
-0.261  0.007 -1.843
-0.214 -0.049 -1.891
-0.177  0.065 -1.623
-0.210  0.047 -1.700
-0.227  0.025 -1.748
-0.251  0.021 -1.723
-0.265  0.032 -1.641
-0.220  0.046 -1.547
-0.211  0.053 -1.551
-0.187  0.035 -1.529
-0.164  0.091 -1.549
-0.216  0.029 -1.501
-0.064  0.153 -1.278
-0.146  0.053 -1.390
-0.092  0.075 -1.343
-0.190  0.035 -1.502
-0.176  0.034 -1.510
-0.175  0.054 -1.430
-0.115  0.028 -1.597
-0.198  0.009 -1.551
-0.086  0.105 -1.425
-0.198  0.022 -1.446
-0.177  0.012 -1.448
-0.190  0.012 -1.481
-0.185 -0.015 -1.595
-0.223 -0.038 -1.678
-0.255 -0.041 -1.629
-0.243 -0.019 -1.535
-0.199 -0.028 -1.476
-0.050  0.106 -1.386
-0.133  0.009 -1.386
-0.051  0.119 -1.396
-0.172 -0.007 -1.515
-0.085  0.094 -1.457
-0.242 -0.035 -1.603
-0.136  0.071 -1.637
-0.256 -0.022 -1.658
-0.136  0.120 -1.401
-0.153  0.039 -1.354
-0.100  0.085 -1.360
-0.188  0.002 -1.539
-0.202  0.015 -1.532
-0.227 -0.003 -1.500
-0.155  0.038 -1.356
-0.191 -0.003 -1.501
-0.224 -0.065 -1.684
-0.091  0.016 -1.404
-0.083  0.011 -1.337
-0.121  0.014 -1.379
-0.220 -0.057 -1.605
-0.209 -0.035 -1.667
-0.217 -0.064 -1.628
-0.084  0.099 -1.372
-0.153  0.006 -1.329
-0.194 -0.007 -1.404
-0.234 -0.054 -1.520
-0.104  0.011 -1.664
-0.252 -0.054 -1.777
-0.295 -0.085 -1.913
-0.298 -0.066 -1.929
-0.290 -0.082 -2.016
-0.236 -0.002 -2.110
-0.289 -0.053 -2.072
-0.272  0.003 -2.189
-0.331 -0.083 -2.121
-0.202 -0.016 -1.922
-0.196 -0.035 -1.938
-0.241 -0.040 -2.075
-0.214 -0.026 -1.969
-0.259 -0.115 -2.156
-0.261 -0.057 -2.028
-0.226 -0.043 -1.977
-0.190  0.002 -1.835
-0.151  0.032 -1.728
-0.153  0.043 -1.715
-0.215 -0.007 -1.854
-0.243  0.024 -2.038
-0.333 -0.070 -2.050
-0.285 -0.023 -1.920
-0.234 -0.020 -1.760
-0.254 -0.143 -2.008
-0.199 -0.017 -1.714
-0.251 -0.082 -1.844
-0.238 -0.057 -1.773
-0.286 -0.077 -1.830
-0.166  0.034 -1.771
-0.249 -0.078 -1.854
-0.253 -0.056 -1.935
-0.252 -0.067 -1.793
-0.254 -0.052 -1.809
-0.273 -0.094 -1.819
-0.214 -0.154 -1.842
-0.369 -0.120 -2.015
-0.288 -0.032 -1.906
-0.403 -0.109 -2.028
-0.365 -0.105 -1.986
-0.278 -0.037 -1.812
-0.308 -0.074 -1.935
-0.239 -0.011 -1.756
-0.332 -0.095 -1.891
-0.245  0.015 -1.837
-0.277 -0.094 -1.880
-0.258 -0.048 -1.838
-0.271 -0.074 -1.862
-0.214 -0.010 -1.763
-0.242 -0.029 -1.688
-0.292 -0.047 -1.822
-0.284 -0.050 -1.840
-0.301 -0.061 -1.934
-0.245 -0.017 -1.795
-0.140 -0.065 -1.809
-0.237 -0.011 -1.694
-0.250 -0.046 -1.768
-0.200  0.007 -1.736
-0.250 -0.068 -1.818
-0.202 -0.019 -1.776
-0.163 -0.035 -1.698
-0.170  0.023 -1.618
-0.249 -0.061 -1.779
-0.162 -0.001 -1.886
-0.337 -0.116 -1.962
-0.289 -0.040 -1.984
-0.319 -0.093 -2.050
-0.245 -0.029 -1.883
-0.255 -0.024 -1.821
-0.243  0.000 -1.743
-0.277 -0.020 -1.854
-0.261 -0.011 -1.951
-0.266 -0.045 -1.897
-0.222  0.019 -1.900
-0.358 -0.109 -2.043
-0.319 -0.047 -1.991
-0.349 -0.094 -1.984
-0.282 -0.043 -1.852
-0.329 -0.066 -1.884
-0.383 -0.137 -2.013
-0.333 -0.056 -1.853
-0.304 -0.061 -1.899
-0.314 -0.058 -1.935
-0.277 -0.048 -1.810
-0.338 -0.060 -1.896
-0.383 -0.101 -2.029
-0.246  0.022 -1.954
-0.320 -0.040 -1.877
-0.210  0.016 -1.795
-0.281 -0.041 -1.819
-0.231  0.005 -1.755
-0.284 -0.034 -1.827
-0.270 -0.004 -1.884
-0.275 -0.037 -1.855
-0.165  0.069 -1.743
-0.234 -0.008 -1.725
-0.169  0.074 -1.627
-0.259 -0.008 -1.767
-0.228  0.015 -1.802
-0.285 -0.044 -1.847
-0.286 -0.009 -1.843
-0.289 -0.043 -1.802
-0.304 -0.074 -1.881
-0.323 -0.061 -1.900
-0.324 -0.167 -2.021
-0.324 -0.056 -1.847
-0.303 -0.031 -1.801
-0.311 -0.058 -1.923
-0.319 -0.086 -1.955
-0.287 -0.056 -1.910
-0.303 -0.063 -1.903
-0.316 -0.035 -1.932
-0.335 -0.081 -2.023
-0.146  0.082 -1.815
-0.304 -0.062 -1.997
-0.260  0.013 -1.923
-0.289 -0.048 -1.868
-0.255 -0.007 -1.846
-0.305 -0.068 -1.982
-0.321 -0.157 -2.156
-0.284 -0.057 -1.961
-0.247 -0.000 -1.995
-0.270 -0.059 -1.963
-0.223 -0.034 -1.900
-0.206 -0.009 -1.942
-0.227 -0.046 -1.935
-0.125  0.067 -1.873
-0.295 -0.065 -1.978
-0.284 -0.046 -1.993
-0.312 -0.099 -1.996
-0.198  0.017 -1.868
-0.301 -0.109 -2.031
-0.198 -0.007 -1.917
-0.264 -0.086 -1.958
-0.194  0.013 -1.868
-0.258 -0.062 -1.890
-0.207 -0.024 -1.787
-0.195 -0.014 -1.793
-0.225 -0.044 -1.878
-0.221 -0.027 -1.869
-0.248 -0.046 -1.862
-0.202 -0.019 -1.761
-0.189 -0.041 -1.739
-0.062  0.078 -1.684
-0.185 -0.053 -1.789
-0.149  0.035 -1.730
-0.196 -0.033 -1.711
-0.196  0.004 -1.780
-0.166 -0.004 -1.710
-0.142  0.042 -1.649
-0.193 -0.004 -1.638
-0.144  0.050 -1.512
-0.122  0.050 -1.490
-0.155  0.028 -1.666
-0.158  0.008 -1.693
-0.176  0.003 -1.640
-0.163  0.028 -1.527
-0.199 -0.012 -1.624
-0.164  0.032 -1.615
-0.175  0.021 -1.687
-0.164  0.058 -1.661
-0.216  0.008 -1.676
-0.106  0.121 -1.553
-0.153  0.037 -1.541
-0.196  0.030 -1.662
-0.185  0.010 -1.651
-0.119 -0.027 -1.621
-0.144  0.044 -1.449
-0.199  0.013 -1.536
-0.235  0.028 -1.650
-0.247 -0.011 -1.633
-0.205  0.026 -1.631
-0.266 -0.003 -1.683
-0.280 -0.001 -1.656
-0.247  0.005 -1.654
-0.232 -0.001 -1.666
-0.204  0.038 -1.611
-0.223  0.010 -1.679
-0.243  0.028 -1.671
-0.279 -0.026 -1.720
-0.155  0.092 -1.566
-0.248 -0.009 -1.611
-0.187  0.046 -1.547
-0.267 -0.034 -1.719
-0.276 -0.009 -1.702
-0.282 -0.029 -1.688
-0.257 -0.113 -1.823
-0.273 -0.041 -1.810
-0.297 -0.060 -1.856
-0.258 -0.036 -1.764
-0.286 -0.043 -1.768
-0.266 -0.039 -1.700
-0.295 -0.055 -1.762
-0.218  0.010 -1.922
-0.344 -0.195 -2.273
-0.171  0.024 -1.834
-0.203 -0.047 -1.718
-0.190 -0.026 -1.778
-0.226 -0.065 -1.827
-0.256 -0.066 -1.909
-0.266 -0.084 -1.910
-0.165  0.047 -1.767
-0.234 -0.039 -1.799
-0.189 -0.015 -1.677
-0.180  0.015 -1.634
-0.191 -0.005 -1.686
-0.206  0.040 -1.629
-0.165  0.046 -1.575
-0.203  0.010 -1.684
-0.185 -0.032 -1.757
-0.194  0.025 -1.654
-0.170 -0.010 -1.595
-0.195  0.030 -1.563
-0.087  0.119 -1.344
-0.171  0.041 -1.484
-0.143  0.040 -1.471
-0.202  0.020 -1.577
-0.250 -0.019 -1.696
-0.261 -0.023 -1.681
-0.255 -0.020 -1.656
-0.130  0.104 -1.535
-0.276 -0.038 -1.830
-0.203  0.020 -1.760
-0.297 -0.049 -1.818
-0.204  0.021 -1.587
-0.208  0.018 -1.530
-0.172 -0.043 -1.620
-0.201  0.041 -1.532
-0.162  0.094 -1.581
-0.213  0.032 -1.549
-0.193  0.036 -1.506
-0.156  0.075 -1.486
-0.168  0.059 -1.526
-0.067  0.141 -1.480
-0.071  0.109 -1.303
-0.065  0.118 -1.354
-0.122  0.051 -1.382
-0.080  0.021 -1.366
-0.142  0.033 -1.485
-0.080  0.097 -1.356
-0.111  0.071 -1.415
-0.179  0.013 -1.559
-0.149  0.038 -1.535
-0.164  0.022 -1.510
-0.156  0.047 -1.600
-0.174 -0.000 -1.615
-0.106  0.058 -1.393
-0.104  0.046 -1.369
-0.281 -0.033 -1.741
-0.389 -0.128 -1.790
-0.210  0.024 -1.477
-0.338 -0.079 -1.870
-0.228 -0.010 -1.729
-0.123  0.058 -1.679
-0.252  0.003 -1.623
-0.313 -0.048 -1.848
-0.348 -0.032 -1.892
-0.214  0.023 -1.756
-0.223  0.015 -1.693
-0.142  0.091 -1.550
-0.205  0.029 -1.595
-0.217  0.038 -1.723
-0.164  0.031 -1.569
-0.191  0.050 -1.677
-0.262 -0.016 -1.668
-0.194  0.035 -1.838
-0.339 -0.074 -2.070
-0.284 -0.107 -2.123
-0.131 -0.101 -1.791
-0.238 -0.133 -2.244
-0.330 -0.249 -2.384
-0.194 -0.132 -2.152
-0.261 -0.156 -2.204
-0.291 -0.041 -2.149
-0.231 -0.089 -2.138
-0.325 -0.092 -2.248
-0.286 -0.046 -2.013
-0.442 -0.141 -2.265
-0.145  0.067 -1.753
-0.183 -0.003 -1.782
-0.179  0.016 -1.722
-0.194 -0.020 -1.790
-0.334 -0.084 -1.996
-0.283  0.000 -1.862
-0.323 -0.050 -1.855
-0.213  0.040 -1.785
-0.264 -0.040 -1.778
-0.246  0.010 -1.663
-0.181 -0.012 -1.775
-0.266  0.011 -1.655
-0.236 -0.008 -1.653
-0.195  0.033 -1.581
-0.082  0.117 -1.382
-0.157  0.063 -1.396
-0.141  0.101 -1.497
-0.161  0.052 -1.466
-0.105  0.124 -1.541
-0.207  0.027 -1.594
-0.117  0.123 -1.441
-0.283  0.006 -1.577
-0.234  0.068 -1.653
-0.285 -0.020 -1.724
-0.185  0.061 -1.689
-0.186  0.008 -1.658
-0.139  0.074 -1.607
-0.169 -0.005 -1.531
-0.121  0.033 -1.500
-0.149 -0.002 -1.599
-0.157 -0.083 -1.726
-0.174 -0.007 -1.579
-0.134 -0.079 -1.626
-0.089  0.047 -1.361
-0.096  0.014 -1.432
-0.074  0.046 -1.361
-0.117  0.004 -1.450
-0.098  0.034 -1.303
-0.196 -0.003 -1.431
-0.210 -0.003 -1.528
-0.215 -0.009 -1.544
-0.034  0.142 -1.332
-0.119  0.059 -1.258
-0.075  0.130 -1.219
-0.213 -0.015 -1.466
-0.245 -0.035 -1.638
-0.220 -0.045 -1.545
-0.236 -0.048 -1.530
-0.301 -0.078 -1.595
-0.133  0.018 -1.451
-0.168 -0.019 -1.411
-0.203 -0.036 -1.560
-0.250 -0.100 -1.640
-0.402 -0.173 -1.889
-0.274 -0.079 -1.616
-0.226 -0.053 -1.561
