 0.808  1.107  0.157
 0.903  1.219  0.050
 0.959  1.341  0.139
 0.909  1.390  0.234
 0.807  1.392  0.439
 0.795  1.387  0.631
 0.777  1.323  0.679
 0.550  1.152  0.538
 0.469  1.112  0.522
 0.421  1.081  0.527
 0.453  1.210  0.499
 0.626  1.461  0.308
 0.561  1.471  0.119
 0.488  1.447  0.210
 0.445  1.451  0.346
 0.337  1.352  0.342
 0.253  1.281  0.348
 0.216  1.233  0.316
 0.124  1.131  0.224
 0.127  1.104  0.203
 0.164  1.104  0.205
 0.151  1.039  0.148
 0.065  0.973  0.151
 0.116  0.952  0.109
 0.130  0.857  0.016
 0.099  0.836  0.095
 0.161  0.858  0.132
 0.118  0.747  0.090
 0.134  0.761  0.205
 0.253  0.847  0.259
 0.251  0.833  0.290
 0.257  0.864  0.304
 0.231  0.852  0.294
 0.177  0.740  0.201
 0.131  0.698  0.289
 0.174  0.686  0.326
 0.168  0.608  0.345
 0.137  0.555  0.372
 0.113  0.559  0.454
 0.182  0.676  0.472
 0.227  0.828  0.514
 0.211  0.856  0.579
 0.189  0.828  0.643
 0.176  0.760  0.670
 0.120  0.634  0.647
 0.063  0.548  0.686
 0.025  0.533  0.728
 0.131  0.670  0.765
 0.355  0.889  0.784
 0.609  0.884  0.779
 0.681  0.815  0.800
 0.632  0.764  0.894
 0.532  0.668  0.876
 0.314  0.617  0.751
 0.158  0.476  0.566
 0.109  0.409  0.553
 0.001  0.287  0.569
-0.012  0.216  0.488
-0.127  0.161  0.389
-0.103  0.122  0.243
-0.209 -0.031  0.227
-0.152 -0.031  0.335
-0.102 -0.027  0.400
-0.153 -0.047  0.417
-0.033 -0.046  0.498
-0.018 -0.087  0.515
-0.142 -0.142  0.554
-0.180 -0.195  0.573
-0.103 -0.240  0.568
-0.035 -0.224  0.583
-0.089 -0.313  0.563
-0.061 -0.268  0.587
-0.013 -0.095  0.539
-0.041 -0.067  0.284
 0.002 -0.123  0.302
-0.024 -0.176  0.419
 0.014 -0.195  0.494
-0.023 -0.220  0.538
-0.153 -0.285  0.564
-0.245 -0.342  0.574
-0.307 -0.371  0.564
-0.371 -0.400  0.550
-0.417 -0.420  0.546
-0.436 -0.404  0.576
-0.382 -0.450  0.510
-0.338 -0.453  0.488
-0.249 -0.390  0.473
-0.257 -0.404  0.501
-0.234 -0.393  0.490
-0.223 -0.325  0.516
-0.250 -0.199  0.616
-0.281 -0.090  0.662
-0.291 -0.105  0.678
-0.222 -0.096  0.664
-0.224 -0.142  0.623
-0.224 -0.192  0.558
-0.195 -0.216  0.497
-0.238 -0.307  0.378
-0.275 -0.339  0.358
-0.254 -0.320  0.305
-0.334 -0.359  0.315
-0.214 -0.364  0.231
-0.130 -0.329  0.165
-0.156 -0.386  0.103
-0.144 -0.389  0.081
-0.127 -0.395  0.067
-0.154 -0.427  0.034
-0.212 -0.454  0.006
-0.229 -0.451  0.039
-0.129 -0.429  0.022
-0.099 -0.434 -0.029
-0.089 -0.464 -0.053
-0.084 -0.485 -0.092
-0.026 -0.455 -0.125
-0.104 -0.522 -0.155
-0.149 -0.541 -0.178
-0.184 -0.562 -0.201
-0.090 -0.576 -0.257
-0.054 -0.577 -0.303
-0.065 -0.601 -0.336
-0.040 -0.574 -0.327
 0.013 -0.535 -0.326
-0.001 -0.581 -0.437
-0.058 -0.526 -0.272
 0.023 -0.440 -0.279
 0.084 -0.454 -0.266
 0.103 -0.492 -0.333
 0.098 -0.508 -0.348
 0.089 -0.530 -0.363
 0.128 -0.481 -0.353
 0.094 -0.492 -0.332
 0.063 -0.489 -0.330
-0.002 -0.465 -0.333
-0.019 -0.478 -0.435
-0.065 -0.471 -0.516
-0.118 -0.478 -0.599
-0.093 -0.429 -0.561
-0.085 -0.363 -0.557
-0.153 -0.297 -0.575
-0.274 -0.228 -0.560
-0.393 -0.182 -0.492
-0.391 -0.196 -0.473
-0.295 -0.185 -0.456
-0.250 -0.199 -0.440
-0.252 -0.245 -0.457
-0.239 -0.288 -0.496
-0.238 -0.310 -0.502
-0.317 -0.373 -0.519
-0.258 -0.363 -0.511
-0.129 -0.334 -0.522
-0.094 -0.326 -0.531
-0.055 -0.319 -0.525
-0.059 -0.338 -0.547
-0.083 -0.370 -0.563
-0.105 -0.377 -0.546
-0.136 -0.368 -0.506
-0.134 -0.358 -0.496
-0.027 -0.348 -0.519
 0.021 -0.321 -0.521
 0.026 -0.323 -0.527
 0.043 -0.328 -0.521
 0.080 -0.300 -0.495
 0.034 -0.315 -0.486
 0.005 -0.300 -0.432
 0.015 -0.266 -0.423
 0.091 -0.282 -0.458
 0.130 -0.280 -0.445
 0.208 -0.238 -0.435
 0.263 -0.244 -0.520
 0.215 -0.224 -0.375
 0.211 -0.209 -0.349
 0.142 -0.215 -0.322
 0.075 -0.213 -0.303
 0.170 -0.203 -0.311
 0.161 -0.224 -0.335
 0.171 -0.223 -0.333
 0.155 -0.245 -0.336
 0.160 -0.248 -0.341
 0.169 -0.232 -0.339
 0.108 -0.289 -0.429
 0.012 -0.260 -0.314
 0.185 -0.208 -0.345
 0.236 -0.229 -0.413
 0.197 -0.254 -0.380
 0.215 -0.221 -0.369
 0.173 -0.253 -0.373
 0.104 -0.274 -0.391
-0.026 -0.314 -0.408
-0.050 -0.300 -0.365
 0.160 -0.230 -0.363
 0.159 -0.263 -0.455
 0.148 -0.246 -0.372
 0.201 -0.197 -0.368
 0.111 -0.247 -0.359
 0.052 -0.259 -0.343
 0.013 -0.230 -0.302
 0.049 -0.225 -0.270
 0.130 -0.201 -0.268
 0.121 -0.206 -0.291
 0.111 -0.224 -0.316
 0.146 -0.194 -0.295
 0.128 -0.198 -0.293
 0.069 -0.188 -0.228
 0.100 -0.119 -0.208
 0.179 -0.189 -0.365
 0.152 -0.167 -0.231
 0.229 -0.105 -0.217
 0.148 -0.144 -0.200
 0.150 -0.138 -0.202
 0.106 -0.109 -0.150
 0.042 -0.101 -0.100
 0.060 -0.060 -0.055
 0.146 -0.041 -0.070
 0.177 -0.041 -0.082
 0.188 -0.036 -0.087
 0.141 -0.065 -0.126
 0.094 -0.078 -0.108
 0.082 -0.028 -0.102
-0.008 -0.042 -0.043
 0.058 -0.067 -0.096
 0.117 -0.046 -0.111
 0.112 -0.054 -0.110
 0.134 -0.034 -0.095
 0.080 -0.061 -0.104
 0.002 -0.093 -0.096
-0.053 -0.077 -0.063
-0.016 -0.105 -0.100
 0.022 -0.107 -0.101
 0.060 -0.077 -0.114
 0.035 -0.129 -0.198
-0.005 -0.115 -0.121
-0.042 -0.114 -0.122
-0.164 -0.154 -0.094
-0.118 -0.118 -0.064
-0.063 -0.122 -0.103
-0.012 -0.105 -0.081
 0.043 -0.056 -0.040
 0.031 -0.065 -0.035
 0.017 -0.076 -0.027
 0.018 -0.026 -0.002
-0.075 -0.115 -0.111
-0.124 -0.107 -0.007
 0.010 -0.035 -0.025
-0.058 -0.083  0.000
-0.036 -0.055  0.002
-0.024 -0.032  0.037
-0.065 -0.045  0.032
-0.082 -0.017  0.066
-0.156 -0.061 -0.018
-0.099 -0.027  0.073
 0.069  0.073  0.092
 0.107  0.061  0.028
 0.028  0.035  0.093
 0.033  0.055  0.096
-0.029  0.018  0.100
-0.066  0.012  0.137
-0.136  0.002  0.158
-0.033  0.013  0.136
 0.025  0.034  0.122
 0.001  0.010  0.094
-0.025  0.008  0.089
 0.053  0.064  0.104
-0.102 -0.037  0.092
-0.171 -0.039  0.129
-0.164 -0.046  0.143
-0.076 -0.044  0.100
-0.019  0.001  0.086
-0.007  0.005  0.059
-0.083 -0.055  0.076
-0.092 -0.058  0.094
-0.150 -0.070  0.130
-0.202 -0.046  0.166
-0.144 -0.047  0.152
-0.066 -0.043  0.132
 0.039  0.028  0.117
-0.031 -0.032  0.130
-0.012 -0.029  0.100
-0.036 -0.054  0.096
-0.060 -0.051  0.123
-0.043 -0.000  0.163
-0.091 -0.054  0.052
-0.024 -0.012  0.149
 0.113  0.059  0.145
 0.109 -0.007  0.018
 0.036 -0.002  0.126
 0.067  0.046  0.148
-0.064  0.008  0.205
-0.065  0.033  0.223
 0.059  0.072  0.205
 0.063  0.053  0.191
 0.118  0.109  0.230
 0.107  0.099  0.247
 0.137  0.123  0.258
 0.157  0.176  0.270
 0.051  0.146  0.299
 0.005  0.112  0.312
 0.141  0.164  0.289
 0.102  0.123  0.265
 0.085  0.089  0.216
 0.154  0.139  0.187
 0.073  0.057  0.151
 0.049  0.053  0.144
 0.043  0.061  0.155
-0.041  0.046  0.186
-0.101  0.047  0.218
-0.039  0.070  0.201
-0.025  0.030  0.137
-0.031 -0.008  0.082
-0.005  0.008  0.067
-0.090 -0.044  0.065
-0.123 -0.069  0.045
-0.171 -0.062  0.101
-0.210 -0.037  0.157
-0.140 -0.027  0.125
-0.142 -0.054  0.084
-0.122 -0.049  0.093
-0.098 -0.045  0.083
-0.112 -0.049  0.086
-0.106 -0.055  0.099
-0.118 -0.012  0.133
-0.207 -0.055  0.101
-0.160 -0.027  0.164
-0.053  0.009  0.128
-0.101 -0.028  0.128
-0.095 -0.024  0.124
-0.106 -0.030  0.116
-0.092 -0.020  0.123
-0.080  0.035  0.145
-0.166  0.025  0.200
-0.150  0.048  0.219
-0.090  0.026  0.186
-0.074  0.018  0.160
-0.012  0.057  0.159
-0.070  0.016  0.164
-0.047  0.043  0.171
-0.067  0.029  0.186
-0.100  0.043  0.236
-0.098  0.087  0.261
-0.034  0.033  0.138
-0.023  0.019  0.164
 0.046  0.030  0.125
-0.020 -0.044  0.079
-0.006 -0.042  0.075
-0.015 -0.092 -0.056
-0.066 -0.069  0.064
-0.122 -0.081  0.092
-0.190 -0.068  0.153
-0.158 -0.079  0.119
-0.141 -0.113  0.065
-0.129 -0.124  0.049
-0.055 -0.063  0.074
-0.071 -0.081  0.047
-0.115 -0.113  0.056
-0.165 -0.114  0.084
-0.200 -0.089  0.125
-0.175 -0.105  0.106
-0.112 -0.113  0.050
-0.084 -0.116  0.024
-0.009 -0.068  0.045
 0.011 -0.055  0.025
-0.029 -0.088  0.054
-0.104 -0.098  0.083
-0.130 -0.071  0.140
-0.085 -0.051  0.149
-0.001 -0.067  0.057
-0.014 -0.089  0.049
 0.046 -0.042  0.045
-0.028 -0.101  0.038
-0.006 -0.084  0.044
-0.079 -0.131  0.008
-0.127 -0.131  0.040
-0.122 -0.076  0.055
-0.163 -0.118  0.093
-0.096 -0.151  0.002
-0.067 -0.132  0.014
-0.049 -0.124  0.032
-0.024 -0.104  0.053
-0.037 -0.130  0.015
-0.074 -0.112  0.100
-0.088 -0.066  0.143
-0.143 -0.059  0.191
-0.063 -0.071  0.124
-0.031 -0.076  0.089
 0.004 -0.081  0.078
-0.007 -0.091  0.039
-0.038 -0.133 -0.031
-0.092 -0.143  0.016
-0.140 -0.136  0.024
-0.209 -0.168  0.044
-0.166 -0.179 -0.004
-0.145 -0.201 -0.052
-0.120 -0.210 -0.070
-0.124 -0.209 -0.095
-0.135 -0.213 -0.086
-0.093 -0.143 -0.023
 0.057  0.036  0.113
-0.050  0.042  0.225
-0.062  0.006  0.154
-0.037 -0.003  0.107
-0.039 -0.027  0.079
-0.067 -0.048  0.034
-0.074 -0.101 -0.101
-0.179 -0.134  0.015
-0.205 -0.102  0.062
-0.215 -0.091  0.092
-0.111 -0.082  0.071
-0.091 -0.107  0.028
-0.066 -0.115  0.021
-0.014 -0.083  0.034
-0.034 -0.101  0.046
-0.085 -0.113  0.110
-0.120 -0.076  0.135
-0.096 -0.074  0.129
-0.061 -0.095  0.085
-0.087 -0.157  0.020
-0.084 -0.168 -0.004
-0.047 -0.124  0.027
-0.033 -0.155 -0.068
-0.107 -0.119  0.113
-0.128 -0.091  0.150
-0.079 -0.107  0.136
-0.031 -0.103  0.107
-0.046 -0.130  0.072
-0.024 -0.137  0.056
 0.041 -0.086  0.062
-0.061 -0.161  0.034
-0.084 -0.141  0.077
-0.106 -0.156  0.029
-0.056 -0.128  0.105
 0.013 -0.108  0.041
-0.060 -0.171  0.010
-0.049 -0.170 -0.001
-0.085 -0.196 -0.047
-0.061 -0.054  0.032
-0.048  0.117  0.168
-0.037  0.155  0.200
-0.025  0.149  0.374
 0.027  0.154  0.325
-0.036  0.077  0.330
-0.046  0.044  0.273
-0.091  0.001  0.226
-0.156 -0.043  0.198
-0.169 -0.020  0.205
-0.160 -0.074  0.071
-0.160 -0.130  0.107
-0.092 -0.135  0.068
-0.102 -0.169  0.061
-0.074 -0.156  0.075
-0.132 -0.207  0.077
-0.175 -0.211  0.126
-0.183 -0.190  0.152
-0.117 -0.244  0.064
-0.088 -0.259  0.012
-0.052 -0.243  0.022
-0.206 -0.401 -0.061
-0.264 -0.432 -0.050
-0.313 -0.379 -0.008
-0.398 -0.364  0.033
-0.269 -0.335  0.039
-0.237 -0.322  0.050
-0.232 -0.348  0.014
-0.124 -0.327 -0.073
-0.159 -0.311  0.002
-0.136 -0.282 -0.012
-0.224 -0.333 -0.031
-0.284 -0.287  0.054
-0.227 -0.280  0.022
-0.186 -0.321 -0.043
-0.171 -0.339 -0.087
-0.164 -0.342 -0.107
-0.173 -0.360 -0.140
-0.188 -0.353 -0.107
-0.237 -0.320 -0.073
-0.352 -0.335 -0.043
-0.232 -0.355 -0.076
-0.154 -0.349 -0.103
-0.181 -0.383 -0.133
-0.176 -0.376 -0.139
-0.130 -0.349 -0.148
-0.163 -0.335 -0.154
-0.299 -0.355 -0.050
-0.227 -0.312 -0.066
-0.134 -0.389 -0.262
-0.127 -0.350 -0.119
-0.070 -0.286 -0.118
-0.128 -0.308 -0.085
-0.135 -0.307 -0.125
-0.180 -0.292 -0.061
-0.251 -0.257  0.008
-0.165 -0.273 -0.051
-0.099 -0.238 -0.084
-0.082 -0.237 -0.088
-0.075 -0.239 -0.082
-0.077 -0.236 -0.074
-0.118 -0.223 -0.037
-0.152 -0.168  0.016
-0.210 -0.205  0.021
-0.099 -0.235 -0.030
-0.017 -0.210 -0.050
 0.001 -0.261 -0.196
-0.063 -0.247 -0.076
-0.086 -0.234 -0.057
-0.207 -0.235  0.024
-0.154 -0.220  0.042
 0.001 -0.143  0.034
-0.003 -0.165  0.040
 0.002 -0.158  0.029
-0.036 -0.209  0.003
-0.045 -0.220  0.004
-0.095 -0.198  0.034
-0.181 -0.198  0.049
-0.056 -0.218 -0.005
 0.018 -0.189 -0.037
-0.017 -0.216 -0.057
-0.024 -0.210 -0.060
 0.010 -0.172 -0.059
-0.084 -0.214 -0.009
-0.175 -0.225  0.007
-0.081 -0.197 -0.003
-0.052 -0.244 -0.041
-0.024 -0.243 -0.085
-0.023 -0.225 -0.077
-0.077 -0.265 -0.112
-0.050 -0.245 -0.065
-0.074 -0.274 -0.135
-0.213 -0.234  0.043
-0.051 -0.188 -0.026
-0.001 -0.257 -0.213
-0.073 -0.269 -0.097
-0.026 -0.237 -0.080
-0.044 -0.259 -0.036
-0.043 -0.254 -0.018
-0.107 -0.216  0.063
-0.174 -0.185  0.114
-0.058 -0.202  0.081
-0.027 -0.199  0.048
-0.012 -0.196  0.039
 0.030 -0.149  0.054
 0.076 -0.136 -0.006
 0.011 -0.169  0.041
-0.065 -0.178  0.035
-0.157 -0.156  0.070
-0.069 -0.170  0.015
 0.028 -0.124  0.013
 0.042 -0.121  0.049
 0.081 -0.078  0.098
 0.094 -0.070  0.087
 0.072 -0.086  0.118
 0.073 -0.045  0.140
 0.004 -0.062  0.172
-0.057 -0.011  0.238
 0.028 -0.055  0.149
 0.039 -0.093  0.083
 0.064 -0.105  0.072
 0.010 -0.158  0.017
 0.029 -0.150  0.005
 0.033 -0.137 -0.019
-0.094 -0.205  0.016
-0.156 -0.178  0.069
-0.053 -0.178  0.019
-0.001 -0.185 -0.016
 0.041 -0.153 -0.010
-0.000 -0.210 -0.045
 0.033 -0.135 -0.012
 0.098  0.060  0.138
 0.006  0.147  0.279
 0.029  0.261  0.441
 0.146  0.272  0.409
 0.122  0.197  0.356
 0.108  0.169  0.341
 0.121  0.174  0.300
 0.115  0.141  0.218
 0.012  0.151  0.381
 0.078  0.272  0.430
 0.174  0.167  0.252
 0.133  0.158  0.320
 0.157  0.155  0.270
 0.084  0.021  0.117
-0.017 -0.020  0.175
-0.016  0.046  0.244
-0.115 -0.007  0.225
-0.013 -0.033  0.179
 0.030 -0.011  0.157
 0.010 -0.041  0.153
-0.004 -0.059  0.132
 0.007 -0.066  0.138
-0.067 -0.109  0.112
-0.138 -0.115  0.153
-0.158 -0.099  0.157
-0.006 -0.101  0.086
-0.020 -0.154  0.032
 0.000 -0.147  0.026
 0.009 -0.148  0.016
 0.008 -0.165  0.038
-0.033 -0.164  0.085
-0.046 -0.118  0.086
 0.039 -0.196 -0.016
 0.076 -0.188  0.018
 0.090 -0.167  0.018
 0.037 -0.202 -0.026
 0.011 -0.217 -0.026
-0.016 -0.183  0.001
-0.129 -0.191  0.044
-0.066 -0.239  0.016
 0.018 -0.244 -0.048
 0.029 -0.282 -0.080
 0.032 -0.303 -0.082
 0.058 -0.283 -0.067
-0.032 -0.297 -0.036
-0.130 -0.256  0.006
-0.029 -0.245  0.010
 0.005 -0.284 -0.058
-0.008 -0.307 -0.100
-0.006 -0.303 -0.113
-0.028 -0.331 -0.130
-0.064 -0.340 -0.131
-0.135 -0.334 -0.086
-0.178 -0.316 -0.101
-0.052 -0.397 -0.307
-0.065 -0.360 -0.185
-0.044 -0.338 -0.192
-0.054 -0.319 -0.157
-0.091 -0.334 -0.134
-0.111 -0.273 -0.066
-0.236 -0.278 -0.026
-0.084 -0.225 -0.001
-0.036 -0.215 -0.019
-0.071 -0.249 -0.055
-0.056 -0.246 -0.065
 0.019 -0.164 -0.007
-0.025 -0.134  0.023
-0.036 -0.047  0.122
 0.006 -0.000  0.165
 0.097 -0.016  0.119
 0.094 -0.073  0.064
 0.079 -0.099  0.024
 0.033 -0.158 -0.025
 0.006 -0.183 -0.015
-0.068 -0.203  0.001
-0.125 -0.214 -0.022
-0.023 -0.223 -0.060
-0.009 -0.253 -0.118
 0.021 -0.220 -0.114
-0.040 -0.274 -0.118
-0.082 -0.277 -0.125
-0.099 -0.211 -0.079
-0.067 -0.174 -0.137
-0.048 -0.197 -0.050
 0.050 -0.168 -0.066
 0.025 -0.226 -0.135
-0.015 -0.226 -0.086
 0.003 -0.204 -0.080
-0.066 -0.215 -0.060
-0.127 -0.178 -0.012
-0.095 -0.205 -0.065
-0.051 -0.200 -0.074
-0.045 -0.234 -0.133
-0.038 -0.228 -0.166
 0.003 -0.234 -0.223
-0.076 -0.191 -0.057
-0.024  0.068  0.077
 0.069  0.157  0.202
 0.139  0.158  0.251
 0.197  0.182  0.267
 0.150  0.133  0.248
 0.078  0.085  0.213
 0.063  0.094  0.217
-0.035  0.078  0.251
-0.079  0.104  0.305
 0.056  0.077  0.243
 0.060  0.021  0.152
 0.106  0.029  0.145
 0.142  0.019  0.130
 0.101 -0.026  0.086
 0.056 -0.029  0.124
 0.005  0.028  0.206
 0.118  0.062  0.200
 0.282  0.151  0.203
 0.228  0.153  0.341
 0.300  0.225  0.378
 0.187  0.126  0.288
 0.025  0.079  0.376
-0.181 -0.045  0.383
-0.237 -0.174  0.302
-0.272 -0.354  0.208
-0.289 -0.380  0.176
-0.337 -0.373  0.129
-0.423 -0.408  0.061
-0.477 -0.364  0.073
-0.516 -0.301  0.087
-0.423 -0.302 -0.005
-0.454 -0.384 -0.042
-0.435 -0.363 -0.111
-0.451 -0.390 -0.141
-0.437 -0.375 -0.144
-0.419 -0.359 -0.132
-0.465 -0.318 -0.056
-0.490 -0.255 -0.184
-0.328 -0.303 -0.381
-0.416 -0.420 -0.390
-0.315 -0.398 -0.378
-0.353 -0.475 -0.354
-0.326 -0.449 -0.332
-0.321 -0.396 -0.243
-0.398 -0.432 -0.232
-0.307 -0.452 -0.273
-0.250 -0.458 -0.298
-0.214 -0.450 -0.293
-0.161 -0.398 -0.276
-0.180 -0.417 -0.312
-0.191 -0.380 -0.249
-0.212 -0.270 -0.164
-0.161 -0.281 -0.170
-0.099 -0.334 -0.241
-0.046 -0.297 -0.266
-0.067 -0.343 -0.357
-0.064 -0.340 -0.554
-0.020 -0.286 -0.651
-0.115 -0.304 -0.569
-0.168 -0.256 -0.522
-0.007 -0.246 -0.552
 0.014 -0.290 -0.587
 0.005 -0.302 -0.579
 0.082 -0.249 -0.514
 0.053 -0.255 -0.489
 0.061 -0.232 -0.436
 0.009 -0.219 -0.388
-0.061 -0.198 -0.351
 0.018 -0.207 -0.333
 0.047 -0.265 -0.398
 0.025 -0.343 -0.460
 0.050 -0.333 -0.444
 0.019 -0.361 -0.486
 0.059 -0.330 -0.375
 0.041 -0.290 -0.284
-0.068 -0.288 -0.221
-0.024 -0.294 -0.231
 0.091 -0.292 -0.271
 0.092 -0.311 -0.273
 0.124 -0.270 -0.231
 0.104 -0.299 -0.211
 0.061 -0.285 -0.154
-0.026 -0.237 -0.079
-0.003 -0.313 -0.185
 0.033 -0.304 -0.128
 0.102 -0.272 -0.150
 0.119 -0.273 -0.125
 0.167 -0.238 -0.077
 0.132 -0.266 -0.138
 0.062 -0.234  0.005
 0.022 -0.141  0.074
 0.059 -0.233  0.019
 0.090 -0.249 -0.016
 0.061 -0.310 -0.087
 0.075 -0.322 -0.089
 0.139 -0.261 -0.080
 0.068 -0.297 -0.063
 0.026 -0.265 -0.001
-0.092 -0.229  0.035
-0.020 -0.286  0.011
 0.098 -0.264 -0.025
 0.075 -0.319 -0.141
 0.080 -0.300 -0.067
 0.120 -0.276 -0.072
 0.046 -0.319 -0.026
-0.027 -0.302  0.022
-0.108 -0.279  0.031
-0.024 -0.329  0.003
 0.018 -0.345 -0.049
-0.028 -0.401 -0.110
-0.029 -0.401 -0.111
 0.023 -0.360 -0.103
-0.067 -0.407 -0.058
-0.127 -0.363 -0.008
-0.067 -0.338  0.027
 0.017 -0.337  0.007
 0.031 -0.335 -0.025
 0.016 -0.354 -0.041
 0.027 -0.334  0.005
 0.101 -0.258  0.054
-0.016 -0.285  0.130
-0.069 -0.235  0.194
 0.010 -0.220  0.175
 0.069 -0.258  0.132
 0.094 -0.253  0.086
 0.068 -0.283  0.040
 0.065 -0.275  0.016
 0.051 -0.289 -0.007
 0.014 -0.276  0.042
-0.040 -0.219  0.145
-0.000 -0.201  0.128
-0.007 -0.299  0.005
 0.017 -0.310  0.005
 0.072 -0.276 -0.007
 0.029 -0.350 -0.036
 0.034 -0.365 -0.062
-0.018 -0.378 -0.060
-0.086 -0.339  0.011
-0.107 -0.368  0.009
-0.075 -0.410 -0.038
-0.051 -0.395 -0.028
-0.010 -0.385 -0.026
-0.039 -0.423 -0.006
-0.055 -0.466 -0.061
-0.104 -0.485 -0.080
-0.159 -0.479 -0.039
-0.191 -0.403 -0.028
-0.055 -0.431 -0.134
-0.078 -0.450 -0.088
-0.022 -0.431 -0.092
-0.045 -0.452 -0.093
-0.020 -0.443 -0.079
-0.038 -0.452 -0.074
-0.080 -0.460 -0.037
-0.141 -0.405  0.047
-0.234 -0.433  0.043
-0.100 -0.424  0.055
-0.013 -0.382  0.082
-0.014 -0.404  0.045
-0.006 -0.408  0.053
 0.020 -0.391  0.040
-0.086 -0.436  0.062
-0.186 -0.429  0.082
-0.146 -0.420  0.079
-0.086 -0.474 -0.001
-0.066 -0.491 -0.034
-0.064 -0.510 -0.055
-0.031 -0.491 -0.046
 0.007 -0.464 -0.048
-0.076 -0.490 -0.020
-0.135 -0.451  0.048
-0.165 -0.422  0.058
-0.085 -0.491 -0.033
-0.057 -0.511 -0.066
-0.018 -0.529 -0.090
-0.001 -0.561 -0.219
-0.052 -0.532 -0.077
-0.053 -0.470 -0.004
-0.137 -0.453  0.058
-0.105 -0.461  0.053
-0.040 -0.469 -0.012
-0.012 -0.489 -0.034
-0.027 -0.500 -0.063
 0.001 -0.477 -0.075
-0.060 -0.509 -0.068
-0.092 -0.474 -0.020
-0.174 -0.452  0.015
-0.103 -0.461  0.005
-0.064 -0.495 -0.045
-0.075 -0.525 -0.101
-0.050 -0.483 -0.058
-0.045 -0.427 -0.010
-0.110 -0.461 -0.047
-0.179 -0.378  0.110
-0.022 -0.323  0.097
 0.030 -0.401 -0.084
-0.049 -0.445  0.029
-0.016 -0.416  0.029
-0.059 -0.410  0.108
-0.140 -0.422  0.122
-0.121 -0.394  0.128
-0.037 -0.395  0.125
-0.002 -0.458  0.026
 0.010 -0.456 -0.031
-0.014 -0.471 -0.024
-0.035 -0.451  0.040
-0.116 -0.414  0.085
-0.135 -0.358  0.172
-0.068 -0.384  0.117
-0.035 -0.406  0.068
-0.016 -0.421  0.034
-0.053 -0.479 -0.037
-0.105 -0.538 -0.059
-0.129 -0.475  0.013
-0.165 -0.421  0.068
-0.077 -0.449  0.030
-0.048 -0.470 -0.017
-0.027 -0.483 -0.036
-0.026 -0.483 -0.059
-0.021 -0.489 -0.063
-0.011 -0.491 -0.075
-0.027 -0.515 -0.098
-0.035 -0.511 -0.102
-0.038 -0.512 -0.102
-0.013 -0.497 -0.117
-0.011 -0.488 -0.145
-0.123 -0.450  0.014
-0.055 -0.368  0.042
-0.012 -0.444 -0.014
 0.029 -0.431 -0.003
 0.074 -0.375  0.018
 0.062 -0.430 -0.041
 0.024 -0.445  0.003
 0.026 -0.393  0.064
-0.036 -0.402  0.121
-0.079 -0.362  0.179
 0.029 -0.378  0.123
 0.100 -0.402 -0.045
 0.042 -0.408  0.044
 0.086 -0.372  0.017
 0.057 -0.404 -0.042
-0.055 -0.477  0.013
-0.114 -0.458  0.051
-0.190 -0.446  0.112
-0.061 -0.434  0.089
 0.017 -0.403  0.077
 0.023 -0.418  0.057
 0.033 -0.407  0.037
 0.078 -0.412 -0.072
-0.021 -0.422  0.064
-0.069 -0.385  0.118
-0.148 -0.350  0.171
-0.076 -0.393  0.126
-0.026 -0.416  0.071
-0.009 -0.424  0.040
 0.006 -0.424  0.018
-0.003 -0.442  0.018
-0.028 -0.419  0.059
-0.076 -0.388  0.077
-0.137 -0.462 -0.003
-0.084 -0.469  0.025
-0.014 -0.469 -0.017
-0.014 -0.539 -0.176
-0.057 -0.528 -0.086
-0.041 -0.500 -0.061
-0.047 -0.445  0.013
-0.142 -0.434  0.055
-0.138 -0.452  0.051
-0.042 -0.459  0.013
 0.025 -0.458 -0.008
 0.016 -0.458 -0.047
 0.043 -0.430  0.018
 0.052 -0.438  0.007
-0.038 -0.471  0.045
-0.132 -0.444  0.099
-0.179 -0.447  0.088
-0.069 -0.483  0.047
-0.009 -0.470  0.032
-0.001 -0.486 -0.010
 0.018 -0.494 -0.025
 0.034 -0.484 -0.059
-0.019 -0.541 -0.147
-0.130 -0.525 -0.018
-0.167 -0.519 -0.022
-0.116 -0.568 -0.066
-0.086 -0.590 -0.096
-0.066 -0.588 -0.114
-0.058 -0.608 -0.141
-0.082 -0.631 -0.120
-0.074 -0.578 -0.076
-0.105 -0.519 -0.102
-0.111 -0.579 -0.023
-0.004 -0.532 -0.064
-0.041 -0.586 -0.062
-0.032 -0.593 -0.065
-0.051 -0.617 -0.061
-0.076 -0.616 -0.058
-0.110 -0.549  0.021
-0.212 -0.552  0.064
-0.099 -0.580  0.012
 0.004 -0.560 -0.016
 0.046 -0.583 -0.047
 0.012 -0.613 -0.034
-0.045 -0.603  0.006
-0.028 -0.575 -0.011
-0.007 -0.627 -0.083
-0.009 -0.626 -0.057
 0.023 -0.593 -0.035
-0.026 -0.628 -0.037
-0.033 -0.607  0.014
-0.080 -0.603  0.070
-0.125 -0.560  0.123
-0.018 -0.574  0.089
-0.005 -0.614  0.034
-0.012 -0.658  0.012
 0.021 -0.627  0.001
 0.051 -0.621 -0.094
 0.031 -0.604  0.047
 0.013 -0.569  0.074
-0.076 -0.627  0.047
-0.008 -0.642  0.092
 0.054 -0.654  0.056
 0.040 -0.668  0.011
 0.042 -0.709 -0.006
 0.049 -0.703 -0.044
-0.030 -0.787 -0.044
-0.095 -0.796 -0.011
-0.175 -0.778  0.006
-0.135 -0.825  0.011
-0.100 -0.859 -0.077
-0.078 -0.845 -0.105
-0.086 -0.857 -0.109
-0.062 -0.835 -0.087
-0.079 -0.849 -0.114
-0.089 -0.853 -0.042
-0.083 -0.800  0.013
-0.182 -0.816  0.071
-0.077 -0.812  0.056
-0.051 -0.857 -0.026
-0.025 -0.857 -0.046
-0.023 -0.861 -0.081
-0.063 -0.885 -0.103
-0.094 -0.900 -0.091
-0.088 -0.812 -0.032
-0.156 -0.806 -0.064
-0.119 -0.857 -0.016
-0.036 -0.815 -0.036
-0.000 -0.796 -0.022
 0.009 -0.793 -0.024
 0.008 -0.803 -0.009
-0.027 -0.800  0.033
-0.060 -0.744  0.096
-0.150 -0.724  0.187
-0.049 -0.741  0.152
-0.035 -0.778  0.083
-0.018 -0.776  0.064
 0.001 -0.794  0.062
 0.002 -0.815  0.042
-0.079 -0.840  0.055
-0.120 -0.778  0.065
-0.069 -0.835 -0.094
-0.053 -0.835  0.004
 0.007 -0.837 -0.026
-0.064 -0.917 -0.071
-0.055 -0.906 -0.061
-0.106 -0.938 -0.059
-0.155 -0.897  0.013
-0.221 -0.887  0.054
-0.185 -0.936 -0.004
-0.153 -0.943 -0.030
-0.101 -0.952 -0.050
-0.104 -1.004 -0.161
-0.112 -0.993 -0.099
-0.102 -0.962 -0.072
-0.152 -0.937  0.004
-0.206 -0.888  0.082
-0.147 -0.894  0.063
-0.079 -0.947 -0.017
-0.059 -0.975 -0.056
-0.056 -1.016 -0.077
-0.036 -1.013 -0.067
-0.018 -0.998 -0.051
-0.083 -1.000 -0.012
-0.216 -1.037  0.016
-0.112 -1.067 -0.050
-0.123 -1.138 -0.083
-0.070 -1.080 -0.037
-0.056 -1.068 -0.005
-0.059 -1.103  0.004
-0.085 -1.090  0.059
-0.149 -1.092  0.093
-0.155 -1.136  0.084
-0.059 -1.136  0.050
-0.022 -1.156  0.016
-0.024 -1.167 -0.005
-0.027 -1.190 -0.011
-0.098 -1.226 -0.004
-0.159 -1.193  0.052
-0.234 -1.175  0.079
-0.135 -1.194  0.046
-0.091 -1.208 -0.002
-0.092 -1.221 -0.076
-0.096 -1.244 -0.103
-0.086 -1.248 -0.125
-0.104 -1.221 -0.095
-0.166 -1.260 -0.093
-0.174 -1.209  0.013
-0.074 -1.210 -0.039
-0.095 -1.263 -0.121
-0.112 -1.278 -0.092
-0.064 -1.207 -0.052
-0.071 -1.221 -0.069
-0.139 -1.289 -0.041
-0.175 -1.273  0.007
-0.231 -1.248  0.086
-0.194 -1.300  0.046
-0.146 -1.386 -0.106
-0.143 -1.416 -0.144
-0.116 -1.404 -0.139
-0.172 -1.424 -0.128
-0.207 -1.369 -0.038
-0.200 -1.349 -0.014
-0.163 -1.372 -0.055
-0.112 -1.347 -0.027
-0.095 -1.311 -0.017
-0.102 -1.315 -0.000
-0.072 -1.291  0.018
-0.019 -1.209  0.090
 0.103 -1.137  0.176
 0.073 -1.196  0.178
 0.023 -1.177  0.287
-0.062 -1.134  0.350
-0.016 -1.162  0.282
 0.069 -1.210  0.069
-0.006 -1.244  0.136
-0.012 -1.226  0.092
-0.003 -1.243  0.088
 0.083 -1.090  0.275
-0.068 -1.215  0.230
-0.140 -1.192  0.288
-0.205 -1.267  0.084
-0.256 -1.229  0.293
-0.053 -1.217  0.274
-0.051 -1.301  0.170
-0.021 -1.304  0.100
-0.007 -1.270  0.089
-0.008 -1.298 -0.079
-0.026 -1.290  0.059
 0.056 -1.224  0.160
 0.031 -1.253  0.118
 0.006 -1.272  0.058
-0.006 -1.269  0.046
-0.037 -1.332  0.009
-0.040 -1.277  0.063
-0.053 -1.242  0.121
 0.010 -1.230  0.160
-0.015 -1.332  0.065
-0.044 -1.370  0.026
-0.039 -1.350  0.044
-0.060 -1.333  0.007
-0.115 -1.350 -0.019
-0.090 -1.293  0.011
-0.129 -1.281  0.020
-0.156 -1.228  0.069
-0.186 -1.203  0.043
-0.118 -1.241 -0.140
-0.025 -1.095  0.117
 0.092 -1.013  0.156
 0.019 -1.073  0.149
-0.007 -1.105  0.113
-0.053 -1.129  0.102
-0.093 -1.161  0.086
-0.118 -1.098  0.094
-0.222 -1.154 -0.079
-0.307 -1.294 -0.073
-0.194 -1.253 -0.088
-0.139 -1.189 -0.079
-0.203 -1.201 -0.089
-0.262 -1.205 -0.144
-0.333 -1.259 -0.199
-0.319 -1.200 -0.084
-0.364 -1.222 -0.051
-0.274 -1.229 -0.045
-0.122 -1.171  0.013
-0.062 -1.187 -0.052
-0.135 -1.220 -0.019
-0.184 -1.291 -0.091
-0.250 -1.293 -0.125
-0.282 -1.140 -0.006
-0.213 -1.112  0.024
-0.114 -1.114 -0.016
-0.048 -1.136  0.038
-0.029 -1.149  0.087
-0.006 -1.084  0.168
 0.002 -1.061  0.254
 0.068 -1.021  0.460
 0.059 -1.276  0.275
 0.056 -1.357  0.393
 0.131 -1.399  0.394
-0.061 -1.624  0.071
-0.115 -1.705  0.020
-0.146 -1.779 -0.012
-0.237 -1.797 -0.043
-0.274 -1.755 -0.037
-0.285 -1.835 -0.152
-0.261 -1.882 -0.271
-0.209 -1.811 -0.306
-0.186 -1.837 -0.374
-0.168 -1.839 -0.320
-0.173 -1.816 -0.311
-0.254 -1.867 -0.317
-0.249 -1.898 -0.341
-0.181 -1.895 -0.414
-0.168 -1.948 -0.420
-0.150 -1.979 -0.419
-0.124 -1.926 -0.421
-0.042 -1.930 -0.491
-0.120 -1.955 -0.404
-0.096 -1.897 -0.333
-0.089 -1.916 -0.419
-0.086 -1.913 -0.350
-0.032 -1.856 -0.390
-0.062 -1.961 -0.552
-0.115 -1.981 -0.438
-0.035 -1.915 -0.381
-0.049 -1.948 -0.297
-0.064 -1.923 -0.194
-0.098 -1.839 -0.180
-0.100 -1.914 -0.323
-0.049 -1.875 -0.316
-0.045 -1.879 -0.313
-0.020 -1.863 -0.261
-0.013 -1.860 -0.316
-0.095 -1.931 -0.310
-0.114 -1.842 -0.198
-0.144 -1.799 -0.124
-0.096 -1.816 -0.198
-0.064 -1.839 -0.210
 0.003 -1.797 -0.160
-0.023 -1.817 -0.134
 0.012 -1.782 -0.058
 0.089 -1.659  0.108
 0.096 -1.659  0.167
 0.146 -1.673  0.204
 0.200 -1.645  0.251
 0.181 -1.654  0.239
 0.180 -1.627  0.265
 0.165 -1.624  0.261
 0.123 -1.604  0.363
 0.131 -1.519  0.495
 0.185 -1.511  0.475
 0.187 -1.550  0.446
 0.197 -1.547  0.428
 0.191 -1.551  0.419
 0.153 -1.581  0.398
 0.147 -1.587  0.395
 0.115 -1.603  0.415
 0.065 -1.603  0.471
 0.173 -1.514  0.469
 0.184 -1.533  0.449
 0.211 -1.518  0.450
 0.196 -1.515  0.427
 0.159 -1.542  0.404
 0.152 -1.518  0.414
 0.047 -1.576  0.376
 0.014 -1.540  0.471
 0.050 -1.502  0.449
 0.028 -1.608  0.298
 0.019 -1.638  0.272
 0.064 -1.603  0.257
 0.062 -1.662  0.122
 0.017 -1.599  0.360
 0.063 -1.502  0.432
 0.032 -1.572  0.327
 0.044 -1.600  0.344
 0.121 -1.577  0.353
 0.061 -1.640  0.309
 0.042 -1.620  0.268
-0.010 -1.644  0.281
-0.020 -1.584  0.379
-0.013 -1.540  0.402
-0.065 -1.605  0.270
-0.019 -1.599  0.267
 0.052 -1.520  0.320
 0.114 -1.507  0.219
 0.078 -1.488  0.399
 0.111 -1.448  0.501
 0.038 -1.492  0.516
-0.036 -1.583  0.327
-0.047 -1.622  0.209
-0.020 -1.596  0.228
-0.045 -1.580  0.195
-0.058 -1.639  0.070
-0.092 -1.641  0.184
-0.185 -1.698  0.174
-0.229 -1.678  0.221
-0.056 -1.482  0.342
-0.089 -1.507  0.189
-0.077 -1.524  0.132
-0.072 -1.535  0.087
-0.099 -1.602  0.020
-0.098 -1.588  0.098
-0.068 -1.479  0.235
-0.035 -1.425  0.304
-0.001 -1.451  0.259
 0.015 -1.421  0.272
-0.007 -1.453  0.264
-0.008 -1.452  0.246
 0.010 -1.418  0.265
-0.006 -1.419  0.248
-0.038 -1.375  0.384
 0.043 -1.331  0.293
 0.076 -1.419  0.080
 0.019 -1.459  0.166
 0.047 -1.452  0.151
-0.014 -1.519  0.127
-0.043 -1.506  0.177
-0.068 -1.495  0.217
-0.089 -1.600  0.097
-0.062 -1.599  0.078
-0.031 -1.569  0.111
-0.019 -1.580  0.111
-0.003 -1.573  0.110
-0.033 -1.604  0.112
-0.040 -1.590  0.180
-0.037 -1.542  0.214
 0.016 -1.567  0.166
 0.057 -1.544  0.164
 0.097 -1.539  0.174
 0.113 -1.575  0.036
 0.033 -1.583  0.156
-0.013 -1.590  0.193
-0.058 -1.589  0.237
-0.016 -1.563  0.225
 0.011 -1.610  0.123
-0.008 -1.653  0.050
-0.004 -1.673 -0.011
-0.032 -1.739 -0.055
-0.031 -1.735 -0.038
-0.060 -1.713  0.038
-0.091 -1.697  0.089
-0.101 -1.766 -0.026
-0.078 -1.829 -0.100
-0.086 -1.863 -0.133
-0.088 -1.868 -0.144
-0.049 -1.822 -0.176
-0.107 -1.886 -0.195
-0.120 -1.862 -0.129
-0.161 -1.854 -0.077
-0.154 -1.863 -0.069
-0.133 -1.871 -0.163
-0.125 -1.892 -0.269
-0.123 -1.876 -0.233
-0.115 -1.834 -0.231
-0.152 -1.881 -0.234
-0.157 -1.842 -0.146
-0.186 -1.822 -0.106
-0.189 -1.799 -0.079
-0.197 -1.881 -0.259
-0.222 -1.991 -0.485
-0.253 -1.971 -0.368
-0.236 -1.945 -0.341
-0.246 -1.989 -0.309
-0.217 -1.976 -0.172
-0.324 -2.072 -0.209
-0.278 -1.989 -0.176
-0.113 -1.833 -0.108
-0.100 -1.844 -0.247
-0.111 -1.781 -0.110
-0.103 -1.773 -0.144
-0.095 -1.789 -0.062
-0.062 -1.731  0.047
-0.052 -1.697  0.088
-0.012 -1.685  0.085
-0.015 -1.732 -0.021
 0.022 -1.698 -0.067
-0.103 -1.804 -0.195
-0.114 -1.821 -0.193
-0.152 -1.813 -0.157
-0.170 -1.779 -0.081
-0.145 -1.775 -0.135
-0.164 -1.845 -0.230
-0.183 -1.883 -0.261
-0.172 -1.867 -0.295
-0.213 -1.913 -0.283
-0.200 -1.914 -0.271
-0.248 -1.938 -0.240
-0.248 -1.891 -0.139
-0.226 -1.846 -0.110
-0.201 -1.902 -0.236
-0.174 -1.929 -0.279
-0.159 -1.907 -0.279
-0.123 -1.900 -0.403
-0.142 -1.843 -0.226
-0.158 -1.778 -0.122
-0.174 -1.727 -0.037
-0.155 -1.648  0.022
-0.103 -1.639 -0.007
-0.115 -1.643 -0.052
-0.085 -1.578 -0.024
-0.124 -1.594 -0.014
-0.127 -1.590 -0.003
-0.159 -1.585  0.031
-0.186 -1.579  0.092
-0.198 -1.575  0.122
-0.151 -1.578  0.095
-0.108 -1.599  0.062
-0.073 -1.562  0.076
-0.096 -1.629 -0.018
-0.092 -1.644  0.009
-0.078 -1.633  0.008
-0.143 -1.656  0.018
-0.165 -1.609  0.083
-0.211 -1.741 -0.081
-0.241 -1.842 -0.178
-0.270 -1.833 -0.179
-0.308 -1.842 -0.200
-0.314 -1.829 -0.210
-0.349 -1.803 -0.199
-0.373 -1.833 -0.245
-0.347 -1.843 -0.284
-0.292 -1.690 -0.205
-0.272 -1.551 -0.033
-0.161 -1.241  0.538
-0.189 -1.105  1.049
-0.172 -0.997  1.253
-0.049 -1.058  1.310
 0.109 -1.091  1.417
 0.155 -1.216  1.235
 0.203 -1.249  1.207
 0.272 -1.201  1.217
 0.202 -1.174  1.236
 0.189 -1.164  1.311
 0.207 -1.261  1.166
 0.172 -1.321  1.041
 0.187 -1.315  1.006
 0.175 -1.290  0.967
 0.148 -1.254  0.944
 0.092 -1.173  0.996
 0.032 -1.162  0.960
 0.084 -1.177  0.797
 0.030 -1.217  0.688
 0.007 -1.218  0.610
 0.024 -1.164  0.565
-0.002 -1.152  0.479
-0.024 -1.094  0.526
-0.052 -1.059  0.498
-0.021 -1.127  0.343
 0.007 -1.085  0.273
 0.017 -1.070  0.228
 0.016 -1.039  0.169
 0.045 -1.049  0.031
-0.042 -1.089  0.041
-0.063 -1.098 -0.034
-0.081 -1.106 -0.093
-0.118 -1.150 -0.219
-0.179 -1.108 -0.131
-0.215 -1.032 -0.070
-0.242 -1.091 -0.197
-0.240 -1.151 -0.301
-0.242 -1.164 -0.351
-0.226 -1.155 -0.376
-0.270 -1.164 -0.409
-0.281 -1.150 -0.382
-0.275 -1.069 -0.372
-0.303 -1.122 -0.419
-0.267 -1.181 -0.479
-0.252 -1.186 -0.524
-0.324 -1.248 -0.647
-0.325 -1.238 -0.675
-0.308 -1.153 -0.579
-0.288 -1.032 -0.440
-0.275 -1.014 -0.443
-0.258 -1.034 -0.516
-0.235 -1.017 -0.521
-0.216 -0.998 -0.493
-0.195 -0.966 -0.468
-0.167 -0.892 -0.392
-0.181 -0.768 -0.274
-0.195 -0.625 -0.134
-0.163 -0.531 -0.022
-0.081 -0.510  0.004
-0.037 -0.503 -0.007
-0.050 -0.568 -0.106
-0.036 -0.539 -0.046
-0.005 -0.511 -0.018
-0.006 -0.476 -0.014
-0.008 -0.409  0.049
 0.018 -0.414  0.030
 0.009 -0.502 -0.101
 0.035 -0.514 -0.149
 0.063 -0.541 -0.283
-0.003 -0.582 -0.205
-0.021 -0.580 -0.178
-0.028 -0.527 -0.079
-0.043 -0.495  0.009
-0.030 -0.579 -0.116
-0.057 -0.670 -0.253
-0.049 -0.689 -0.294
-0.039 -0.735 -0.444
-0.075 -0.732 -0.331
-0.087 -0.752 -0.347
-0.127 -0.753 -0.287
-0.134 -0.679 -0.192
-0.152 -0.708 -0.234
-0.148 -0.794 -0.360
-0.102 -0.790 -0.391
-0.111 -0.796 -0.413
-0.117 -0.795 -0.380
-0.072 -0.739 -0.322
-0.099 -0.739 -0.264
-0.070 -0.615 -0.119
-0.085 -0.553 -0.056
-0.056 -0.613 -0.142
-0.037 -0.656 -0.218
-0.014 -0.653 -0.233
-0.035 -0.684 -0.245
-0.028 -0.666 -0.231
 0.021 -0.538 -0.125
-0.000 -0.451  0.020
 0.092 -0.394  0.016
 0.072 -0.458 -0.064
 0.072 -0.471 -0.086
 0.041 -0.513 -0.117
 0.032 -0.537 -0.138
 0.008 -0.542 -0.107
-0.049 -0.570 -0.101
-0.044 -0.590 -0.081
-0.003 -0.612 -0.165
 0.005 -0.677 -0.309
-0.033 -0.696 -0.254
-0.067 -0.731 -0.279
-0.115 -0.757 -0.267
-0.181 -0.777 -0.240
-0.201 -0.757 -0.195
-0.170 -0.769 -0.198
-0.142 -0.788 -0.252
-0.166 -0.837 -0.286
-0.176 -0.881 -0.303
-0.159 -0.873 -0.351
-0.225 -0.934 -0.343
-0.238 -0.879 -0.265
-0.255 -0.833 -0.194
-0.239 -0.871 -0.235
-0.222 -0.902 -0.278
-0.219 -0.890 -0.293
-0.218 -0.904 -0.289
-0.199 -0.870 -0.275
-0.202 -0.840 -0.229
-0.215 -0.817 -0.173
-0.165 -0.824 -0.214
-0.125 -0.809 -0.228
-0.082 -0.797 -0.260
-0.151 -0.816 -0.186
-0.154 -0.815 -0.208
-0.220 -0.844 -0.159
-0.246 -0.841 -0.117
-0.173 -0.764 -0.107
-0.180 -0.861 -0.238
-0.163 -0.870 -0.230
-0.145 -0.857 -0.248
-0.177 -0.899 -0.327
-0.211 -0.927 -0.318
-0.233 -0.922 -0.322
-0.267 -0.953 -0.345
-0.275 -0.877 -0.148
-0.233 -0.898 -0.225
-0.241 -0.950 -0.281
-0.218 -0.943 -0.281
-0.164 -0.898 -0.273
-0.193 -0.925 -0.256
-0.185 -0.883 -0.229
-0.193 -0.841 -0.147
-0.202 -0.823 -0.071
-0.188 -0.900 -0.191
-0.154 -0.907 -0.214
-0.191 -0.926 -0.203
-0.188 -0.907 -0.201
-0.216 -0.928 -0.207
-0.226 -0.900 -0.142
-0.183 -0.794 -0.065
-0.159 -0.795 -0.051
-0.173 -0.888 -0.155
-0.158 -0.917 -0.185
-0.139 -0.908 -0.168
-0.137 -0.891 -0.118
-0.144 -0.897 -0.146
-0.157 -0.864 -0.051
-0.127 -0.824 -0.071
-0.159 -0.895 -0.126
-0.152 -0.879 -0.128
-0.156 -0.883 -0.115
-0.150 -0.872 -0.062
-0.133 -0.837  0.027
-0.109 -0.818  0.054
-0.049 -0.836 -0.004
-0.020 -0.838 -0.040
-0.029 -0.866 -0.052
-0.014 -0.853 -0.034
-0.019 -0.843 -0.027
-0.059 -0.847  0.044
-0.079 -0.853  0.088
-0.066 -0.866  0.028
-0.073 -0.924 -0.051
-0.065 -0.921 -0.084
-0.076 -0.933 -0.100
-0.092 -0.947 -0.098
-0.086 -0.934 -0.044
-0.115 -0.922  0.031
-0.113 -0.887  0.107
-0.097 -0.922  0.031
-0.094 -0.954 -0.007
-0.114 -0.981 -0.046
-0.127 -0.987 -0.076
-0.128 -1.011 -0.033
-0.107 -0.959  0.034
-0.142 -0.935  0.161
-0.122 -0.938  0.112
-0.073 -0.941  0.061
-0.103 -1.007  0.028
-0.109 -1.038  0.027
-0.124 -1.061 -0.013
-0.129 -1.052  0.055
-0.126 -0.992  0.126
-0.164 -0.998  0.160
-0.127 -0.976  0.150
-0.125 -1.022  0.067
-0.125 -1.052  0.033
-0.092 -1.016  0.060
-0.086 -1.005  0.050
-0.081 -1.002  0.089
-0.067 -0.959  0.125
-0.082 -0.991  0.052
-0.092 -0.998  0.163
-0.061 -1.009  0.058
-0.075 -1.082 -0.110
-0.081 -1.060  0.031
-0.124 -1.144 -0.046
-0.176 -1.243 -0.097
-0.185 -1.201 -0.048
-0.203 -1.174  0.021
-0.150 -1.159 -0.021
-0.122 -1.172 -0.073
-0.139 -1.205 -0.109
-0.143 -1.207 -0.117
-0.125 -1.197 -0.147
-0.165 -1.210 -0.119
-0.176 -1.179 -0.046
-0.194 -1.181 -0.006
-0.161 -1.192 -0.057
-0.137 -1.200 -0.123
-0.137 -1.244 -0.234
-0.148 -1.254 -0.204
-0.135 -1.238 -0.201
-0.139 -1.232 -0.183
-0.147 -1.201 -0.133
-0.128 -1.187 -0.209
-0.175 -1.177 -0.048
-0.138 -1.190 -0.141
-0.176 -1.251 -0.204
-0.185 -1.294 -0.252
-0.180 -1.293 -0.251
-0.163 -1.269 -0.221
-0.137 -1.209 -0.184
-0.175 -1.208 -0.109
-0.169 -1.145 -0.024
-0.123 -1.145 -0.080
-0.120 -1.183 -0.145
-0.100 -1.196 -0.160
-0.114 -1.204 -0.152
-0.100 -1.188 -0.150
-0.077 -1.155 -0.124
-0.069 -1.154 -0.195
-0.140 -1.172 -0.008
-0.115 -1.144 -0.023
-0.149 -1.252 -0.146
-0.108 -1.224 -0.163
-0.114 -1.238 -0.179
-0.121 -1.258 -0.170
-0.094 -1.219 -0.149
-0.112 -1.258 -0.218
-0.112 -1.206 -0.053
-0.097 -1.147 -0.029
-0.084 -1.171 -0.029
-0.080 -1.208 -0.111
-0.084 -1.228 -0.150
-0.090 -1.266 -0.145
-0.089 -1.269 -0.150
-0.105 -1.271 -0.096
-0.118 -1.235 -0.011
-0.124 -1.196  0.049
-0.108 -1.267 -0.055
-0.097 -1.278 -0.101
-0.091 -1.290 -0.127
-0.110 -1.360 -0.257
-0.135 -1.348 -0.195
-0.137 -1.327 -0.154
-0.167 -1.301 -0.062
-0.147 -1.246  0.014
-0.109 -1.274 -0.068
-0.091 -1.288 -0.088
-0.085 -1.301 -0.124
-0.069 -1.323 -0.077
-0.040 -1.296 -0.009
-0.042 -1.229  0.058
-0.068 -1.206  0.096
-0.064 -1.233  0.038
-0.062 -1.240 -0.050
-0.050 -1.271 -0.084
 0.003 -1.233  0.018
 0.060 -1.197  0.035
-0.000 -1.263  0.049
-0.063 -1.275  0.054
-0.121 -1.287  0.075
-0.129 -1.302  0.079
-0.201 -1.257  0.091
-0.146 -1.144  0.226
-0.023 -1.210  0.171
-0.032 -1.341 -0.008
-0.081 -1.387 -0.189
-0.108 -1.437 -0.260
-0.076 -1.414 -0.240
-0.138 -1.492 -0.383
-0.080 -1.396 -0.217
-0.081 -1.392 -0.189
-0.118 -1.406 -0.151
-0.161 -1.387 -0.107
-0.162 -1.426 -0.122
-0.171 -1.547 -0.227
-0.161 -1.577 -0.273
-0.175 -1.671 -0.427
-0.207 -1.660 -0.307
-0.209 -1.673 -0.266
-0.246 -1.694 -0.234
-0.323 -1.639 -0.265
-0.280 -1.522 -0.238
-0.185 -1.505 -0.199
-0.150 -1.481 -0.199
-0.140 -1.488 -0.364
-0.184 -1.526 -0.254
-0.214 -1.570 -0.276
-0.248 -1.592 -0.273
-0.294 -1.613 -0.250
-0.350 -1.668 -0.301
-0.266 -1.612 -0.216
-0.159 -1.504 -0.193
-0.152 -1.505 -0.144
-0.171 -1.515 -0.188
-0.217 -1.580 -0.236
-0.210 -1.617 -0.222
-0.189 -1.536 -0.179
-0.205 -1.545 -0.185
-0.256 -1.561 -0.110
-0.174 -1.508 -0.068
-0.185 -1.525 -0.103
-0.187 -1.546 -0.137
-0.184 -1.595 -0.154
-0.189 -1.607 -0.173
-0.161 -1.605 -0.166
-0.136 -1.592 -0.128
-0.135 -1.589 -0.082
-0.183 -1.606  0.015
-0.163 -1.631 -0.007
-0.117 -1.644 -0.057
-0.143 -1.686 -0.134
-0.162 -1.698 -0.142
-0.159 -1.744 -0.205
-0.164 -1.733 -0.118
-0.174 -1.739 -0.125
-0.178 -1.740 -0.050
-0.157 -1.653  0.079
-0.177 -1.728 -0.013
-0.132 -1.778 -0.030
-0.058 -1.742 -0.036
-0.066 -1.748  0.003
-0.024 -1.708  0.036
-0.027 -1.733  0.064
-0.145 -1.853 -0.072
-0.169 -1.797 -0.016
-0.154 -1.724 -0.007
-0.082 -1.694  0.035
-0.007 -1.652  0.011
-0.066 -1.722 -0.007
-0.060 -1.706  0.002
-0.078 -1.705  0.011
-0.103 -1.685  0.041
-0.077 -1.639  0.078
-0.109 -1.707 -0.059
-0.065 -1.678  0.013
-0.003 -1.621 -0.009
-0.040 -1.629  0.029
-0.047 -1.623  0.017
-0.076 -1.618  0.046
-0.091 -1.595  0.087
-0.079 -1.581  0.147
-0.039 -1.612  0.108
-0.043 -1.617  0.074
-0.005 -1.612  0.070
-0.043 -1.649  0.031
-0.077 -1.706  0.011
-0.073 -1.637  0.083
-0.108 -1.664  0.035
-0.097 -1.672  0.062
-0.008 -1.640  0.019
 0.026 -1.610  0.075
-0.000 -1.622  0.038
-0.011 -1.665  0.019
-0.039 -1.704  0.011
-0.022 -1.660  0.088
-0.021 -1.681 -0.027
-0.044 -1.685  0.105
 0.007 -1.692  0.074
 0.009 -1.739  0.070
-0.006 -1.783  0.053
-0.016 -1.814  0.030
-0.011 -1.825  0.025
 0.036 -1.754  0.105
 0.059 -1.727  0.091
-0.017 -1.808  0.184
 0.026 -1.821  0.086
 0.004 -1.899  0.051
 0.008 -1.915  0.032
-0.030 -1.963  0.014
-0.020 -1.975  0.038
-0.035 -1.941  0.052
-0.080 -1.985  0.124
-0.076 -1.975  0.126
-0.020 -1.984  0.094
-0.010 -2.023  0.088
 0.003 -2.020  0.085
 0.002 -2.043  0.015
-0.012 -2.048  0.080
-0.012 -2.035  0.143
-0.025 -2.012  0.216
 0.016 -2.004  0.235
 0.020 -2.062  0.149
 0.020 -2.100  0.121
 0.054 -2.083  0.067
 0.002 -2.178  0.073
-0.017 -2.200  0.048
-0.041 -2.187  0.082
-0.051 -2.156  0.151
 0.003 -2.122  0.135
 0.018 -2.196 -0.101
 0.007 -2.189  0.001
 0.032 -2.161 -0.008
-0.006 -2.225 -0.022
-0.016 -2.205  0.039
-0.060 -2.201  0.108
-0.073 -2.183  0.136
-0.028 -2.201  0.062
-0.027 -2.290 -0.118
-0.039 -2.266 -0.026
-0.046 -2.264 -0.037
-0.050 -2.275 -0.034
-0.015 -2.202  0.022
-0.072 -2.203  0.095
-0.066 -2.255  0.001
-0.080 -2.305 -0.074
-0.094 -2.353 -0.129
-0.079 -2.342 -0.111
-0.022 -2.309 -0.123
-0.064 -2.321 -0.074
-0.086 -2.315 -0.026
-0.096 -2.290  0.031
-0.101 -2.255  0.036
-0.083 -2.347 -0.157
-0.066 -2.327 -0.050
-0.013 -2.244 -0.027
-0.062 -2.259 -0.032
-0.046 -2.229 -0.000
-0.105 -2.276 -0.052
-0.108 -2.256  0.077
-0.139 -2.231  0.075
-0.092 -2.245  0.032
-0.076 -2.273 -0.023
-0.073 -2.289 -0.077
-0.064 -2.253 -0.056
-0.040 -2.225 -0.035
-0.080 -2.252 -0.052
-0.102 -2.221 -0.009
-0.150 -2.223 -0.029
-0.097 -2.210 -0.017
-0.021 -2.143 -0.053
-0.058 -2.203 -0.064
-0.040 -2.183 -0.059
-0.066 -2.223 -0.103
-0.068 -2.219 -0.090
-0.038 -2.172 -0.012
-0.017 -2.117  0.009
-0.019 -2.109  0.098
 0.073 -2.056  0.092
 0.034 -2.124  0.023
-0.003 -2.180 -0.037
-0.049 -2.242 -0.093
-0.094 -2.254 -0.092
-0.073 -2.173 -0.065
-0.088 -2.174  0.034
-0.121 -2.264 -0.100
-0.122 -2.334 -0.184
-0.117 -2.387 -0.211
-0.131 -2.402 -0.235
-0.129 -2.385 -0.198
-0.071 -2.259 -0.026
-0.050 -2.174  0.064
-0.087 -2.342 -0.070
-0.079 -2.367 -0.064
-0.041 -2.333 -0.097
-0.030 -2.339 -0.082
-0.013 -2.344 -0.066
 0.004 -2.293 -0.052
-0.090 -2.364 -0.073
-0.118 -2.345 -0.022
-0.113 -2.292  0.083
-0.078 -2.335  0.033
-0.027 -2.331  0.023
-0.030 -2.409 -0.031
-0.024 -2.468 -0.058
-0.010 -2.520 -0.027
 0.045 -2.415  0.084
 0.105 -2.269  0.165
 0.140 -2.162  0.301
 0.152 -2.180  0.254
 0.127 -2.247  0.154
 0.147 -2.218  0.115
 0.167 -2.243  0.106
 0.130 -2.283  0.094
 0.131 -2.238  0.147
 0.079 -2.204  0.197
 0.056 -2.220  0.211
 0.073 -2.263  0.132
 0.055 -2.318 -0.012
 0.038 -2.297 -0.006
 0.024 -2.301 -0.046
-0.035 -2.358 -0.088
-0.029 -2.350 -0.096
-0.063 -2.342 -0.030
-0.075 -2.326  0.025
-0.073 -2.279  0.065
-0.048 -2.291  0.024
 0.002 -2.280 -0.020
 0.004 -2.287 -0.068
 0.012 -2.274 -0.054
 0.057 -2.227 -0.005
 0.038 -2.228  0.016
 0.023 -2.187  0.072
-0.008 -2.173  0.128
-0.046 -2.189  0.148
 0.009 -2.133  0.129
 0.020 -2.180  0.013
 0.027 -2.210  0.100
 0.057 -2.224  0.084
 0.046 -2.235  0.089
 0.046 -2.215  0.100
 0.013 -2.265 -0.032
-0.017 -2.228  0.178
 0.057 -2.209  0.124
 0.052 -2.264  0.055
 0.087 -2.257  0.062
 0.063 -2.250  0.043
 0.044 -2.278  0.016
 0.061 -2.253  0.009
-0.026 -2.266  0.042
-0.034 -2.218  0.127
-0.049 -2.224  0.070
-0.045 -2.285  0.009
-0.026 -2.285 -0.072
-0.091 -2.350 -0.140
-0.120 -2.364 -0.165
-0.140 -2.403 -0.177
-0.176 -2.402 -0.158
-0.145 -2.297 -0.079
-0.179 -2.301 -0.017
-0.156 -2.346 -0.137
-0.157 -2.401 -0.217
-0.109 -2.350 -0.153
-0.050 -2.277 -0.085
-0.078 -2.310 -0.056
-0.061 -2.276 -0.038
-0.086 -2.227  0.047
-0.091 -2.201  0.101
-0.034 -2.185  0.036
-0.056 -2.263 -0.037
-0.067 -2.314 -0.100
-0.064 -2.309 -0.087
-0.030 -2.252 -0.019
 0.002 -2.196  0.001
-0.058 -2.199  0.089
-0.056 -2.162  0.191
-0.078 -2.174  0.195
-0.042 -2.235  0.092
-0.042 -2.262  0.054
-0.050 -2.290 -0.024
-0.053 -2.251 -0.006
-0.051 -2.267 -0.020
-0.063 -2.280 -0.008
-0.059 -2.221  0.061
-0.082 -2.217  0.159
-0.069 -2.262  0.070
-0.074 -2.310 -0.022
-0.086 -2.347 -0.084
-0.086 -2.342 -0.068
-0.070 -2.351 -0.163
-0.145 -2.385 -0.110
-0.195 -2.371 -0.090
-0.229 -2.374 -0.054
-0.202 -2.358 -0.051
-0.274 -2.575 -0.318
-0.292 -2.605 -0.312
-0.263 -2.558 -0.326
-0.301 -2.594 -0.299
-0.299 -2.577 -0.274
-0.308 -2.530 -0.163
-0.301 -2.432 -0.044
-0.261 -2.395 -0.061
-0.279 -2.468 -0.187
-0.296 -2.523 -0.246
-0.240 -2.483 -0.235
-0.241 -2.487 -0.196
-0.214 -2.452 -0.146
-0.244 -2.418 -0.079
-0.268 -2.375 -0.009
-0.222 -2.334 -0.033
-0.226 -2.433 -0.083
-0.185 -2.390 -0.059
-0.204 -2.393 -0.067
-0.200 -2.379 -0.060
-0.129 -2.309 -0.046
-0.164 -2.308  0.008
-0.187 -2.278  0.051
-0.202 -2.228  0.101
-0.116 -2.221  0.091
-0.078 -2.202  0.038
-0.099 -2.303 -0.141
-0.098 -2.291 -0.067
-0.117 -2.315 -0.080
-0.124 -2.284 -0.073
-0.109 -2.221 -0.035
-0.161 -2.204  0.069
-0.147 -2.175  0.101
-0.114 -2.248 -0.025
-0.124 -2.283 -0.085
-0.102 -2.276 -0.093
-0.134 -2.302 -0.090
-0.179 -2.341 -0.126
-0.241 -2.327 -0.105
-0.248 -2.261 -0.046
-0.187 -2.253 -0.041
-0.158 -2.384 -0.244
-0.141 -2.386 -0.165
-0.130 -2.401 -0.165
-0.124 -2.457 -0.180
-0.127 -2.474 -0.189
-0.132 -2.426 -0.077
-0.162 -2.393  0.009
-0.143 -2.316  0.091
-0.130 -2.368  0.019
-0.133 -2.436 -0.101
-0.125 -2.429 -0.112
-0.090 -2.364 -0.061
-0.025 -2.289 -0.012
-0.075 -2.293  0.076
-0.064 -2.173  0.191
-0.065 -2.131  0.260
-0.032 -2.167  0.191
 0.010 -2.173  0.126
-0.003 -2.200  0.142
-0.014 -2.224  0.103
-0.054 -2.246  0.037
-0.044 -2.230  0.044
-0.059 -2.199  0.075
-0.110 -2.215  0.132
-0.084 -2.241  0.133
-0.080 -2.327  0.004
-0.066 -2.357 -0.037
-0.061 -2.365 -0.068
-0.027 -2.374 -0.168
-0.095 -2.460 -0.076
-0.145 -2.525 -0.099
-0.164 -2.523 -0.036
-0.189 -2.487 -0.011
-0.211 -2.528 -0.145
-0.208 -2.560 -0.095
-0.159 -2.555 -0.106
-0.196 -2.601 -0.145
-0.142 -2.527 -0.085
-0.118 -2.521 -0.056
-0.146 -2.566 -0.068
-0.165 -2.587 -0.049
-0.171 -2.533  0.045
-0.149 -2.440  0.094
-0.193 -2.480  0.073
-0.107 -2.474  0.017
-0.162 -2.505 -0.043
-0.107 -2.471 -0.062
-0.071 -2.406 -0.073
-0.115 -2.418 -0.082
-0.095 -2.339 -0.048
-0.083 -2.302 -0.114
-0.090 -2.168  0.133
-0.071 -2.102  0.203
-0.008 -2.105  0.201
 0.006 -2.122  0.163
-0.018 -2.163  0.074
-0.036 -2.163  0.103
-0.044 -2.165  0.095
-0.062 -2.176  0.083
-0.050 -2.167  0.039
-0.128 -2.210  0.055
-0.179 -2.191  0.095
-0.191 -2.183  0.080
-0.128 -2.181  0.018
-0.076 -2.139 -0.033
-0.116 -2.162 -0.056
-0.103 -2.128 -0.041
-0.131 -2.183 -0.056
-0.160 -2.175 -0.001
-0.149 -2.078  0.064
-0.190 -2.043  0.153
-0.226 -2.120 -0.001
-0.161 -2.117 -0.014
-0.206 -2.230 -0.131
-0.188 -2.261 -0.157
-0.287 -2.446 -0.329
-0.340 -2.535 -0.345
-0.239 -2.329 -0.134
-0.295 -2.267 -0.086
-0.340 -2.326 -0.127
-0.316 -2.498 -0.181
-0.326 -2.594 -0.224
-0.260 -2.552 -0.196
-0.247 -2.553 -0.144
-0.214 -2.543 -0.136
-0.246 -2.558 -0.167
-0.247 -2.554 -0.141
-0.210 -2.440 -0.058
-0.150 -2.376 -0.071
-0.149 -2.254  0.186
-0.091 -2.235  0.116
-0.061 -2.241  0.052
-0.100 -2.265  0.080
-0.062 -2.208  0.143
-0.064 -2.203  0.139
-0.131 -2.243  0.144
-0.170 -2.216  0.118
-0.180 -2.183  0.203
-0.057 -2.143  0.126
-0.022 -2.201 -0.052
-0.128 -2.270  0.002
-0.175 -2.300 -0.049
-0.219 -2.324 -0.054
-0.252 -2.300  0.006
-0.288 -2.247  0.064
-0.242 -2.273  0.010
-0.175 -2.244 -0.043
-0.195 -2.255 -0.103
-0.202 -2.283 -0.099
-0.176 -2.250 -0.128
-0.170 -2.240 -0.140
-0.231 -2.183  0.034
-0.214 -2.112  0.044
-0.200 -2.174 -0.022
-0.215 -2.259 -0.135
-0.210 -2.272 -0.150
-0.242 -2.290 -0.171
-0.314 -2.353 -0.225
-0.366 -2.356 -0.220
-0.400 -2.301 -0.172
-0.378 -2.270 -0.193
-0.361 -2.387 -0.283
-0.280 -2.361 -0.183
-0.440 -2.567 -0.391
-0.386 -2.470 -0.281
-0.247 -2.268 -0.089
-0.271 -2.219  0.002
-0.230 -2.131  0.096
-0.158 -2.178  0.117
-0.294 -2.357 -0.093
-0.191 -2.270 -0.005
-0.134 -2.192  0.032
-0.066 -2.173 -0.061
-0.289 -2.326 -0.011
-0.304 -2.304  0.020
-0.297 -2.358  0.007
-0.220 -2.382 -0.030
-0.205 -2.415 -0.075
-0.218 -2.426 -0.104
-0.200 -2.400 -0.093
-0.284 -2.462 -0.094
-0.289 -2.414  0.004
-0.258 -2.338  0.054
-0.247 -2.461 -0.125
-0.234 -2.473 -0.150
-0.210 -2.460 -0.196
-0.255 -2.487 -0.167
-0.258 -2.497 -0.152
-0.287 -2.452 -0.076
-0.306 -2.410 -0.010
-0.323 -2.426 -0.051
-0.325 -2.502 -0.139
-0.327 -2.512 -0.173
-0.323 -2.553 -0.212
-0.349 -2.579 -0.225
-0.375 -2.562 -0.201
-0.371 -2.470 -0.121
-0.332 -2.383 -0.061
-0.315 -2.420 -0.116
-0.307 -2.441 -0.175
-0.223 -2.421 -0.219
-0.246 -2.388 -0.066
-0.197 -2.321  0.006
-0.218 -2.258  0.070
-0.249 -2.232  0.099
-0.344 -2.314 -0.031
-0.286 -2.267  0.026
-0.139 -2.178  0.060
-0.152 -2.210  0.085
-0.146 -2.156  0.102
-0.190 -2.187  0.093
-0.245 -2.149  0.166
-0.243 -2.114  0.253
-0.239 -2.162  0.192
-0.275 -2.257  0.011
-0.259 -2.248 -0.039
-0.295 -2.384 -0.231
-0.265 -2.331 -0.095
-0.274 -2.298 -0.083
-0.292 -2.210 -0.021
-0.298 -2.176  0.013
-0.274 -2.253 -0.088
-0.220 -2.207 -0.129
-0.223 -2.180 -0.061
-0.253 -2.150 -0.007
-0.254 -2.192 -0.044
-0.236 -2.212 -0.078
-0.185 -2.208 -0.133
-0.238 -2.344 -0.184
-0.225 -2.391 -0.168
-0.267 -2.441 -0.216
-0.289 -2.485 -0.223
-0.177 -2.340 -0.048
-0.146 -2.171  0.106
-0.205 -2.146  0.013
-0.242 -2.194 -0.082
-0.235 -2.187 -0.114
-0.160 -2.106 -0.062
-0.139 -2.172 -0.141
-0.181 -2.147  0.046
-0.078 -2.062  0.100
-0.093 -2.105  0.089
-0.077 -2.092  0.066
-0.067 -2.119  0.057
-0.042 -2.074  0.070
-0.042 -2.069  0.119
-0.052 -2.059  0.145
-0.105 -2.035  0.148
-0.188 -2.097  0.164
-0.222 -2.183  0.004
-0.209 -2.203 -0.064
-0.214 -2.246 -0.146
-0.248 -2.275 -0.120
-0.117 -2.261 -0.001
-0.259 -2.470 -0.192
-0.306 -2.488 -0.161
-0.313 -2.412 -0.086
-0.320 -2.379 -0.007
-0.227 -2.370 -0.078
-0.200 -2.404 -0.071
-0.155 -2.405 -0.050
-0.175 -2.438 -0.030
-0.223 -2.466 -0.041
-0.250 -2.435  0.029
-0.300 -2.487  0.010
-0.241 -2.516 -0.016
-0.196 -2.493 -0.074
-0.213 -2.495 -0.130
-0.244 -2.533 -0.115
-0.276 -2.521 -0.049
-0.259 -2.428  0.083
-0.246 -2.425  0.093
-0.227 -2.473 -0.040
-0.266 -2.553 -0.132
-0.267 -2.546 -0.145
-0.251 -2.524 -0.110
-0.261 -2.496 -0.055
-0.299 -2.460  0.015
-0.286 -2.489  0.079
-0.287 -2.576 -0.074
-0.353 -2.706 -0.218
-0.337 -2.713 -0.169
-0.294 -2.668 -0.139
-0.241 -2.668 -0.241
-0.361 -2.655 -0.068
-0.373 -2.575 -0.025
-0.363 -2.518  0.048
-0.253 -2.382  0.060
-0.161 -2.342  0.077
-0.194 -2.347  0.046
-0.195 -2.343  0.031
-0.167 -2.318  0.098
-0.275 -2.326  0.093
-0.302 -2.250  0.123
-0.286 -2.321  0.008
-0.312 -2.380 -0.029
-0.252 -2.351 -0.022
-0.329 -2.447 -0.069
-0.320 -2.474 -0.120
-0.347 -2.464 -0.105
-0.412 -2.486 -0.088
-0.447 -2.485 -0.052
-0.407 -2.477 -0.001
-0.356 -2.482 -0.064
-0.325 -2.439 -0.100
-0.289 -2.412 -0.067
-0.240 -2.368 -0.068
-0.373 -2.406  0.049
-0.344 -2.291  0.160
-0.310 -2.282  0.136
-0.245 -2.305  0.032
-0.242 -2.318  0.005
-0.264 -2.351 -0.040
-0.348 -2.398 -0.126
-0.268 -2.332 -0.107
-0.362 -2.365 -0.056
-0.379 -2.313  0.058
-0.364 -2.287  0.042
-0.356 -2.306 -0.065
-0.342 -2.318 -0.117
-0.356 -2.310 -0.054
-0.365 -2.231  0.057
-0.319 -2.183  0.116
-0.294 -2.226  0.076
-0.234 -2.161  0.086
-0.222 -2.161  0.054
-0.257 -2.225 -0.002
-0.276 -2.245 -0.033
-0.204 -2.200 -0.028
-0.293 -2.279 -0.038
-0.341 -2.289  0.013
-0.344 -2.202  0.088
-0.353 -2.258  0.021
-0.280 -2.255 -0.047
-0.258 -2.279 -0.050
-0.240 -2.284 -0.048
-0.250 -2.263 -0.070
-0.259 -2.256 -0.081
-0.351 -2.231  0.024
-0.363 -2.244 -0.041
-0.338 -2.262 -0.073
-0.316 -2.256 -0.085
-0.324 -2.258 -0.103
-0.331 -2.286 -0.101
-0.362 -2.284 -0.117
-0.384 -2.278 -0.109
-0.442 -2.254 -0.053
-0.411 -2.242 -0.086
-0.396 -2.310 -0.199
-0.406 -2.346 -0.220
-0.431 -2.360 -0.241
-0.432 -2.353 -0.235
-0.417 -2.317 -0.183
-0.405 -2.242 -0.122
-0.424 -2.219 -0.053
-0.402 -2.256 -0.103
-0.341 -2.247 -0.137
-0.406 -2.404 -0.232
-0.416 -2.442 -0.259
-0.432 -2.481 -0.267
-0.457 -2.460 -0.241
-0.444 -2.410 -0.153
-0.433 -2.358 -0.045
-0.337 -2.326 -0.001
-0.328 -2.339 -0.072
-0.344 -2.392 -0.078
-0.356 -2.400 -0.064
-0.324 -2.373 -0.057
-0.336 -2.360 -0.039
-0.369 -2.365 -0.019
-0.391 -2.382 -0.049
-0.389 -2.321  0.043
-0.268 -2.258 -0.016
-0.217 -2.289 -0.106
-0.268 -2.304 -0.042
-0.278 -2.318 -0.075
-0.311 -2.361 -0.094
-0.362 -2.365 -0.077
-0.399 -2.361 -0.026
-0.387 -2.376 -0.046
-0.355 -2.370 -0.122
-0.347 -2.421 -0.182
-0.350 -2.443 -0.165
-0.372 -2.444 -0.179
-0.398 -2.475 -0.150
-0.421 -2.486 -0.079
-0.463 -2.482 -0.054
-0.412 -2.524 -0.109
-0.371 -2.518 -0.136
-0.374 -2.550 -0.186
-0.380 -2.548 -0.151
-0.392 -2.543 -0.154
-0.407 -2.563 -0.154
-0.416 -2.523 -0.074
-0.422 -2.492  0.004
-0.422 -2.530 -0.067
-0.372 -2.545 -0.144
-0.383 -2.538 -0.162
-0.379 -2.532 -0.157
-0.404 -2.524 -0.191
-0.430 -2.549 -0.186
-0.406 -2.502 -0.092
-0.421 -2.459 -0.006
-0.411 -2.451  0.025
-0.349 -2.428 -0.012
-0.304 -2.521 -0.149
-0.323 -2.511 -0.098
-0.302 -2.510 -0.079
-0.293 -2.526 -0.063
-0.299 -2.513 -0.053
-0.350 -2.534 -0.066
-0.356 -2.500  0.049
-0.290 -2.446  0.055
-0.255 -2.546 -0.128
-0.226 -2.548 -0.017
-0.173 -2.522 -0.022
-0.244 -2.601 -0.030
-0.258 -2.587 -0.027
-0.311 -2.642 -0.044
-0.356 -2.641 -0.023
-0.378 -2.608  0.025
-0.377 -2.628 -0.059
-0.363 -2.648 -0.080
-0.291 -2.570 -0.091
-0.265 -2.581 -0.120
-0.317 -2.612 -0.084
-0.317 -2.646 -0.086
-0.339 -2.658 -0.094
-0.349 -2.624 -0.063
-0.381 -2.707 -0.190
-0.385 -2.679 -0.035
-0.355 -2.700 -0.144
