-0.241 -1.069 -0.060
-0.269 -1.109 -0.012
-0.324 -1.155 -0.032
-0.371 -1.223 -0.060
-0.329 -1.289 -0.195
-0.445 -1.285 -0.046
-0.554 -1.347 -0.081
-0.543 -1.305 -0.074
-0.644 -1.365 -0.117
-0.576 -1.356 -0.049
-0.396 -1.218  0.057
-0.285 -1.168  0.125
-0.087 -1.066  0.193
-0.031 -1.051  0.156
 0.051 -1.038  0.138
 0.076 -1.020  0.112
 0.108 -0.964  0.177
 0.130 -0.977  0.197
 0.059 -0.989  0.174
 0.019 -1.064  0.125
-0.004 -1.082  0.085
-0.055 -1.105  0.086
-0.047 -1.107  0.097
-0.046 -1.079  0.145
-0.109 -1.143  0.122
-0.127 -1.167  0.094
-0.089 -1.154  0.107
-0.047 -1.145  0.112
-0.073 -1.159  0.103
-0.048 -1.118  0.035
-0.097 -1.195 -0.009
-0.109 -1.224 -0.015
-0.111 -1.252 -0.057
-0.110 -1.228 -0.045
-0.093 -1.201 -0.039
-0.113 -1.248 -0.111
-0.224 -1.269 -0.116
-0.159 -1.188 -0.208
-0.140 -1.170 -0.304
-0.203 -1.220 -0.256
-0.194 -1.172 -0.253
-0.229 -1.214 -0.228
-0.193 -1.219 -0.215
-0.158 -1.174 -0.208
-0.175 -1.181 -0.221
-0.158 -1.156 -0.213
-0.177 -1.197 -0.207
-0.198 -1.194 -0.191
-0.111 -1.120 -0.166
 0.030 -1.005 -0.064
 0.041 -0.996 -0.034
 0.047 -1.030 -0.044
 0.019 -1.071 -0.102
 0.023 -1.057 -0.044
-0.006 -1.083 -0.091
 0.012 -1.137 -0.184
-0.015 -1.146 -0.103
 0.009 -1.132 -0.167
-0.024 -1.150 -0.152
-0.016 -1.118 -0.104
-0.025 -1.140 -0.066
-0.022 -1.095  0.016
 0.036 -1.091 -0.049
 0.109 -1.020 -0.098
 0.047 -1.096 -0.177
-0.024 -1.104 -0.144
-0.063 -1.134 -0.136
-0.141 -1.201 -0.161
-0.185 -1.176 -0.161
-0.046 -1.132 -0.156
 0.006 -1.117 -0.151
 0.017 -1.099 -0.175
-0.007 -1.092 -0.214
-0.063 -1.110 -0.187
-0.121 -1.124 -0.179
-0.111 -1.091 -0.194
-0.004 -1.023 -0.150
 0.209 -0.876 -0.048
 0.191 -0.882 -0.022
 0.189 -0.857  0.041
 0.138 -0.896  0.056
 0.063 -0.944  0.072
 0.063 -0.946  0.068
 0.147 -0.899  0.063
 0.139 -0.899  0.056
 0.117 -0.888  0.052
 0.089 -0.929  0.006
 0.067 -0.937  0.003
 0.014 -0.994 -0.004
 0.003 -0.985  0.050
 0.078 -0.932  0.068
 0.213 -0.838  0.068
 0.290 -0.837 -0.072
 0.187 -0.865 -0.001
 0.217 -0.868 -0.014
 0.113 -0.968 -0.092
 0.033 -0.995 -0.015
 0.070 -0.974 -0.003
 0.064 -1.012 -0.033
 0.077 -1.018 -0.065
 0.070 -1.008 -0.091
 0.031 -1.048 -0.119
 0.029 -1.057 -0.102
-0.024 -1.105 -0.074
-0.057 -1.161 -0.081
 0.002 -1.119 -0.043
 0.053 -1.095 -0.041
 0.094 -1.092 -0.039
 0.055 -1.134 -0.113
 0.058 -1.133 -0.113
 0.013 -1.157 -0.104
-0.052 -1.188 -0.094
-0.105 -1.223 -0.128
-0.020 -1.215 -0.121
 0.179 -1.145 -0.083
 0.146 -1.166 -0.061
 0.106 -1.211 -0.080
 0.095 -1.228 -0.065
 0.084 -1.224 -0.052
-0.011 -1.321 -0.058
-0.035 -1.370 -0.081
 0.093 -1.234  0.048
 0.134 -1.200  0.055
 0.144 -1.207  0.018
 0.129 -1.218 -0.030
 0.087 -1.265 -0.041
 0.030 -1.337 -0.080
 0.033 -1.333 -0.009
 0.018 -1.390 -0.042
 0.034 -1.378 -0.094
 0.069 -1.372 -0.057
 0.078 -1.358 -0.078
 0.099 -1.301 -0.036
 0.112 -1.273  0.012
 0.024 -1.320  0.041
 0.005 -1.327  0.092
 0.036 -1.357  0.033
 0.065 -1.349  0.010
 0.070 -1.360 -0.001
 0.050 -1.409 -0.017
-0.050 -1.498 -0.098
-0.125 -1.550 -0.083
-0.199 -1.566 -0.090
-0.244 -1.600 -0.102
-0.207 -1.595 -0.126
-0.137 -1.527 -0.125
-0.119 -1.506 -0.162
-0.086 -1.470 -0.150
-0.011 -1.376 -0.144
-0.126 -1.447 -0.157
-0.197 -1.480 -0.148
-0.105 -1.362 -0.125
 0.022 -1.320 -0.216
 0.019 -1.280 -0.058
 0.101 -1.226 -0.047
 0.074 -1.245 -0.104
 0.054 -1.244 -0.040
 0.049 -1.232 -0.034
-0.023 -1.214  0.047
-0.014 -1.216  0.093
 0.076 -1.123  0.099
 0.026 -1.189  0.057
 0.001 -1.203  0.005
-0.013 -1.198 -0.009
-0.046 -1.199 -0.013
-0.081 -1.214  0.002
-0.077 -1.228  0.026
 0.004 -1.217  0.041
 0.031 -1.293  0.020
 0.017 -1.306 -0.025
 0.018 -1.403 -0.022
 0.001 -1.413 -0.041
-0.151 -1.514 -0.069
-0.225 -1.542 -0.063
-0.187 -1.517 -0.082
-0.145 -1.500 -0.114
-0.111 -1.440 -0.124
-0.144 -1.492 -0.182
-0.207 -1.559 -0.211
-0.288 -1.622 -0.226
-0.310 -1.641 -0.234
-0.388 -1.714 -0.246
-0.333 -1.694 -0.235
-0.267 -1.619 -0.235
-0.273 -1.669 -0.303
-0.257 -1.636 -0.293
-0.259 -1.633 -0.253
-0.324 -1.647 -0.246
-0.350 -1.646 -0.227
-0.235 -1.589 -0.235
-0.149 -1.513 -0.204
-0.075 -1.472 -0.183
-0.013 -1.430 -0.145
-0.035 -1.454 -0.169
-0.056 -1.466 -0.117
-0.060 -1.445 -0.067
-0.040 -1.390  0.006
 0.034 -1.410  0.018
 0.097 -1.349  0.044
 0.083 -1.345 -0.027
 0.091 -1.319  0.003
 0.112 -1.273  0.043
 0.038 -1.358 -0.024
-0.075 -1.381  0.027
 0.004 -1.354 -0.025
 0.013 -1.387 -0.131
 0.008 -1.390 -0.066
 0.053 -1.367 -0.077
 0.002 -1.390 -0.075
-0.058 -1.449 -0.074
-0.113 -1.473 -0.083
-0.157 -1.551 -0.060
-0.123 -1.571 -0.093
-0.065 -1.584 -0.134
-0.085 -1.608 -0.127
-0.074 -1.643 -0.117
-0.094 -1.651 -0.105
-0.208 -1.760 -0.137
-0.284 -1.800 -0.143
-0.271 -1.828 -0.183
-0.254 -1.851 -0.224
-0.224 -1.882 -0.238
-0.215 -1.852 -0.255
-0.225 -1.879 -0.281
-0.247 -1.909 -0.240
-0.278 -1.951 -0.209
-0.225 -1.925 -0.229
-0.172 -1.870 -0.257
-0.132 -1.859 -0.242
-0.058 -1.761 -0.182
 0.013 -1.733 -0.087
-0.002 -1.675 -0.025
-0.011 -1.658  0.016
 0.133 -1.542  0.084
 0.363 -1.387  0.170
 0.362 -1.376  0.141
 0.147 -1.433  0.050
 0.157 -1.405  0.082
 0.088 -1.498  0.117
 0.075 -1.578  0.102
 0.103 -1.576  0.058
 0.167 -1.540  0.072
 0.201 -1.524  0.074
 0.181 -1.540  0.031
 0.135 -1.535  0.054
 0.116 -1.540  0.039
 0.069 -1.616  0.009
 0.091 -1.605  0.054
 0.130 -1.599 -0.003
 0.071 -1.662 -0.093
 0.025 -1.668 -0.070
 0.044 -1.664 -0.101
-0.105 -1.787 -0.147
-0.155 -1.844 -0.114
-0.127 -1.850 -0.118
-0.070 -1.855 -0.156
-0.074 -1.877 -0.200
-0.117 -1.915 -0.224
-0.157 -1.906 -0.205
-0.191 -1.970 -0.197
-0.250 -2.005 -0.183
-0.229 -2.018 -0.187
-0.157 -1.977 -0.220
-0.152 -1.958 -0.242
-0.157 -1.941 -0.225
-0.176 -1.952 -0.225
-0.234 -1.943 -0.184
-0.220 -1.909 -0.136
-0.115 -1.836 -0.115
-0.077 -1.829 -0.141
-0.017 -1.788 -0.125
 0.032 -1.789 -0.075
 0.002 -1.842 -0.126
-0.078 -1.831  0.006
-0.023 -1.782  0.029
 0.038 -1.989 -0.082
-0.020 -2.292 -0.006
 0.037 -2.433 -0.008
-0.020 -2.540  0.015
-0.054 -2.601 -0.003
-0.161 -2.756 -0.055
-0.258 -2.853 -0.039
-0.177 -2.792 -0.030
-0.093 -2.774 -0.054
-0.096 -2.769 -0.067
-0.050 -2.701 -0.031
-0.121 -2.761 -0.033
-0.245 -2.847 -0.060
-0.323 -2.952 -0.042
-0.371 -3.019 -0.072
-0.299 -2.957 -0.119
-0.192 -2.872 -0.133
-0.191 -2.925 -0.198
-0.195 -2.956 -0.208
-0.156 -2.974 -0.212
-0.198 -3.009 -0.281
-0.323 -3.069 -0.154
-0.314 -3.081 -0.131
-0.192 -2.986 -0.115
-0.052 -2.888 -0.101
-0.013 -2.848 -0.062
 0.041 -2.817 -0.042
 0.036 -2.788 -0.012
-0.041 -2.824  0.033
-0.087 -2.800  0.072
-0.012 -2.813  0.005
-0.002 -2.824 -0.018
 0.049 -2.825 -0.025
 0.100 -2.743  0.018
 0.083 -2.770 -0.081
 0.012 -2.736  0.036
 0.024 -2.684  0.080
-0.000 -2.669  0.107
 0.082 -2.627  0.125
 0.110 -2.644  0.078
 0.113 -2.660  0.072
 0.097 -2.650  0.065
 0.072 -2.683  0.079
 0.044 -2.687  0.108
 0.008 -2.764  0.119
-0.022 -2.780  0.095
 0.028 -2.774  0.114
 0.065 -2.743  0.088
 0.076 -2.825 -0.017
 0.011 -2.855  0.062
-0.003 -2.940  0.028
-0.109 -3.101  0.010
-0.228 -3.177 -0.026
-0.256 -3.284 -0.075
-0.196 -3.359 -0.098
-0.174 -3.384 -0.124
-0.161 -3.407 -0.111
-0.129 -3.414 -0.118
-0.123 -3.459 -0.144
-0.163 -3.522 -0.123
-0.214 -3.574 -0.090
-0.197 -3.567 -0.064
-0.170 -3.630 -0.094
-0.094 -3.644 -0.096
-0.046 -3.633 -0.077
-0.001 -3.644 -0.074
 0.023 -3.655 -0.070
-0.032 -3.721 -0.103
-0.125 -3.785 -0.042
-0.055 -3.811 -0.120
-0.071 -3.876 -0.085
-0.035 -3.927 -0.103
-0.084 -4.004 -0.129
-0.155 -4.068 -0.070
-0.245 -4.071 -0.062
-0.243 -4.016 -0.090
-0.196 -3.970 -0.130
-0.099 -3.858 -0.104
-0.080 -3.826 -0.124
-0.054 -3.734 -0.122
-0.041 -3.644 -0.139
-0.187 -3.675 -0.117
-0.242 -3.821 -0.094
-0.077 -3.669  0.021
 0.010 -3.700  0.021
 0.084 -3.653  0.060
 0.077 -3.745  0.023
 0.036 -3.764 -0.029
 0.037 -3.720  0.010
-0.086 -3.858 -0.136
-0.225 -3.915  0.016
-0.105 -3.828 -0.011
-0.054 -3.822 -0.013
-0.051 -3.835 -0.065
-0.038 -3.861 -0.077
-0.046 -3.888 -0.097
-0.117 -4.031 -0.098
-0.219 -4.117 -0.053
-0.230 -4.081  0.001
-0.054 -3.967 -0.028
-0.003 -3.928 -0.059
-0.028 -3.936 -0.054
 0.033 -3.880 -0.021
 0.071 -3.852 -0.095
-0.003 -3.817  0.022
-0.034 -3.807  0.022
-0.137 -3.861  0.033
-0.105 -3.836 -0.059
-0.078 -3.768 -0.069
-0.055 -3.764 -0.070
-0.003 -3.782 -0.050
 0.056 -3.796 -0.036
-0.173 -3.886 -0.056
-0.165 -3.903 -0.072
-0.130 -4.004 -0.203
-0.125 -3.874 -0.110
 0.011 -3.741 -0.055
 0.005 -3.724 -0.036
 0.019 -3.640 -0.036
-0.076 -3.644 -0.065
-0.201 -3.679 -0.095
-0.221 -3.614 -0.036
-0.071 -3.480 -0.016
 0.012 -3.402 -0.022
 0.049 -3.570  0.009
 0.014 -3.686  0.000
-0.077 -3.855  0.023
-0.162 -3.881  0.043
-0.240 -3.990  0.009
-0.163 -3.983 -0.007
-0.043 -3.893 -0.055
-0.050 -3.942 -0.194
-0.080 -3.979 -0.070
-0.041 -3.999 -0.029
-0.152 -3.996  0.003
-0.144 -3.876  0.102
-0.068 -3.759  0.184
 0.036 -3.635  0.142
 0.129 -3.607  0.147
 0.033 -3.640  0.096
 0.023 -3.616  0.087
 0.027 -3.554  0.065
-0.000 -3.548  0.086
-0.020 -3.513  0.142
 0.020 -3.495  0.149
 0.046 -3.460  0.099
 0.084 -3.467  0.087
 0.130 -3.396  0.116
 0.074 -3.475  0.070
 0.016 -3.515  0.096
 0.057 -3.515  0.101
-0.020 -3.550  0.171
-0.003 -3.548  0.116
 0.083 -3.502  0.121
 0.125 -3.432  0.123
 0.064 -3.455  0.079
 0.027 -3.470  0.058
-0.053 -3.508  0.043
-0.027 -3.431  0.072
-0.025 -3.419  0.020
 0.327 -3.192  0.143
 0.131 -3.263  0.044
 0.165 -3.300 -0.066
 0.023 -3.496  0.009
-0.056 -3.693 -0.048
-0.228 -3.912 -0.069
-0.323 -3.989 -0.076
-0.238 -4.024 -0.115
-0.147 -4.029 -0.090
-0.123 -4.064 -0.077
-0.154 -4.089 -0.101
-0.170 -4.089 -0.106
-0.269 -4.169 -0.132
-0.315 -4.188 -0.095
-0.292 -4.209 -0.107
-0.209 -4.169 -0.114
-0.142 -4.133 -0.082
-0.118 -4.127 -0.068
-0.092 -4.102 -0.078
-0.137 -4.169 -0.085
-0.145 -4.164 -0.025
-0.081 -4.095  0.040
-0.053 -4.082 -0.044
 0.043 -4.036 -0.014
 0.030 -3.988 -0.029
-0.053 -4.069 -0.054
-0.067 -4.092 -0.057
-0.117 -4.148 -0.012
-0.140 -4.166  0.025
-0.115 -4.179  0.018
 0.067 -4.044  0.087
 0.282 -3.748  0.391
 0.410 -3.491  0.736
 0.491 -3.312  1.000
 0.635 -3.135  1.292
 0.707 -3.039  1.486
 0.747 -3.121  1.539
 0.879 -3.100  1.632
 1.350 -2.871  1.790
 1.101 -3.022  1.655
 1.092 -3.038  1.665
 1.096 -3.065  1.560
 0.941 -3.245  1.479
 0.736 -3.398  1.353
 0.581 -3.509  1.273
 0.535 -3.560  1.155
 0.572 -3.557  1.036
 0.535 -3.578  0.933
 0.477 -3.622  0.799
 0.452 -3.654  0.717
 0.314 -3.738  0.611
 0.209 -3.772  0.569
 0.242 -3.662  0.601
 0.379 -3.481  0.690
 0.606 -3.233  0.867
 0.751 -3.061  0.981
 0.771 -3.033  0.950
 0.661 -3.127  0.864
 0.578 -3.184  0.741
 0.485 -3.260  0.554
 0.477 -3.206  0.479
 1.025 -2.921  0.579
 0.368 -3.246  0.208
 0.270 -3.285  0.176
 0.278 -3.258  0.144
 0.202 -3.319  0.002
 0.033 -3.361  0.073
 0.102 -3.275 -0.034
 0.223 -3.238 -0.104
 0.014 -3.240 -0.118
-0.026 -3.230 -0.200
-0.090 -3.260 -0.342
-0.251 -3.251 -0.250
-0.254 -3.206 -0.283
-0.196 -3.221 -0.447
-0.210 -3.204 -0.356
-0.216 -3.146 -0.372
-0.323 -3.158 -0.416
-0.436 -3.186 -0.439
-0.555 -3.200 -0.442
-0.578 -3.182 -0.423
-0.442 -3.103 -0.445
-0.422 -3.028 -0.445
-0.374 -3.014 -0.451
-0.555 -3.090 -0.478
-0.573 -3.071 -0.467
-0.605 -3.114 -0.525
-0.539 -3.097 -0.535
-0.463 -3.021 -0.552
-0.505 -3.053 -0.597
-0.589 -3.099 -0.552
-0.650 -3.120 -0.521
-0.666 -3.123 -0.506
-0.578 -3.126 -0.589
-0.518 -3.109 -0.609
-0.547 -3.135 -0.664
-0.556 -3.101 -0.615
-0.558 -3.061 -0.610
-0.561 -3.040 -0.661
-0.581 -2.991 -0.479
-0.445 -2.886 -0.489
-0.472 -2.945 -0.549
-0.478 -2.915 -0.549
-0.485 -2.893 -0.586
-0.556 -2.942 -0.596
-0.509 -2.845 -0.500
-0.413 -2.775 -0.456
-0.289 -2.668 -0.413
-0.224 -2.584 -0.384
-0.204 -2.541 -0.371
-0.123 -2.470 -0.352
-0.189 -2.465 -0.344
-0.181 -2.459 -0.322
-0.193 -2.425 -0.324
-0.168 -2.370 -0.333
-0.237 -2.397 -0.321
-0.239 -2.381 -0.267
-0.197 -2.290 -0.215
-0.160 -2.253 -0.197
-0.110 -2.206 -0.237
-0.082 -2.172 -0.227
-0.113 -2.191 -0.231
-0.121 -2.184 -0.223
-0.213 -2.256 -0.235
-0.310 -2.308 -0.243
-0.357 -2.304 -0.231
-0.293 -2.268 -0.247
-0.257 -2.252 -0.254
-0.281 -2.243 -0.268
-0.285 -2.227 -0.268
-0.328 -2.268 -0.298
-0.372 -2.300 -0.271
-0.439 -2.321 -0.244
-0.420 -2.298 -0.256
-0.328 -2.267 -0.283
-0.296 -2.223 -0.297
-0.291 -2.199 -0.316
-0.274 -2.162 -0.313
-0.255 -2.127 -0.351
-0.361 -2.154 -0.268
-0.366 -2.116 -0.226
-0.259 -2.061 -0.286
-0.302 -2.086 -0.270
-0.212 -2.019 -0.281
-0.178 -1.997 -0.350
-0.239 -1.952 -0.242
-0.248 -1.895 -0.166
-0.250 -1.855 -0.039
-0.237 -1.831  0.003
-0.133 -1.747 -0.001
 0.089 -1.654 -0.005
-0.123 -1.720  0.002
-0.120 -1.725 -0.008
-0.179 -1.796 -0.064
-0.245 -1.800 -0.063
-0.308 -1.848 -0.072
-0.311 -1.863 -0.087
-0.264 -1.880 -0.144
-0.213 -1.833 -0.126
-0.180 -1.821 -0.156
-0.181 -1.793 -0.151
-0.160 -1.688  0.006
-0.207 -1.652  0.175
-0.214 -1.605  0.254
-0.173 -1.608  0.175
-0.154 -1.630  0.078
 0.167 -1.505  0.166
-0.131 -1.673 -0.047
-0.218 -1.724 -0.060
-0.303 -1.754 -0.062
-0.320 -1.775 -0.082
-0.344 -1.806 -0.041
-0.193 -1.733 -0.075
-0.195 -1.754 -0.113
-0.245 -1.746 -0.087
-0.218 -1.665 -0.055
-0.314 -1.697  0.022
-0.371 -1.711  0.048
-0.350 -1.718  0.016
-0.283 -1.725 -0.068
-0.264 -1.739 -0.085
-0.239 -1.715 -0.100
-0.218 -1.748 -0.092
-0.214 -1.723 -0.063
-0.271 -1.745 -0.031
-0.289 -1.738  0.014
-0.243 -1.721 -0.011
-0.154 -1.711 -0.030
-0.050 -1.669 -0.015
-0.051 -1.680 -0.031
-0.024 -1.618  0.003
-0.016 -1.624  0.079
 0.022 -1.555  0.139
-0.011 -1.585  0.141
 0.035 -1.558  0.130
 0.078 -1.568  0.102
 0.076 -1.556  0.063
 0.059 -1.571  0.057
 0.072 -1.546  0.040
 0.056 -1.569 -0.025
-0.088 -1.653  0.055
-0.012 -1.612 -0.010
-0.002 -1.693 -0.166
-0.071 -1.683 -0.052
-0.030 -1.639 -0.066
-0.112 -1.729 -0.042
-0.180 -1.755 -0.027
-0.193 -1.751 -0.011
-0.187 -1.787 -0.033
-0.191 -1.790 -0.097
-0.198 -1.799 -0.134
-0.227 -1.840 -0.175
-0.265 -1.854 -0.166
-0.333 -1.887 -0.148
-0.354 -1.881 -0.108
-0.313 -1.863 -0.138
-0.289 -1.865 -0.178
-0.283 -1.868 -0.213
-0.269 -1.851 -0.194
-0.240 -1.817 -0.125
-0.244 -1.824 -0.115
-0.230 -1.763 -0.051
-0.238 -1.735  0.001
-0.180 -1.745 -0.011
-0.137 -1.707 -0.081
-0.150 -1.781 -0.152
-0.120 -1.731 -0.085
-0.095 -1.704 -0.065
-0.095 -1.701 -0.058
-0.060 -1.637  0.006
-0.132 -1.697  0.012
-0.138 -1.685  0.072
-0.054 -1.650  0.100
 0.004 -1.597  0.118
 0.011 -1.581  0.091
 0.015 -1.558  0.062
-0.014 -1.538  0.052
-0.105 -1.513  0.165
-0.163 -1.507  0.181
-0.215 -1.530  0.207
-0.177 -1.514  0.185
-0.097 -1.451  0.184
-0.160 -1.511  0.128
-0.149 -1.551  0.063
-0.191 -1.604  0.003
-0.266 -1.646 -0.033
-0.330 -1.694 -0.035
-0.421 -1.779 -0.049
-0.437 -1.823 -0.086
-0.329 -1.757 -0.136
-0.400 -1.820 -0.164
-0.446 -1.827 -0.198
-0.451 -1.836 -0.207
-0.544 -1.895 -0.192
-0.620 -1.933 -0.200
-0.623 -1.964 -0.212
-0.527 -1.948 -0.264
-0.501 -1.947 -0.292
-0.524 -1.902 -0.297
-0.529 -1.891 -0.263
-0.473 -1.858 -0.222
-0.431 -1.869 -0.248
-0.527 -1.841 -0.137
-0.379 -1.782 -0.157
-0.315 -1.746 -0.193
-0.334 -1.781 -0.204
-0.309 -1.739 -0.178
-0.343 -1.737 -0.170
-0.368 -1.801 -0.203
-0.418 -1.806 -0.203
-0.457 -1.846 -0.178
-0.412 -1.797 -0.153
-0.375 -1.817 -0.155
-0.343 -1.817 -0.166
-0.332 -1.816 -0.185
-0.295 -1.853 -0.267
-0.292 -1.789 -0.148
-0.293 -1.763 -0.117
-0.392 -1.856 -0.107
-0.345 -1.784 -0.091
-0.256 -1.744 -0.096
-0.278 -1.766 -0.116
-0.290 -1.774 -0.138
-0.305 -1.807 -0.143
-0.328 -1.822 -0.128
-0.418 -1.885 -0.126
-0.517 -1.940 -0.164
-0.435 -1.918 -0.189
-0.396 -1.904 -0.246
-0.413 -1.919 -0.267
-0.438 -1.943 -0.222
-0.387 -1.878 -0.209
-0.554 -1.971 -0.178
-0.671 -2.056 -0.178
-0.546 -2.013 -0.212
-0.491 -1.916 -0.217
-0.502 -1.968 -0.232
-0.423 -1.918 -0.176
-0.456 -1.893 -0.156
-0.496 -1.902 -0.104
-0.535 -1.947 -0.103
-0.536 -1.925 -0.106
-0.429 -1.887 -0.121
-0.342 -1.815 -0.101
-0.359 -1.772 -0.068
-0.377 -1.813 -0.096
-0.442 -1.850 -0.101
-0.481 -1.851 -0.096
-0.402 -1.797 -0.074
-0.257 -1.704 -0.050
-0.192 -1.622 -0.045
-0.180 -1.649 -0.010
-0.129 -1.637 -0.004
-0.179 -1.653  0.033
-0.230 -1.691  0.020
-0.256 -1.719  0.033
-0.294 -1.733 -0.015
-0.267 -1.731 -0.046
-0.217 -1.716 -0.067
-0.243 -1.696 -0.062
-0.243 -1.700 -0.064
-0.274 -1.772 -0.042
-0.337 -1.778 -0.047
-0.351 -1.787 -0.074
-0.269 -1.772 -0.119
-0.237 -1.717 -0.106
-0.257 -1.720 -0.076
-0.296 -1.770 -0.080
-0.385 -1.773 -0.061
-0.438 -1.824 -0.059
-0.449 -1.860 -0.112
-0.401 -1.852 -0.142
-0.321 -1.798 -0.111
-0.338 -1.788 -0.102
-0.379 -1.819 -0.108
-0.420 -1.848 -0.055
-0.450 -1.830 -0.016
-0.346 -1.847 -0.054
-0.254 -1.799 -0.045
-0.244 -1.750 -0.056
-0.257 -1.777 -0.048
-0.244 -1.800 -0.053
-0.252 -1.825 -0.165
-0.333 -1.811 -0.016
-0.199 -1.737  0.002
-0.140 -1.755 -0.111
-0.163 -1.758 -0.045
-0.146 -1.741 -0.041
-0.154 -1.775 -0.149
-0.234 -1.805 -0.051
-0.224 -1.743 -0.064
-0.266 -1.864 -0.133
-0.224 -1.817 -0.044
-0.141 -1.790 -0.031
-0.155 -1.754 -0.037
-0.174 -1.792 -0.030
-0.125 -1.786 -0.007
-0.206 -1.767  0.051
-0.216 -1.798  0.066
-0.156 -1.725  0.066
-0.104 -1.716  0.066
-0.094 -1.711  0.047
-0.119 -1.742  0.013
-0.131 -1.738  0.028
-0.166 -1.748  0.078
-0.279 -1.829  0.092
-0.316 -1.841  0.104
-0.188 -1.797  0.023
-0.155 -1.800 -0.006
-0.165 -1.814 -0.026
-0.143 -1.810 -0.011
-0.191 -1.820  0.001
-0.248 -1.854  0.034
-0.282 -1.871  0.103
-0.309 -1.895  0.082
-0.224 -1.868 -0.025
-0.129 -1.839 -0.038
-0.150 -1.859 -0.047
-0.204 -1.851 -0.053
-0.212 -1.868 -0.071
-0.303 -1.945 -0.119
-0.357 -1.953 -0.044
-0.291 -1.937 -0.023
-0.254 -1.897 -0.072
-0.182 -1.896 -0.076
-0.098 -1.842 -0.038
-0.135 -1.827 -0.040
-0.147 -1.825 -0.088
-0.227 -1.868 -0.101
-0.287 -1.959 -0.134
-0.274 -1.886 -0.105
-0.217 -1.852 -0.122
-0.141 -1.834 -0.080
-0.129 -1.855 -0.060
-0.145 -1.804 -0.092
-0.227 -1.864 -0.091
-0.215 -1.859 -0.088
-0.190 -1.960 -0.180
-0.182 -1.878 -0.058
-0.063 -1.804 -0.091
-0.095 -1.857 -0.071
-0.101 -1.845 -0.113
-0.155 -1.848 -0.115
-0.189 -1.886 -0.062
-0.233 -1.887 -0.090
-0.141 -1.824 -0.028
-0.093 -1.825 -0.049
-0.079 -1.799 -0.040
-0.094 -1.849 -0.114
-0.151 -1.840 -0.039
-0.186 -1.864 -0.028
-0.285 -1.904 -0.067
-0.290 -1.984 -0.189
-0.249 -1.961 -0.231
-0.249 -2.014 -0.222
-0.229 -1.961 -0.191
-0.221 -1.962 -0.138
-0.265 -2.035 -0.152
-0.273 -2.001 -0.129
-0.278 -2.011 -0.108
-0.236 -2.031 -0.152
-0.194 -2.011 -0.167
-0.209 -1.961 -0.174
-0.220 -1.958 -0.123
-0.167 -1.896 -0.089
-0.254 -1.950 -0.058
-0.244 -1.895 -0.006
-0.230 -1.917 -0.024
-0.217 -1.976 -0.105
-0.161 -1.888 -0.078
-0.067 -1.814 -0.042
-0.044 -1.835 -0.010
-0.035 -1.786  0.055
 0.001 -1.790  0.127
 0.006 -1.793  0.183
 0.072 -1.745  0.201
 0.110 -1.722  0.216
 0.113 -1.719  0.191
 0.121 -1.710  0.210
 0.104 -1.768  0.111
 0.052 -1.789  0.129
 0.035 -1.830  0.152
-0.054 -1.883  0.118
-0.070 -1.908  0.126
-0.025 -1.890  0.098
-0.003 -1.884  0.100
 0.030 -1.813  0.070
-0.090 -1.964 -0.002
-0.137 -1.997 -0.064
-0.192 -2.074 -0.072
-0.279 -2.084 -0.097
-0.284 -2.102 -0.091
-0.300 -2.183 -0.227
-0.317 -2.186 -0.162
-0.234 -2.081 -0.128
-0.285 -2.146 -0.155
-0.274 -2.147 -0.160
-0.264 -2.141 -0.116
-0.282 -2.163 -0.140
-0.297 -2.172 -0.098
-0.304 -2.180 -0.096
-0.217 -2.168 -0.068
-0.136 -2.109 -0.047
-0.126 -2.133 -0.086
-0.154 -2.162 -0.094
-0.155 -2.135 -0.114
-0.210 -2.191 -0.112
-0.209 -2.163 -0.065
-0.210 -2.137 -0.039
-0.180 -2.102 -0.046
-0.072 -2.040 -0.099
-0.108 -2.051 -0.060
-0.080 -2.028 -0.045
-0.070 -2.018 -0.036
-0.099 -2.030 -0.027
-0.090 -2.005  0.003
-0.147 -2.029  0.035
-0.081 -1.923  0.100
-0.009 -1.917  0.103
 0.120 -1.843  0.170
 0.114 -1.844  0.180
 0.123 -1.894  0.089
 0.084 -1.867  0.170
 0.078 -1.879  0.178
 0.023 -1.934  0.156
-0.028 -1.995  0.143
-0.070 -2.036  0.061
-0.049 -2.019  0.098
 0.006 -1.965  0.077
-0.054 -2.018  0.044
-0.068 -1.978  0.013
-0.091 -1.991  0.023
-0.149 -2.044 -0.014
-0.192 -2.084 -0.015
-0.257 -2.151 -0.083
-0.284 -2.162 -0.034
-0.196 -2.117 -0.079
-0.224 -2.157 -0.066
-0.229 -2.156 -0.115
-0.264 -2.180 -0.115
-0.297 -2.224 -0.134
-0.333 -2.246 -0.105
-0.369 -2.241 -0.100
-0.333 -2.232 -0.079
-0.226 -2.176 -0.098
-0.201 -2.235 -0.226
-0.260 -2.181 -0.113
-0.222 -2.177 -0.117
-0.247 -2.217 -0.066
-0.276 -2.228 -0.025
-0.340 -2.275 -0.016
-0.331 -2.299 -0.054
-0.243 -2.266 -0.083
-0.200 -2.307 -0.234
-0.234 -2.285 -0.103
-0.194 -2.253 -0.079
-0.205 -2.283 -0.075
-0.211 -2.260 -0.078
-0.230 -2.290 -0.125
-0.422 -2.410 -0.141
-0.385 -2.416 -0.134
-0.330 -2.401 -0.119
-0.259 -2.369 -0.092
-0.272 -2.379 -0.109
-0.257 -2.364 -0.111
-0.185 -2.342 -0.106
-0.311 -2.401 -0.055
-0.410 -2.428 -0.048
-0.451 -2.411 -0.030
-0.406 -2.446 -0.116
-0.346 -2.412 -0.137
-0.332 -2.410 -0.120
-0.295 -2.379 -0.095
-0.226 -2.307 -0.090
-0.376 -2.404 -0.040
-0.428 -2.431  0.011
-0.429 -2.428  0.024
-0.406 -2.432 -0.026
-0.332 -2.421 -0.078
-0.306 -2.420 -0.089
-0.333 -2.442 -0.092
-0.374 -2.463 -0.100
-0.425 -2.503 -0.101
-0.462 -2.489 -0.042
-0.386 -2.448 -0.107
-0.265 -2.423 -0.180
-0.215 -2.416 -0.254
-0.274 -2.448 -0.185
-0.260 -2.424 -0.162
-0.229 -2.409 -0.132
-0.311 -2.442 -0.016
-0.192 -2.399 -0.096
-0.120 -2.356 -0.126
-0.116 -2.325 -0.040
-0.093 -2.330 -0.043
-0.145 -2.380 -0.103
-0.174 -2.391 -0.053
-0.177 -2.398 -0.042
-0.196 -2.418 -0.060
-0.164 -2.393 -0.074
-0.144 -2.374 -0.070
-0.140 -2.375 -0.070
-0.150 -2.363 -0.082
-0.147 -2.345 -0.060
-0.175 -2.384 -0.085
-0.154 -2.350  0.039
 0.036 -2.208  0.112
 1.156 -1.686  0.472
 0.112 -2.151  0.113
 0.118 -2.141  0.107
 0.007 -2.284 -0.027
-0.157 -2.326  0.092
-0.121 -2.322  0.086
-0.094 -2.356  0.024
-0.076 -2.328  0.081
-0.048 -2.305  0.089
-0.091 -2.396 -0.052
-0.252 -2.467  0.049
-0.275 -2.456  0.026
-0.348 -2.500  0.044
-0.293 -2.484 -0.017
-0.254 -2.470 -0.064
-0.255 -2.475 -0.090
-0.267 -2.500 -0.116
-0.308 -2.556 -0.153
-0.381 -2.582 -0.088
-0.346 -2.545 -0.065
-0.288 -2.558 -0.172
-0.299 -2.512 -0.067
-0.200 -2.480 -0.090
-0.247 -2.541 -0.137
-0.328 -2.611 -0.139
-0.307 -2.620 -0.071
-0.328 -2.592  0.043
-0.326 -2.569  0.114
-0.238 -2.539  0.069
-0.232 -2.547  0.054
-0.182 -2.515  0.042
-0.169 -2.494  0.081
-0.171 -2.514  0.056
-0.226 -2.527  0.050
-0.281 -2.569  0.078
-0.316 -2.615  0.078
-0.199 -2.545  0.023
-0.118 -2.566 -0.100
-0.191 -2.529 -0.028
-0.185 -2.559 -0.043
-0.301 -2.634 -0.012
-0.367 -2.684  0.001
-0.303 -2.641  0.050
-0.297 -2.681 -0.012
-0.213 -2.598  0.017
-0.181 -2.570  0.008
-0.149 -2.575  0.014
-0.234 -2.610  0.037
-0.373 -2.696  0.055
-0.417 -2.693  0.049
-0.253 -2.600  0.014
-0.188 -2.566 -0.015
-0.111 -2.498  0.043
-0.142 -2.479  0.035
-0.282 -2.577  0.055
-0.301 -2.573  0.096
-0.261 -2.558  0.080
-0.210 -2.579 -0.008
-0.188 -2.580 -0.056
-0.202 -2.608 -0.104
-0.254 -2.627 -0.123
-0.340 -2.657 -0.100
-0.377 -2.625 -0.069
-0.381 -2.629 -0.041
-0.319 -2.629 -0.102
-0.236 -2.617 -0.102
-0.230 -2.656 -0.128
-0.214 -2.663 -0.147
-0.221 -2.617 -0.089
-0.212 -2.596 -0.050
-0.161 -2.629 -0.134
-0.093 -2.606 -0.155
-0.120 -2.609 -0.166
-0.133 -2.623 -0.198
-0.178 -2.647 -0.147
-0.222 -2.616 -0.101
-0.188 -2.599 -0.070
-0.106 -2.542 -0.054
-0.041 -2.511 -0.044
-0.036 -2.503 -0.075
-0.041 -2.514 -0.096
-0.076 -2.524 -0.088
-0.132 -2.563 -0.062
-0.158 -2.586 -0.063
-0.114 -2.547 -0.057
-0.029 -2.502 -0.022
 0.053 -2.418  0.037
-0.059 -2.473 -0.022
-0.087 -2.522 -0.012
-0.157 -2.548 -0.007
-0.161 -2.540  0.023
-0.079 -2.499  0.046
-0.063 -2.478  0.007
-0.063 -2.474 -0.002
-0.071 -2.485  0.003
-0.105 -2.531 -0.020
-0.243 -2.622 -0.061
-0.333 -2.681 -0.024
-0.338 -2.699 -0.038
-0.320 -2.704 -0.058
-0.287 -2.690 -0.062
-0.259 -2.673 -0.108
-0.270 -2.740 -0.213
-0.328 -2.747 -0.144
-0.337 -2.700 -0.102
-0.398 -2.745 -0.051
-0.393 -2.763 -0.086
-0.333 -2.752 -0.130
-0.306 -2.713 -0.149
-0.276 -2.690 -0.194
-0.219 -2.642 -0.159
-0.183 -2.650 -0.105
-0.204 -2.634 -0.060
-0.200 -2.593 -0.004
-0.172 -2.572 -0.014
-0.109 -2.514 -0.009
-0.093 -2.526 -0.010
-0.016 -2.466  0.082
 0.003 -2.418  0.146
-0.116 -2.493  0.087
-0.174 -2.551  0.067
-0.177 -2.587  0.011
-0.116 -2.557 -0.015
-0.046 -2.488  0.013
 0.035 -2.449  0.042
 0.018 -2.502 -0.034
-0.010 -2.507  0.004
 0.012 -2.457 -0.006
-0.020 -2.363  0.070
-0.073 -2.261  0.340
 0.046 -1.969  0.693
 0.248 -1.797  0.880
 0.192 -1.819  1.026
 0.089 -1.969  1.029
-0.056 -2.191  0.879
-0.171 -2.343  0.788
-0.339 -2.476  0.718
-0.452 -2.580  0.654
-0.427 -2.575  0.606
-0.395 -2.540  0.534
-0.347 -2.515  0.478
-0.266 -2.440  0.502
-0.268 -2.452  0.403
-0.305 -2.361  0.450
-0.332 -2.418  0.444
-0.385 -2.414  0.473
-0.352 -2.422  0.372
-0.273 -2.413  0.290
-0.277 -2.381  0.261
-0.229 -2.362  0.220
-0.211 -2.347  0.204
-0.253 -2.408  0.178
-0.272 -2.378  0.191
-0.268 -2.394  0.132
-0.266 -2.409  0.052
-0.285 -2.437 -0.026
-0.307 -2.440 -0.064
-0.338 -2.477 -0.092
-0.399 -2.518 -0.075
-0.449 -2.549 -0.056
-0.526 -2.592 -0.052
-0.620 -2.629 -0.063
-0.650 -2.652 -0.055
-0.563 -2.683 -0.140
-0.310 -2.547 -0.089
-0.236 -2.490 -0.101
-0.186 -2.459 -0.109
-0.118 -2.411 -0.108
-0.144 -2.502 -0.261
-0.181 -2.467 -0.169
-0.157 -2.450 -0.185
-0.246 -2.456 -0.179
-0.312 -2.495 -0.147
-0.300 -2.489 -0.114
-0.284 -2.497 -0.130
-0.254 -2.513 -0.173
-0.223 -2.501 -0.195
-0.273 -2.540 -0.204
-0.281 -2.529 -0.192
-0.310 -2.587 -0.219
-0.347 -2.630 -0.244
-0.351 -2.628 -0.223
-0.352 -2.658 -0.223
-0.359 -2.647 -0.271
-0.317 -2.641 -0.296
-0.317 -2.665 -0.360
-0.325 -2.658 -0.303
-0.273 -2.628 -0.320
-0.369 -2.646 -0.289
-0.422 -2.700 -0.298
-0.427 -2.681 -0.298
-0.434 -2.715 -0.284
-0.385 -2.658 -0.289
-0.358 -2.632 -0.280
-0.351 -2.633 -0.291
-0.327 -2.637 -0.328
-0.331 -2.635 -0.401
-0.323 -2.596 -0.315
-0.307 -2.543 -0.221
-0.340 -2.567 -0.181
-0.303 -2.499 -0.134
-0.171 -2.411 -0.108
-0.150 -2.383 -0.130
-0.118 -2.328 -0.094
-0.098 -2.300 -0.102
-0.134 -2.321 -0.072
-0.229 -2.408 -0.090
-0.274 -2.433 -0.118
-0.193 -2.373 -0.100
-0.139 -2.334 -0.076
-0.105 -2.214 -0.049
-0.087 -2.270 -0.076
-0.033 -2.246 -0.076
-0.122 -2.329 -0.101
-0.258 -2.414 -0.127
-0.379 -2.484 -0.167
-0.422 -2.475 -0.224
-0.404 -2.479 -0.242
-0.435 -2.534 -0.249
-0.447 -2.552 -0.242
-0.458 -2.494 -0.252
-0.525 -2.604 -0.257
-0.577 -2.600 -0.199
-0.531 -2.590 -0.203
-0.493 -2.560 -0.267
-0.481 -2.593 -0.300
-0.451 -2.616 -0.321
-0.450 -2.646 -0.405
-0.503 -2.608 -0.332
-0.517 -2.615 -0.279
-0.540 -2.625 -0.170
-0.556 -2.628 -0.157
-0.500 -2.610 -0.158
-0.412 -2.569 -0.149
-0.346 -2.544 -0.165
-0.347 -2.570 -0.194
-0.314 -2.564 -0.191
-0.254 -2.541 -0.194
-0.338 -2.606 -0.165
-0.386 -2.611 -0.117
-0.382 -2.585 -0.088
-0.334 -2.551 -0.054
-0.250 -2.508 -0.009
-0.146 -2.430  0.022
-0.126 -2.413  0.021
-0.045 -2.289  0.085
-0.064 -2.288  0.092
-0.122 -2.362  0.122
-0.190 -2.397  0.121
-0.192 -2.386  0.092
-0.154 -2.355  0.050
-0.154 -2.369  0.026
-0.197 -2.396 -0.015
-0.194 -2.369 -0.000
-0.190 -2.352 -0.025
-0.189 -2.314 -0.066
-0.222 -2.385 -0.103
-0.351 -2.479 -0.134
-0.390 -2.446 -0.131
-0.371 -2.445 -0.194
-0.377 -2.471 -0.131
-0.296 -2.425 -0.167
-0.295 -2.486 -0.296
-0.372 -2.478 -0.184
-0.352 -2.440 -0.152
-0.403 -2.465 -0.140
-0.473 -2.468 -0.122
-0.551 -2.493 -0.079
-0.536 -2.472 -0.055
-0.496 -2.501 -0.144
-0.469 -2.491 -0.175
-0.431 -2.417 -0.181
-0.392 -2.397 -0.158
-0.390 -2.426 -0.178
-0.362 -2.418 -0.140
-0.369 -2.393 -0.098
-0.351 -2.378 -0.106
-0.439 -2.431 -0.065
-0.315 -2.372 -0.105
-0.282 -2.388 -0.138
-0.254 -2.361 -0.096
-0.266 -2.382 -0.126
-0.270 -2.349 -0.084
-0.258 -2.337 -0.062
-0.162 -2.271 -0.001
-0.137 -2.225  0.038
-0.120 -2.203  0.071
-0.107 -2.069  0.170
-0.214 -1.937  0.281
-0.334 -1.857  0.469
-0.443 -1.820  0.505
-0.679 -1.657  0.647
-0.501 -0.666  1.219
-0.074  0.581  2.772
 0.155  1.477  4.512
 0.430  1.861  5.618
 0.072  1.535  4.962
 0.518  2.602  4.331
 1.619  3.913  3.805
 2.466  4.778  3.493
 2.579  5.119  3.509
 2.586  5.225  3.656
 2.797  5.378  3.608
 2.883  5.553  3.702
 2.918  5.647  3.573
 3.032  5.724  3.273
 3.171  5.724  3.076
 3.314  5.632  2.851
 3.529  5.698  2.621
 4.311  6.042  2.605
 4.030  5.848  2.338
 3.114  5.134  2.096
 2.810  4.635  1.745
 2.710  4.312  1.558
 2.973  4.533  1.627
 3.006  4.541  1.421
 2.572  3.912  0.934
 2.236  3.621  0.625
 1.975  3.567  0.656
 2.045  3.762  0.917
 2.043  3.793  1.018
 2.207  3.878  1.161
 2.308  3.835  1.195
 2.220  3.733  1.164
 2.183  3.690  1.196
 2.053  3.503  1.159
 1.837  3.328  1.129
 1.552  3.163  1.009
 1.339  3.464  1.059
 1.361  3.723  1.123
 1.136  2.873  1.114
 1.189  2.542  1.061
 0.849  2.496  1.055
 0.734  2.738  1.413
 0.486  2.712  1.578
 0.312  2.692  1.692
 0.196  2.523  1.652
 0.202  2.349  1.632
 0.234  2.271  1.538
 0.160  2.027  1.418
 0.201  1.889  1.353
 0.147  1.704  1.243
 0.079  1.517  1.153
 0.015  1.329  1.003
 0.060  1.201  0.858
 0.101  1.100  0.768
 0.104  0.980  0.634
 0.040  0.822  0.492
 0.009  0.684  0.409
-0.026  0.549  0.321
-0.138  0.388  0.291
-0.227  0.261  0.271
-0.345  0.104  0.189
-0.428 -0.021  0.132
-0.432 -0.098  0.145
-0.531 -0.272  0.079
-0.508 -0.308  0.010
-0.531 -0.477 -0.036
-0.500 -0.606 -0.039
-0.421 -0.634  0.005
-0.348 -0.687  0.010
 1.584  0.273  0.813
 1.248 -0.023  0.540
 1.398  0.046  0.531
 1.240 -0.187  0.325
 0.448 -0.717 -0.081
-0.802 -1.421 -0.636
-0.813 -1.501 -0.697
-0.835 -1.584 -0.749
-0.857 -1.699 -0.885
-0.961 -1.777 -0.855
-1.000 -1.847 -0.898
-1.042 -1.914 -0.907
-1.024 -1.952 -0.965
-0.996 -1.978 -1.019
-1.022 -2.051 -1.053
-1.035 -2.130 -1.102
-1.044 -2.204 -1.133
-1.105 -2.280 -1.180
-1.174 -2.375 -1.331
-1.329 -2.527 -1.406
-1.449 -2.628 -1.444
-1.490 -2.680 -1.504
-1.493 -2.695 -1.535
-1.474 -2.713 -1.576
-1.457 -2.711 -1.580
-1.449 -2.741 -1.628
-1.436 -2.760 -1.648
-1.436 -2.782 -1.681
-1.427 -2.783 -1.669
-1.387 -2.760 -1.700
-1.458 -2.795 -1.684
-1.494 -2.826 -1.702
-1.493 -2.786 -1.657
-1.499 -2.791 -1.699
-1.482 -2.747 -1.728
-1.450 -2.697 -1.739
-1.396 -2.664 -1.689
-1.355 -2.612 -1.653
-1.350 -2.600 -1.686
-1.339 -2.560 -1.616
-1.303 -2.497 -1.587
-1.370 -2.539 -1.556
-1.345 -2.498 -1.522
-1.315 -2.440 -1.529
-1.232 -2.387 -1.530
-1.173 -2.325 -1.514
-1.203 -2.323 -1.559
-1.179 -2.279 -1.513
-1.106 -2.199 -1.495
-1.179 -2.216 -1.405
-1.212 -2.222 -1.386
-1.138 -2.113 -1.319
-1.087 -2.059 -1.289
-1.074 -2.057 -1.363
-1.034 -2.015 -1.367
-1.099 -2.037 -1.359
-1.095 -2.016 -1.337
-1.118 -1.977 -1.245
-1.168 -1.971 -1.161
-1.142 -1.970 -1.174
-1.038 -1.881 -1.186
-0.954 -1.866 -1.273
-1.023 -1.865 -1.170
-0.988 -1.815 -1.117
-1.001 -1.813 -1.109
-1.003 -1.788 -1.065
-1.079 -1.820 -1.033
-1.084 -1.797 -0.960
-1.076 -1.764 -0.959
-1.027 -1.743 -0.982
-1.005 -1.718 -0.973
-0.985 -1.690 -0.958
-0.981 -1.667 -0.938
-0.985 -1.631 -0.901
-1.006 -1.620 -0.835
-1.095 -1.678 -0.811
-1.031 -1.611 -0.756
-0.916 -1.529 -0.740
-0.853 -1.467 -0.700
-0.816 -1.433 -0.672
-0.769 -1.379 -0.606
-0.867 -1.414 -0.554
-0.953 -1.467 -0.542
-0.921 -1.455 -0.534
-0.848 -1.433 -0.552
-0.809 -1.395 -0.552
-0.752 -1.359 -0.551
-0.779 -1.381 -0.564
-0.770 -1.359 -0.525
-0.837 -1.392 -0.521
-0.901 -1.425 -0.484
-0.824 -1.339 -0.439
-0.708 -1.251 -0.412
-0.702 -1.249 -0.422
-0.689 -1.245 -0.423
-0.722 -1.277 -0.464
-0.778 -1.276 -0.403
-0.839 -1.302 -0.416
-0.897 -1.368 -0.416
-0.867 -1.319 -0.358
-0.770 -1.265 -0.380
-0.781 -1.302 -0.469
-0.790 -1.289 -0.385
-0.789 -1.278 -0.417
-0.828 -1.333 -0.429
-0.902 -1.350 -0.417
-0.964 -1.370 -0.373
-0.947 -1.414 -0.409
-0.926 -1.390 -0.432
-0.893 -1.381 -0.457
-0.865 -1.358 -0.411
-0.803 -1.283 -0.404
-0.749 -1.278 -0.459
-0.847 -1.300 -0.343
-0.869 -1.284 -0.336
-0.944 -1.320 -0.257
-0.922 -1.318 -0.326
-0.796 -1.231 -0.340
-0.800 -1.212 -0.265
-0.754 -1.191 -0.219
-0.723 -1.165 -0.195
-0.761 -1.168 -0.164
-0.813 -1.204 -0.129
-0.877 -1.255 -0.135
-0.839 -1.217 -0.152
-0.768 -1.178 -0.117
-0.734 -1.164 -0.150
-0.770 -1.183 -0.169
-0.768 -1.151 -0.131
-0.782 -1.169 -0.150
-0.787 -1.144 -0.069
-0.881 -1.190 -0.037
-0.894 -1.193 -0.021
-0.773 -1.124  0.007
-0.719 -1.109 -0.015
-0.722 -1.101 -0.014
-0.737 -1.115  0.009
-0.723 -1.074 -0.006
-0.796 -1.188 -0.148
-0.996 -1.268 -0.061
-1.018 -1.247 -0.061
-0.973 -1.315 -0.191
-0.956 -1.233 -0.099
-0.872 -1.171 -0.107
-0.616 -1.102 -0.074
-0.880 -1.254 -0.170
-0.927 -1.235 -0.185
-1.015 -1.296 -0.147
-1.031 -1.286 -0.054
-0.988 -1.298 -0.078
-0.986 -1.365 -0.156
-0.946 -1.344 -0.153
-0.926 -1.307 -0.152
-0.895 -1.291 -0.105
-0.811 -1.227 -0.005
-0.828 -1.217  0.065
-0.895 -1.193  0.098
-0.828 -1.150  0.107
-0.748 -1.131  0.083
-0.421 -1.005  0.187
-0.669 -1.037  0.126
-0.679 -1.042  0.154
-0.708 -1.070  0.154
-0.788 -1.134  0.173
-0.881 -1.185  0.161
-0.876 -1.194  0.181
-0.825 -1.182  0.138
-0.785 -1.199  0.110
-0.745 -1.164  0.068
-0.742 -1.168  0.041
-0.792 -1.135  0.125
-0.976 -0.972  0.473
-1.095 -0.719  0.821
-1.101 -0.590  1.006
-1.106 -0.525  1.159
-1.026 -0.499  1.170
-0.964 -0.518  1.001
-0.998 -0.531  1.038
-0.952 -0.551  0.963
-1.031 -0.678  0.859
-1.084 -0.763  0.823
-1.084 -0.780  0.784
-1.037 -0.810  0.734
-1.011 -0.864  0.619
-0.905 -0.800  0.596
-0.937 -0.842  0.571
-0.918 -0.825  0.534
-0.927 -0.864  0.502
-0.946 -0.895  0.519
-0.955 -0.926  0.533
-0.892 -0.912  0.468
-0.849 -0.944  0.402
-0.813 -0.939  0.347
-0.775 -1.032  0.137
-0.825 -1.009  0.221
-0.787 -0.982  0.208
-0.840 -1.055  0.215
-0.888 -1.081  0.230
-0.898 -1.096  0.208
-0.817 -1.044  0.191
-0.742 -1.017  0.189
-0.736 -0.945  0.149
-0.754 -0.978  0.145
-0.743 -0.982  0.129
-0.846 -1.096  0.100
-0.886 -1.149  0.102
-0.880 -1.178  0.078
-0.819 -1.211  0.001
-0.724 -1.134  0.001
-0.642 -1.114  0.008
-0.646 -1.133 -0.040
-0.636 -1.138 -0.014
-0.674 -1.127 -0.012
-0.813 -1.236 -0.031
-0.822 -1.245 -0.046
-0.698 -1.193 -0.029
-0.680 -1.168 -0.062
-0.607 -1.150 -0.052
-0.570 -1.150 -0.061
-0.690 -1.245 -0.112
-0.766 -1.239 -0.015
-0.744 -1.157  0.051
-0.692 -1.154  0.020
-0.641 -1.118  0.007
-0.652 -1.120 -0.050
-0.701 -1.192 -0.088
-0.712 -1.243 -0.176
-0.737 -1.267 -0.197
-0.851 -1.365 -0.264
-0.871 -1.395 -0.230
-0.764 -1.375 -0.314
-0.723 -1.421 -0.443
-0.748 -1.363 -0.344
-0.683 -1.316 -0.304
-0.712 -1.343 -0.257
-0.699 -1.307 -0.202
-0.749 -1.325 -0.135
-0.770 -1.321 -0.094
-0.726 -1.322 -0.135
-0.680 -1.317 -0.164
-0.656 -1.290 -0.160
-0.625 -1.257 -0.119
-0.642 -1.249 -0.105
-0.687 -1.261 -0.045
-0.753 -1.262  0.013
-0.722 -1.238  0.059
-0.679 -1.238  0.052
-0.637 -1.220  0.013
-0.668 -1.187 -0.007
-0.706 -1.246 -0.045
-0.775 -1.309 -0.076
-0.839 -1.340 -0.022
-0.869 -1.319  0.011
-0.839 -1.315 -0.007
-0.772 -1.270 -0.006
-0.773 -1.272 -0.059
-0.774 -1.316 -0.122
-0.823 -1.365 -0.102
-0.891 -1.401 -0.044
-0.923 -1.413 -0.028
-0.874 -1.403 -0.061
-0.855 -1.446 -0.113
-0.848 -1.416 -0.169
-0.868 -1.459 -0.193
-0.873 -1.475 -0.194
-0.843 -1.432 -0.154
-0.913 -1.515 -0.131
-0.965 -1.500 -0.051
-0.907 -1.475 -0.099
-0.905 -1.494 -0.188
-0.894 -1.488 -0.141
-0.831 -1.431 -0.153
-0.904 -1.500 -0.138
-0.925 -1.472 -0.170
-1.010 -1.506 -0.139
-1.035 -1.509 -0.067
-1.058 -1.487 -0.077
-1.009 -1.432 -0.078
-0.980 -1.475 -0.104
-0.896 -1.386 -0.031
-0.945 -1.397 -0.083
-0.959 -1.408 -0.053
-1.020 -1.402 -0.060
-1.127 -1.441  0.011
-1.155 -1.448  0.001
-1.019 -1.373 -0.002
-1.008 -1.301  0.036
-1.021 -1.353 -0.017
-1.025 -1.350 -0.041
-1.080 -1.353 -0.039
-1.155 -1.361 -0.001
-1.209 -1.398  0.023
-1.135 -1.369  0.032
-1.096 -1.333  0.036
-1.058 -1.358  0.047
-1.066 -1.347  0.001
-1.050 -1.360 -0.030
-1.134 -1.397 -0.046
-1.225 -1.453 -0.003
-1.249 -1.506 -0.010
-1.163 -1.456 -0.051
-1.095 -1.456 -0.085
-1.067 -1.450 -0.124
-1.066 -1.448 -0.138
-1.042 -1.467 -0.126
-1.047 -1.474 -0.087
-1.069 -1.460 -0.046
-1.138 -1.455  0.049
-1.044 -1.431  0.015
-1.051 -1.476 -0.060
-1.051 -1.421 -0.042
-1.001 -1.385 -0.051
-1.055 -1.442 -0.061
-1.124 -1.412 -0.035
-1.162 -1.431 -0.012
-1.208 -1.449  0.021
-1.149 -1.403  0.009
-1.119 -1.363 -0.029
-1.141 -1.373 -0.056
-1.126 -1.355 -0.034
-1.125 -1.313 -0.002
-1.139 -1.334  0.043
-1.192 -1.369  0.073
-1.246 -1.402  0.091
-1.164 -1.370  0.079
-1.071 -1.343  0.082
-1.081 -1.369  0.031
-1.041 -1.345  0.012
-1.013 -1.352  0.023
-1.081 -1.400 -0.005
-1.184 -1.478  0.045
-1.165 -1.421  0.018
-1.025 -1.427 -0.105
-1.042 -1.412  0.012
-1.007 -1.354 -0.043
-1.086 -1.450 -0.073
-1.106 -1.477 -0.091
-1.178 -1.540 -0.098
-1.294 -1.542 -0.052
-1.304 -1.555 -0.050
-1.250 -1.571 -0.136
-1.211 -1.594 -0.154
-1.146 -1.563 -0.148
-1.157 -1.571 -0.181
-1.154 -1.536 -0.117
-1.175 -1.529 -0.111
-1.229 -1.611 -0.198
-1.277 -1.574 -0.129
-1.194 -1.536 -0.180
-1.177 -1.576 -0.278
-1.178 -1.580 -0.224
-1.102 -1.524 -0.216
-1.048 -1.504 -0.177
-1.108 -1.469  0.028
-1.000 -1.365  0.081
-0.962 -1.362 -0.037
-0.980 -1.342  0.092
-0.943 -1.302  0.080
-0.927 -1.297  0.100
-0.994 -1.307  0.126
-1.017 -1.315  0.152
-1.048 -1.355  0.165
-1.039 -1.318  0.116
-0.881 -1.231  0.117
-0.832 -1.263 -0.009
-0.877 -1.260  0.090
-0.831 -1.250  0.078
-0.909 -1.262  0.097
-0.949 -1.280  0.140
-0.958 -1.278  0.181
-0.936 -1.271  0.162
-0.949 -1.295  0.106
-0.939 -1.296  0.055
-0.981 -1.347  0.012
-0.988 -1.362 -0.021
-1.004 -1.371 -0.033
-1.040 -1.400  0.034
-1.028 -1.367  0.036
-1.116 -1.479 -0.072
-1.131 -1.495 -0.025
-1.064 -1.444 -0.038
-1.072 -1.505 -0.141
-1.085 -1.511 -0.087
-0.999 -1.440 -0.085
-1.022 -1.455 -0.029
-1.086 -1.510 -0.023
-1.148 -1.507 -0.007
-1.237 -1.564  0.020
-1.156 -1.633 -0.068
-1.109 -1.544 -0.067
-1.125 -1.570 -0.087
-1.105 -1.569 -0.088
-1.125 -1.541 -0.091
-1.133 -1.556 -0.097
-1.119 -1.529 -0.072
-1.234 -1.560  0.002
-1.208 -1.565 -0.032
-1.120 -1.521 -0.063
-1.130 -1.533 -0.083
-1.105 -1.514 -0.085
-1.117 -1.508 -0.080
-1.123 -1.521 -0.083
-1.152 -1.538 -0.086
-1.250 -1.617 -0.172
-1.314 -1.641 -0.077
-1.284 -1.642 -0.173
-1.160 -1.609 -0.205
-1.098 -1.532 -0.100
-0.986 -1.472 -0.086
-1.050 -1.458 -0.053
-1.080 -1.438 -0.018
-1.155 -1.514 -0.030
-1.244 -1.529 -0.052
-1.362 -1.573 -0.022
-1.457 -1.653 -0.043
-1.439 -1.636 -0.058
-1.270 -1.557 -0.071
-1.263 -1.570 -0.118
-1.233 -1.542 -0.076
-1.194 -1.520 -0.094
-1.211 -1.570 -0.151
-1.342 -1.624 -0.053
-1.308 -1.612 -0.045
-1.271 -1.653 -0.158
-1.288 -1.685 -0.196
-1.175 -1.629 -0.198
-1.200 -1.648 -0.168
-1.172 -1.607 -0.142
-1.190 -1.652 -0.149
-1.241 -1.669 -0.149
-1.273 -1.641 -0.134
-1.280 -1.663 -0.214
-1.288 -1.659 -0.073
-1.157 -1.563 -0.087
-1.208 -1.553 -0.054
-1.262 -1.647 -0.089
-1.262 -1.614 -0.097
-1.293 -1.656 -0.059
-1.315 -1.686 -0.019
-1.307 -1.693  0.015
-1.233 -1.738 -0.000
-1.167 -1.765  0.005
-1.187 -1.767  0.027
-1.184 -1.783  0.068
-1.213 -1.839  0.050
-1.278 -1.936  0.003
-1.387 -2.024  0.019
-1.389 -2.067 -0.003
-1.348 -2.179 -0.107
-1.306 -2.121  0.015
-1.239 -2.122 -0.027
-1.217 -2.238 -0.161
-1.264 -2.276 -0.093
-1.248 -2.332 -0.096
-1.392 -2.465 -0.075
-1.482 -2.516 -0.040
-1.508 -2.537 -0.035
-1.433 -2.564 -0.074
-1.335 -2.553 -0.077
-1.327 -2.534 -0.106
-1.321 -2.571 -0.142
-1.275 -2.549 -0.108
-1.296 -2.540 -0.104
-1.246 -2.575 -0.099
-1.256 -2.647 -0.106
-1.272 -2.631 -0.016
-1.206 -2.593  0.032
-1.200 -2.639 -0.131
-1.411 -2.840 -0.291
-1.148 -2.574 -0.091
-1.224 -2.601 -0.101
-1.227 -2.626 -0.114
-1.238 -2.613 -0.096
-1.244 -2.605 -0.086
-1.212 -2.588 -0.034
-1.165 -2.613 -0.109
-1.171 -2.598  0.004
-1.048 -2.522 -0.003
-1.081 -2.563 -0.022
-1.053 -2.544 -0.003
-1.076 -2.555 -0.005
-1.063 -2.589  0.033
-1.098 -2.595  0.057
-1.114 -2.624  0.062
-1.048 -2.584  0.046
-0.941 -2.544  0.089
-0.922 -2.545  0.034
-0.888 -2.521  0.007
-0.843 -2.459  0.033
-0.935 -2.495  0.045
-1.048 -2.526  0.087
-1.025 -2.486  0.142
-1.018 -2.502  0.138
-0.932 -2.460  0.170
-0.842 -2.407  0.155
-0.816 -2.472  0.059
-0.872 -2.451  0.122
-0.970 -2.501  0.175
-1.320 -2.577  0.311
-1.499 -2.586  0.500
-1.746 -2.732  0.472
-1.908 -2.814  0.376
-1.948 -2.845  0.306
-1.955 -2.865  0.227
-1.889 -2.800  0.223
-1.881 -2.829  0.204
-1.969 -2.980  0.114
-1.967 -2.928  0.126
-1.930 -2.979  0.132
-1.933 -3.023  0.042
-1.903 -2.922 -0.001
-1.853 -2.874 -0.009
-1.837 -2.867 -0.046
-1.770 -2.785 -0.013
-1.664 -2.741  0.008
-1.730 -2.769  0.011
-1.710 -2.738 -0.033
-1.680 -2.710 -0.036
-1.670 -2.679 -0.052
-1.622 -2.642 -0.064
-1.530 -2.562 -0.039
-1.494 -2.520 -0.049
-1.420 -2.435 -0.022
-1.436 -2.430 -0.043
-1.447 -2.448 -0.034
-1.438 -2.468 -0.003
-1.352 -2.342 -0.000
-1.310 -2.332 -0.004
-1.255 -2.303 -0.006
-1.233 -2.286 -0.037
-1.354 -2.366 -0.119
-1.398 -2.365 -0.040
-1.529 -2.447 -0.088
-1.513 -2.456 -0.071
-1.401 -2.393 -0.064
-1.402 -2.383 -0.120
-1.379 -2.359 -0.119
-1.331 -2.340 -0.089
-1.388 -2.397 -0.142
-1.467 -2.408 -0.153
-1.543 -2.481 -0.240
-1.520 -2.440 -0.274
-1.412 -2.406 -0.304
-1.310 -2.289 -0.259
-1.254 -2.302 -0.247
-1.225 -2.180 -0.188
-1.233 -2.162 -0.139
-1.295 -2.196 -0.123
-1.326 -2.204 -0.088
-1.249 -2.142 -0.092
-1.213 -2.088 -0.157
-1.097 -2.076 -0.170
-1.042 -2.063 -0.176
-1.054 -2.106 -0.200
-1.083 -2.095 -0.191
-1.133 -2.069 -0.188
-1.184 -2.148 -0.306
-1.239 -2.147 -0.181
-1.140 -2.092 -0.194
-1.112 -2.077 -0.302
-1.161 -2.073 -0.207
-1.154 -2.054 -0.217
-1.238 -2.114 -0.166
-1.254 -2.147 -0.106
-1.207 -2.034 -0.092
-1.098 -2.033 -0.098
-0.985 -1.985 -0.050
-0.957 -1.959 -0.071
-1.037 -1.962 -0.074
-1.014 -1.924 -0.032
-1.089 -1.995 -0.035
-1.174 -2.091 -0.009
-1.114 -2.047  0.033
-1.019 -1.968  0.013
-1.068 -2.056 -0.020
-1.057 -2.070 -0.032
-1.016 -2.073 -0.046
-1.111 -2.104 -0.093
-1.199 -2.169 -0.085
-1.232 -2.219 -0.046
-1.162 -2.183 -0.066
-1.137 -2.148 -0.093
-1.113 -2.160 -0.082
-1.096 -2.178 -0.120
-1.109 -2.238 -0.143
-1.182 -2.205 -0.084
-1.234 -2.190 -0.018
-1.226 -2.230 -0.058
-1.174 -2.183 -0.094
-1.124 -2.127 -0.138
-1.108 -2.135 -0.148
-1.133 -2.146 -0.176
-1.182 -2.202 -0.175
-1.172 -2.183 -0.101
-1.208 -2.201 -0.106
-1.163 -2.155 -0.124
-1.102 -2.150 -0.192
-1.120 -2.222 -0.225
-1.123 -2.253 -0.240
-1.105 -2.155 -0.208
-1.144 -2.211 -0.239
-1.248 -2.165 -0.061
-1.227 -2.193 -0.052
-1.156 -2.243 -0.152
-1.035 -2.034  0.002
-0.880 -1.941  0.072
-0.946 -2.002  0.083
-0.955 -1.971  0.062
-1.035 -2.080  0.034
-1.090 -2.107  0.070
-1.091 -2.032  0.069
-1.052 -2.044  0.021
-1.041 -2.145  0.003
-0.999 -2.084  0.008
-1.046 -2.086 -0.021
-1.107 -2.169 -0.038
-1.211 -2.254 -0.015
-1.355 -2.353 -0.080
-1.294 -2.365 -0.122
-1.208 -2.306 -0.150
-1.206 -2.329 -0.214
-1.184 -2.372 -0.221
-1.131 -2.348 -0.221
-1.208 -2.400 -0.234
-1.258 -2.494 -0.203
-1.334 -2.502 -0.186
-1.338 -2.504 -0.103
-1.298 -2.451 -0.158
-1.285 -2.459 -0.179
-1.256 -2.450 -0.190
-1.215 -2.425 -0.224
-1.264 -2.429 -0.224
-1.231 -2.387 -0.207
-1.281 -2.410 -0.145
-1.275 -2.409 -0.063
-1.236 -2.364 -0.027
-1.153 -2.301 -0.081
-1.177 -2.338 -0.052
-1.086 -2.304 -0.050
-1.108 -2.348 -0.095
-1.107 -2.272 -0.120
-1.103 -2.356 -0.181
-1.134 -2.356 -0.093
-1.188 -2.421 -0.108
-1.234 -2.428 -0.087
-1.192 -2.317 -0.009
-1.160 -2.338 -0.042
-1.052 -2.288 -0.033
-0.910 -2.163 -0.010
-0.911 -2.201 -0.036
-0.896 -2.203 -0.007
-0.838 -2.155  0.042
-0.950 -2.278 -0.096
-1.116 -2.317  0.037
-0.960 -2.216  0.041
-0.911 -2.149  0.008
-0.949 -2.266 -0.076
-0.954 -2.302 -0.096
-0.996 -2.294 -0.048
-1.103 -2.331 -0.030
-1.155 -2.300  0.012
-1.169 -2.330 -0.013
-1.107 -2.341 -0.045
-1.074 -2.338 -0.057
-1.030 -2.323 -0.076
-1.007 -2.296 -0.061
-1.094 -2.340 -0.026
-1.175 -2.365  0.046
-1.180 -2.389 -0.007
-1.176 -2.407 -0.052
-1.139 -2.402 -0.111
-1.111 -2.335 -0.113
-1.172 -2.423 -0.175
-1.176 -2.418 -0.118
-1.133 -2.400 -0.034
-1.186 -2.482 -0.139
-1.172 -2.451 -0.051
-1.085 -2.296 -0.054
-1.139 -2.448 -0.131
-1.158 -2.403 -0.128
-1.121 -2.402 -0.105
-1.173 -2.500 -0.175
-1.245 -2.453  0.013
-1.095 -2.387 -0.002
-1.027 -2.298 -0.078
-1.016 -2.293  0.070
-0.946 -2.180  0.107
-1.021 -2.239  0.116
-1.049 -2.242  0.148
-1.081 -2.250  0.152
-1.059 -2.251  0.116
-1.001 -2.332  0.051
-0.965 -2.324  0.014
-0.934 -2.287  0.036
-0.895 -2.228  0.066
-0.943 -2.223  0.075
-0.994 -2.236  0.107
-0.911 -2.196  0.092
-0.924 -2.297 -0.008
-0.966 -2.311  0.022
-0.915 -2.291  0.022
-1.008 -2.308 -0.004
-1.101 -2.447 -0.006
-1.075 -2.415 -0.027
-1.028 -2.460 -0.249
-1.068 -2.385 -0.099
-0.998 -2.391 -0.088
-1.023 -2.340 -0.084
-1.042 -2.354 -0.035
-1.084 -2.392 -0.048
-1.192 -2.393 -0.035
-1.223 -2.486 -0.046
-1.148 -2.503 -0.098
-1.157 -2.577 -0.172
-1.142 -2.478 -0.188
-1.183 -2.583 -0.208
-1.189 -2.549 -0.193
-1.263 -2.597 -0.173
-1.282 -2.580 -0.106
-1.253 -2.623 -0.132
-1.158 -2.503 -0.163
-1.164 -2.539 -0.189
-1.156 -2.542 -0.195
-1.112 -2.529 -0.145
-1.166 -2.665 -0.251
-1.266 -2.638 -0.114
-1.234 -2.587 -0.087
-1.232 -2.619 -0.071
-1.171 -2.681 -0.119
-1.121 -2.567 -0.071
-1.120 -2.602 -0.034
-1.082 -2.464  0.013
-1.117 -2.536 -0.033
-1.141 -2.569 -0.008
-1.117 -2.531  0.054
-1.291 -2.725 -0.001
-1.198 -2.704 -0.006
-1.140 -2.650  0.013
-1.142 -2.616 -0.019
-1.114 -2.513 -0.006
-1.134 -2.599 -0.093
-1.156 -2.660 -0.092
-1.175 -2.665 -0.061
-1.292 -2.733 -0.054
-1.333 -2.726 -0.030
-1.267 -2.731 -0.125
-1.175 -2.713 -0.091
-1.104 -2.576 -0.082
-1.098 -2.659 -0.126
-1.114 -2.590 -0.083
-1.083 -2.606 -0.082
-1.200 -2.601 -0.034
-1.242 -2.661  0.010
-1.278 -2.668  0.011
-1.230 -2.698 -0.101
-1.146 -2.614 -0.077
-1.198 -2.634 -0.100
-1.194 -2.716 -0.099
-1.119 -2.618 -0.084
-1.190 -2.681 -0.058
-1.202 -2.652  0.021
-1.214 -2.540  0.070
-1.185 -2.623 -0.003
-1.107 -2.608 -0.017
-1.132 -2.616 -0.067
-1.084 -2.628 -0.041
-1.019 -2.573  0.001
-1.127 -2.590  0.041
-1.151 -2.627  0.063
-1.139 -2.606  0.068
-1.105 -2.629  0.020
-0.986 -2.571  0.072
-1.009 -2.564  0.034
-1.017 -2.578  0.036
-0.989 -2.517  0.058
-1.157 -2.682  0.056
-1.280 -2.816  0.044
-1.258 -2.832  0.005
-1.147 -2.881 -0.147
-1.167 -2.825  0.007
-1.101 -2.803  0.013
-1.126 -2.934 -0.080
-1.213 -2.993  0.040
-1.177 -2.985  0.068
-1.256 -3.112 -0.035
-1.215 -3.024 -0.019
-1.153 -3.001 -0.071
-1.117 -3.058 -0.171
-1.224 -3.106 -0.115
-1.227 -3.136 -0.097
-1.284 -3.076 -0.061
-1.350 -3.053 -0.030
-1.334 -3.032 -0.083
-1.318 -3.032 -0.135
-1.323 -3.038 -0.167
-1.346 -2.962 -0.163
-1.356 -2.976 -0.154
-1.391 -3.008 -0.122
-1.440 -2.980 -0.107
-1.412 -3.001 -0.116
-1.281 -2.940 -0.096
-1.274 -2.936 -0.088
-1.248 -2.748 -0.086
-1.230 -2.766 -0.068
-1.312 -2.779 -0.083
-1.347 -2.789 -0.008
-1.344 -2.780 -0.012
-1.509 -2.736 -0.050
-1.526 -2.826 -0.107
-1.460 -2.806 -0.089
-1.486 -2.789 -0.108
-1.433 -2.802 -0.029
-1.401 -2.700  0.019
-1.494 -2.785  0.059
-1.447 -2.729  0.051
-1.365 -2.710  0.049
-1.364 -2.706  0.025
-1.374 -2.661  0.004
-1.402 -2.659 -0.037
-1.359 -2.657 -0.007
-1.400 -2.677  0.042
-1.480 -2.707  0.046
-1.519 -2.763  0.069
-1.415 -2.683  0.058
-1.350 -2.651 -0.010
-1.338 -2.734 -0.024
-1.278 -2.655 -0.032
-1.354 -2.826 -0.080
-1.323 -2.671  0.000
-1.282 -2.682 -0.023
-1.267 -2.771 -0.027
-1.280 -2.742 -0.024
-1.332 -2.747 -0.061
-1.352 -2.651 -0.010
-1.403 -2.796 -0.097
-1.407 -2.721 -0.036
-1.343 -2.767 -0.052
-1.343 -2.708 -0.088
-1.357 -2.786 -0.098
-1.313 -2.640 -0.091
-1.409 -2.718 -0.092
-1.453 -2.749 -0.090
-1.472 -2.736 -0.080
-1.475 -2.829 -0.098
-1.442 -2.695 -0.168
-1.412 -2.698 -0.138
-1.467 -2.711 -0.127
-1.441 -2.713 -0.056
-1.523 -2.787 -0.066
-1.559 -2.686 -0.018
-1.543 -2.732 -0.038
-1.468 -2.789 -0.061
-1.422 -2.787 -0.071
-1.384 -2.757 -0.070
-1.391 -2.735 -0.100
-1.392 -2.798 -0.031
-1.353 -2.731  0.027
-1.382 -2.824 -0.096
-1.374 -2.777  0.042
-1.295 -2.680 -0.000
-1.351 -2.734  0.012
-1.373 -2.837 -0.048
-1.413 -2.913 -0.103
-1.518 -3.005 -0.140
-1.579 -2.969 -0.128
-1.637 -2.947 -0.159
-1.556 -3.020 -0.221
-1.475 -3.064 -0.210
-1.481 -3.093 -0.235
-1.455 -3.012 -0.213
-1.451 -2.996 -0.193
-1.481 -3.079 -0.330
-1.585 -3.053 -0.185
-1.542 -3.064 -0.176
-1.456 -2.948 -0.281
-1.428 -2.937 -0.131
-1.338 -2.843 -0.125
-1.369 -2.918 -0.114
-1.350 -2.945 -0.126
-1.462 -2.952 -0.111
-1.489 -2.934 -0.055
-1.487 -2.997 -0.024
-1.462 -2.949 -0.110
-1.372 -3.005 -0.093
-1.293 -2.838 -0.127
-1.397 -2.867 -0.140
-1.408 -2.910 -0.122
-1.472 -2.919 -0.102
-1.516 -2.966 -0.033
-1.552 -2.943 -0.028
-1.519 -2.961 -0.094
-1.339 -2.808 -0.018
-1.325 -2.816 -0.018
-1.350 -2.738 -0.049
-1.326 -2.689 -0.028
-1.333 -2.707  0.004
-1.403 -2.774 -0.033
-1.466 -2.840  0.011
-1.312 -2.722  0.007
-1.199 -2.720 -0.137
-1.259 -2.727 -0.037
-1.273 -2.723 -0.053
-1.295 -2.717 -0.085
-1.281 -2.751 -0.061
-1.368 -2.796 -0.124
-1.435 -2.873 -0.050
-1.418 -2.880 -0.108
-1.389 -2.859 -0.283
-1.445 -2.795 -0.184
-1.402 -2.860 -0.189
-1.460 -2.899 -0.199
-1.476 -2.966 -0.195
-1.518 -2.884 -0.232
-1.554 -2.858 -0.170
-1.576 -2.886 -0.179
-1.580 -3.000 -0.195
-1.527 -3.037 -0.224
-1.411 -2.728 -0.168
-1.417 -2.749 -0.158
-1.438 -2.728 -0.139
-1.433 -2.831 -0.137
-1.479 -2.716 -0.126
-1.488 -2.655 -0.051
-1.508 -2.655 -0.040
-1.481 -2.604 -0.077
-1.464 -2.638 -0.111
-1.481 -2.607 -0.136
-1.485 -2.530 -0.138
-1.444 -2.523 -0.104
-1.479 -2.451 -0.086
-1.575 -2.413 -0.010
-1.569 -2.401 -0.001
-1.566 -2.490 -0.105
-1.511 -2.460 -0.033
-1.430 -2.343 -0.016
-1.460 -2.358 -0.126
-1.487 -2.291 -0.023
-1.522 -2.313 -0.019
-1.594 -2.377 -0.038
-1.645 -2.404 -0.006
-1.785 -2.495 -0.147
-1.742 -2.433  0.002
-1.665 -2.375  0.008
-1.629 -2.469 -0.099
-1.721 -2.429 -0.025
-1.765 -2.559 -0.008
-1.796 -2.475  0.019
-1.831 -2.486  0.041
-1.916 -2.634  0.029
-1.850 -2.545  0.068
-1.795 -2.550  0.043
-1.808 -2.612  0.012
-1.805 -2.631  0.021
-1.774 -2.552  0.019
-1.741 -2.623 -0.070
-1.861 -2.716  0.082
-1.844 -2.728  0.080
-1.880 -2.850 -0.093
-1.891 -2.846 -0.095
-1.845 -2.997 -0.119
-1.853 -3.229 -0.173
-1.895 -3.263 -0.127
-1.899 -3.246 -0.111
-1.908 -3.393 -0.040
-1.878 -3.353  0.022
-1.807 -3.369  0.013
-1.733 -3.303 -0.017
-1.692 -3.327 -0.009
-1.690 -3.288 -0.008
-1.678 -3.303  0.018
-1.639 -3.216  0.053
-1.670 -3.309 -0.033
-1.741 -3.273  0.114
-1.596 -3.097  0.143
-1.522 -3.023  0.154
-1.514 -3.076  0.194
-1.371 -2.935  0.240
-1.434 -2.914  0.206
-1.472 -3.002  0.172
-1.518 -3.024  0.160
-1.543 -3.042  0.126
-1.477 -3.018  0.092
-1.449 -3.039 -0.007
-1.460 -3.036  0.023
-1.433 -3.046  0.012
-1.465 -3.001  0.011
-1.470 -2.853  0.159
-1.550 -2.904  0.365
-1.575 -2.864  0.535
-1.506 -2.959  0.600
-1.467 -2.811  0.616
-1.456 -2.806  0.634
-1.475 -2.839  0.579
-1.535 -2.868  0.460
-1.612 -2.848  0.493
-1.632 -2.842  0.485
-1.580 -2.845  0.418
-1.543 -2.801  0.366
-1.485 -2.716  0.320
-1.505 -2.789  0.270
-1.535 -2.780  0.271
-1.549 -2.743  0.273
-1.622 -2.770  0.203
-1.526 -2.722  0.180
-1.436 -2.673  0.164
-1.457 -2.703  0.117
-1.439 -2.634  0.097
-1.389 -2.597  0.088
-1.436 -2.726 -0.020
-1.597 -2.689  0.035
-1.557 -2.703 -0.012
-1.540 -2.770 -0.142
-1.456 -2.709 -0.091
-1.420 -2.650 -0.090
-1.442 -2.664 -0.202
-1.546 -2.628 -0.136
-1.594 -2.648 -0.175
-1.603 -2.702 -0.282
-1.643 -2.782 -0.191
-1.490 -2.747 -0.188
-1.493 -2.850 -0.289
-1.451 -2.680 -0.131
-1.383 -2.683 -0.149
-1.427 -2.776 -0.155
-1.448 -2.783 -0.105
-1.469 -2.792 -0.060
-1.450 -2.800 -0.056
-1.335 -2.852 -0.129
-1.271 -2.830 -0.153
-1.339 -2.845 -0.171
-1.375 -2.964 -0.197
-1.469 -3.007 -0.201
-1.558 -3.123 -0.219
-1.531 -3.198 -0.254
-1.474 -3.153 -0.256
-1.539 -3.278 -0.348
-1.558 -3.200 -0.403
