-1.944 -4.994 -1.599
-1.856 -4.926 -1.629
-1.790 -4.905 -1.622
-1.813 -4.883 -1.634
-1.803 -4.855 -1.657
-1.892 -4.829 -1.685
-1.974 -4.778 -1.685
-1.951 -4.719 -1.685
-1.889 -4.717 -1.670
-1.847 -4.712 -1.694
-1.845 -4.688 -1.692
-1.896 -4.712 -1.707
-1.879 -4.702 -1.721
-2.006 -4.659 -1.729
-2.097 -4.664 -1.733
-2.103 -4.682 -1.759
-2.018 -4.714 -1.821
-1.941 -4.743 -1.861
-1.917 -4.731 -1.868
-1.943 -4.773 -1.917
-2.081 -4.766 -1.915
-2.148 -4.747 -1.897
-2.213 -4.729 -1.866
-2.145 -4.737 -1.837
-2.012 -4.729 -1.826
-2.031 -4.745 -1.852
-2.051 -4.750 -1.838
-2.037 -4.706 -1.856
-2.191 -4.730 -1.989
-2.237 -4.639 -1.831
-2.167 -4.580 -1.896
-2.070 -4.676 -2.031
-2.102 -4.650 -1.922
-2.061 -4.566 -1.868
-2.045 -4.515 -1.828
-2.109 -4.395 -1.705
-2.152 -4.325 -1.640
-2.152 -4.284 -1.598
-2.096 -4.294 -1.600
-2.043 -4.349 -1.650
-2.079 -4.364 -1.686
-2.104 -4.370 -1.716
-2.142 -4.342 -1.736
-2.117 -4.328 -1.731
-2.071 -4.320 -1.791
-2.138 -4.253 -1.698
-2.168 -4.155 -1.687
-2.241 -4.194 -1.771
-2.198 -4.203 -1.734
-2.077 -4.187 -1.742
-2.018 -4.229 -1.917
-2.060 -4.212 -1.791
-2.086 -4.168 -1.837
-2.256 -4.198 -1.842
-2.346 -4.204 -1.821
-2.356 -4.190 -1.867
-2.251 -4.209 -1.931
-2.230 -4.233 -1.885
-2.218 -4.210 -1.916
-2.285 -4.247 -1.949
-2.444 -4.284 -1.962
-2.570 -4.299 -1.979
-2.656 -4.309 -1.922
-2.548 -4.312 -1.985
-2.411 -4.341 -2.005
-2.417 -4.404 -2.034
-2.385 -4.396 -2.030
-2.393 -4.422 -2.055
-2.488 -4.402 -2.040
-2.441 -4.356 -2.001
-2.378 -4.417 -2.105
-2.237 -4.392 -2.031
-2.107 -4.361 -2.041
-2.045 -4.395 -2.170
-2.082 -4.395 -2.052
-2.126 -4.335 -2.061
-2.175 -4.338 -2.022
-2.216 -4.345 -1.983
-2.035 -4.355 -2.000
-1.908 -4.388 -2.105
-1.945 -4.419 -1.920
-1.910 -4.398 -1.911
-1.913 -4.414 -1.869
-2.030 -4.447 -1.865
-2.077 -4.514 -1.921
-2.042 -4.513 -1.904
-1.828 -4.496 -1.940
-1.847 -4.547 -1.961
-1.844 -4.570 -2.007
-1.849 -4.600 -2.061
-1.957 -4.627 -2.104
-2.034 -4.665 -2.104
-2.052 -4.688 -2.131
-1.918 -4.693 -2.143
-1.797 -4.712 -2.153
-1.764 -4.743 -2.184
-1.769 -4.745 -2.226
-1.747 -4.746 -2.297
-1.884 -4.820 -2.473
-1.992 -4.808 -2.388
-1.922 -4.779 -2.445
-1.807 -4.902 -2.661
-1.806 -4.874 -2.540
-1.761 -4.880 -2.604
-1.827 -4.956 -2.639
-1.840 -4.958 -2.644
-1.978 -4.947 -2.647
-1.981 -4.926 -2.624
-1.932 -5.021 -2.608
-1.817 -5.174 -2.745
-1.754 -5.196 -2.654
-1.706 -5.187 -2.632
-1.745 -5.238 -2.623
-1.819 -5.242 -2.622
-1.838 -5.236 -2.597
-1.845 -5.268 -2.580
-1.748 -5.314 -2.608
-1.613 -5.331 -2.550
-1.457 -5.230 -2.392
-1.371 -5.215 -2.334
-1.360 -5.195 -2.305
-1.461 -5.150 -2.212
-1.404 -5.080 -2.157
-1.359 -5.166 -2.295
-1.343 -5.200 -2.115
-1.352 -5.251 -2.157
-1.407 -5.316 -2.181
-1.431 -5.343 -2.186
-1.482 -5.335 -2.187
-1.618 -5.359 -2.212
-1.629 -5.346 -2.185
-1.527 -5.348 -2.154
-1.404 -5.378 -2.123
-1.354 -5.380 -2.091
-1.364 -5.376 -2.113
-1.330 -5.362 -2.071
-1.431 -5.319 -2.073
-1.522 -5.411 -2.204
-1.582 -5.402 -2.096
-1.437 -5.428 -2.133
-1.396 -5.531 -2.293
-1.445 -5.531 -2.167
-1.432 -5.500 -2.188
-1.495 -5.558 -2.210
-1.673 -5.551 -2.198
-1.789 -5.544 -2.173
-1.779 -5.534 -2.155
-1.655 -5.511 -2.165
-1.566 -5.438 -2.146
-1.539 -5.477 -2.132
-1.509 -5.414 -2.097
-1.488 -5.428 -2.199
-1.647 -5.330 -2.049
-1.633 -5.276 -2.004
-1.576 -5.310 -2.009
-1.430 -5.333 -2.020
-1.422 -5.294 -2.014
-1.426 -5.204 -2.010
-1.420 -5.190 -1.989
-1.556 -5.176 -1.982
-1.616 -5.154 -1.916
-1.524 -5.104 -1.885
-1.402 -5.103 -1.863
-1.391 -5.038 -1.836
-1.377 -4.931 -1.792
-1.372 -4.961 -1.766
-1.415 -4.942 -1.772
-1.518 -4.926 -1.773
-1.614 -4.897 -1.815
-1.682 -4.994 -1.926
-1.564 -4.932 -1.804
-1.434 -4.863 -1.789
-1.420 -4.920 -1.943
-1.456 -4.868 -1.819
-1.447 -4.850 -1.828
-1.624 -4.916 -1.866
-1.691 -4.909 -1.848
-1.682 -4.895 -1.861
-1.536 -4.817 -1.845
-1.425 -4.828 -1.833
-1.457 -4.841 -1.863
-1.484 -4.862 -1.887
-1.533 -4.814 -1.889
-1.622 -4.824 -1.903
-1.666 -4.803 -1.882
-1.649 -4.855 -1.967
-1.550 -4.798 -1.974
-1.550 -4.837 -1.969
-1.491 -4.792 -1.943
-1.522 -4.774 -1.936
-1.611 -4.762 -1.917
-1.633 -4.675 -1.834
-1.606 -4.700 -1.879
-1.577 -4.729 -1.883
-1.486 -4.686 -1.909
-1.386 -4.631 -1.935
-1.402 -4.606 -1.840
-1.451 -4.527 -1.771
-1.464 -4.431 -1.688
-1.401 -4.312 -1.581
-1.295 -4.280 -1.558
-1.208 -4.252 -1.533
-1.187 -4.220 -1.518
-1.217 -4.267 -1.561
-1.231 -4.245 -1.549
-1.319 -4.174 -1.516
-1.405 -4.197 -1.558
-1.372 -4.182 -1.530
-1.264 -4.171 -1.514
-1.301 -4.218 -1.577
-1.263 -4.232 -1.589
-1.318 -4.247 -1.631
-1.367 -4.244 -1.767
-1.415 -4.187 -1.643
-1.411 -4.156 -1.688
-1.371 -4.203 -1.828
-1.347 -4.174 -1.670
-1.288 -4.144 -1.688
-1.314 -4.158 -1.712
-1.353 -4.169 -1.710
-1.505 -4.185 -1.768
-1.669 -4.273 -1.814
-1.686 -4.295 -1.836
-1.614 -4.314 -1.881
-1.576 -4.329 -1.904
-1.530 -4.333 -1.917
-1.539 -4.342 -1.930
-1.632 -4.312 -1.929
-1.693 -4.320 -1.911
-1.770 -4.338 -1.944
-1.686 -4.357 -1.955
-1.626 -4.330 -1.975
-1.570 -4.327 -2.024
-1.591 -4.367 -1.995
-1.550 -4.241 -1.992
-1.617 -4.239 -2.020
-1.762 -4.275 -1.949
-1.709 -4.253 -1.948
-1.656 -4.249 -1.942
-1.579 -4.252 -1.946
-1.543 -4.234 -1.937
-1.500 -4.260 -1.930
-1.494 -4.183 -1.905
-1.599 -4.179 -1.894
-1.665 -4.147 -1.823
-1.604 -4.091 -1.787
-1.467 -4.079 -1.783
-1.416 -4.026 -1.715
-1.317 -3.994 -1.700
-1.280 -4.053 -1.842
-1.375 -4.001 -1.696
-1.489 -4.044 -1.762
-1.634 -4.090 -1.738
-1.563 -4.086 -1.773
-1.425 -4.038 -1.780
-1.387 -4.078 -1.805
-1.381 -4.080 -1.818
-1.383 -4.121 -1.814
-1.567 -4.141 -1.837
-1.695 -4.185 -1.855
-1.688 -4.213 -1.871
-1.557 -4.186 -1.871
-1.420 -4.146 -1.864
-1.415 -4.186 -1.886
-1.416 -4.182 -1.886
-1.568 -4.228 -1.918
-1.712 -4.251 -1.945
-1.737 -4.257 -1.921
-1.429 -4.041 -1.711
-1.299 -3.958 -1.642
-1.274 -3.949 -1.627
-1.181 -3.921 -1.666
-1.251 -3.972 -1.703
-1.417 -4.021 -1.701
-1.487 -4.008 -1.715
-1.551 -4.044 -1.735
-1.438 -4.059 -1.748
-1.356 -4.081 -1.781
-1.310 -4.067 -1.783
-1.276 -4.020 -1.752
-1.353 -4.001 -1.716
-1.447 -3.986 -1.691
-1.490 -3.980 -1.683
-1.411 -3.953 -1.664
-1.247 -3.906 -1.570
-1.137 -3.885 -1.512
-1.149 -3.901 -1.562
-1.145 -3.873 -1.477
-1.246 -3.824 -1.477
-1.358 -3.860 -1.482
-1.301 -3.834 -1.467
-1.211 -3.839 -1.475
-1.155 -3.875 -1.513
-1.136 -3.866 -1.527
-1.153 -3.892 -1.554
-1.238 -3.896 -1.561
-1.352 -3.915 -1.609
-1.471 -3.968 -1.663
-1.330 -3.974 -1.649
-1.168 -3.889 -1.573
-1.183 -3.922 -1.624
-1.182 -3.915 -1.638
-1.284 -3.919 -1.629
-1.400 -3.924 -1.617
-1.449 -3.881 -1.548
-1.308 -3.931 -1.579
-1.213 -3.925 -1.632
-1.141 -3.923 -1.692
-1.232 -3.957 -1.645
-1.264 -3.964 -1.690
-1.427 -4.018 -1.708
-1.463 -3.977 -1.666
-1.545 -4.033 -1.717
-1.482 -4.052 -1.766
-1.397 -4.059 -1.780
-1.375 -4.085 -1.810
-1.361 -4.049 -1.803
-1.369 -4.066 -1.783
-1.435 -4.045 -1.842
-1.504 -3.983 -1.705
-1.443 -3.907 -1.720
-1.324 -3.928 -1.725
-1.170 -3.863 -1.612
-1.087 -3.782 -1.507
-1.090 -3.750 -1.450
-1.219 -3.701 -1.414
-1.217 -3.612 -1.304
-1.213 -3.637 -1.310
-1.173 -3.686 -1.359
-1.158 -3.748 -1.419
-1.216 -3.810 -1.496
-1.284 -3.791 -1.479
-1.302 -3.692 -1.481
-1.403 -3.810 -1.620
-1.348 -3.804 -1.510
-1.235 -3.825 -1.535
-1.219 -3.934 -1.663
-1.235 -3.981 -1.591
-1.215 -3.973 -1.619
-1.257 -4.058 -1.741
-1.374 -4.083 -1.583
-1.317 -4.140 -1.602
-1.232 -4.221 -1.761
-1.216 -4.189 -1.635
-1.139 -4.179 -1.679
-1.168 -4.231 -1.758
-1.392 -4.287 -1.732
-1.495 -4.313 -1.759
-1.510 -4.426 -1.925
-1.441 -4.388 -1.785
-1.293 -4.356 -1.804
-1.294 -4.451 -1.958
-1.338 -4.421 -1.865
-1.373 -4.410 -1.901
-1.553 -4.471 -1.895
-1.608 -4.508 -1.878
-1.574 -4.559 -1.923
-1.560 -4.595 -1.977
-1.467 -4.543 -1.967
-1.431 -4.587 -1.971
-1.407 -4.562 -1.970
-1.421 -4.531 -1.941
-1.542 -4.480 -1.935
-1.602 -4.498 -1.894
-1.570 -4.522 -1.950
-1.468 -4.567 -1.979
-1.380 -4.521 -1.965
-1.309 -4.430 -1.867
-1.273 -4.427 -1.853
-1.386 -4.388 -1.792
-1.392 -4.318 -1.727
-1.373 -4.300 -1.722
-1.269 -4.308 -1.644
-1.156 -4.275 -1.635
-1.176 -4.310 -1.695
-1.195 -4.303 -1.718
-1.333 -4.307 -1.757
-1.451 -4.325 -1.795
-1.506 -4.349 -1.811
-1.400 -4.314 -1.834
-1.333 -4.351 -1.870
-1.284 -4.322 -1.861
-1.223 -4.310 -1.861
-1.325 -4.333 -1.873
-1.462 -4.349 -1.912
-1.599 -4.418 -1.951
-1.502 -4.424 -1.972
-1.372 -4.429 -1.968
-1.362 -4.472 -2.032
-1.381 -4.503 -2.043
-1.380 -4.476 -2.056
-1.526 -4.530 -2.073
-1.626 -4.498 -2.014
-1.609 -4.478 -2.031
-1.494 -4.564 -2.236
-1.431 -4.527 -2.087
-1.347 -4.492 -2.105
-1.372 -4.537 -2.101
-1.421 -4.557 -2.124
-1.553 -4.508 -2.115
-1.635 -4.535 -2.105
-1.599 -4.507 -2.111
-1.495 -4.488 -2.114
-1.378 -4.471 -2.089
-1.274 -4.417 -2.052
-1.239 -4.346 -1.973
-1.236 -4.319 -1.965
-1.397 -4.324 -1.984
-1.425 -4.267 -1.941
-1.317 -4.147 -1.793
-1.146 -4.079 -1.676
-1.103 -4.064 -1.652
-1.093 -4.061 -1.638
-1.142 -4.091 -1.680
-1.214 -4.074 -1.654
-1.282 -4.037 -1.617
-1.334 -4.007 -1.661
-1.269 -4.057 -1.680
-1.204 -4.042 -1.705
-1.214 -4.080 -1.764
-1.197 -4.109 -1.786
-1.172 -4.058 -1.814
-1.334 -4.057 -1.799
-1.449 -4.038 -1.826
-1.459 -4.035 -1.807
-1.314 -4.016 -1.804
-1.206 -3.954 -1.807
-1.266 -3.990 -1.813
-1.270 -3.956 -1.804
-1.321 -4.036 -1.886
-1.299 -4.035 -1.920
-1.336 -3.984 -1.943
-1.374 -4.050 -1.955
-1.535 -4.070 -1.976
-1.668 -4.079 -2.026
-1.635 -4.090 -2.026
-1.555 -4.077 -2.062
-1.507 -4.124 -2.129
-1.482 -4.076 -2.093
-1.413 -4.023 -2.091
-1.499 -4.092 -2.108
-1.635 -4.047 -2.090
-1.708 -4.022 -2.040
-1.666 -4.000 -1.996
-1.576 -4.018 -2.010
-1.495 -3.980 -1.970
-1.486 -3.958 -1.970
-1.449 -3.930 -1.965
-1.576 -3.889 -1.950
-1.659 -3.883 -1.928
-1.636 -3.819 -1.947
-1.521 -3.896 -1.982
-1.378 -3.803 -1.889
-1.231 -3.667 -1.777
-1.269 -3.683 -1.726
-1.262 -3.666 -1.690
-1.353 -3.670 -1.746
-1.514 -3.701 -1.708
-1.558 -3.702 -1.764
-1.463 -3.692 -1.675
-1.358 -3.731 -1.694
-1.344 -3.710 -1.708
-1.401 -3.731 -1.757
-1.420 -3.759 -1.796
-1.655 -3.776 -1.884
-1.780 -3.838 -1.915
-1.692 -3.805 -1.910
-1.513 -3.781 -1.909
-1.456 -3.821 -1.902
-1.452 -3.747 -1.929
-1.484 -3.834 -1.961
-1.626 -3.817 -1.992
-1.759 -3.864 -2.008
-1.791 -3.826 -2.032
-1.709 -3.881 -2.055
-1.561 -3.785 -2.066
-1.534 -3.847 -2.044
-1.532 -3.863 -2.081
-1.557 -3.878 -2.110
-1.651 -3.877 -2.114
-1.754 -3.892 -2.127
-1.727 -3.836 -2.182
-1.659 -3.900 -2.141
-1.526 -3.865 -2.215
-1.511 -3.869 -2.242
-1.535 -3.957 -2.248
-1.513 -3.912 -2.209
-1.623 -3.895 -2.222
-1.638 -3.838 -2.112
-1.609 -3.777 -2.036
-1.466 -3.736 -2.027
-1.297 -3.694 -1.963
-1.252 -3.683 -1.938
-1.255 -3.641 -1.949
-1.222 -3.563 -1.831
-1.263 -3.513 -1.777
-1.223 -3.429 -1.655
-1.118 -3.392 -1.644
-1.002 -3.375 -1.794
-1.105 -3.495 -1.718
-1.165 -3.548 -1.789
-1.183 -3.537 -1.815
-1.265 -3.523 -1.810
-1.347 -3.577 -1.973
-1.443 -3.612 -1.884
-1.261 -3.512 -1.876
-1.158 -3.567 -1.936
-1.182 -3.611 -1.891
-1.148 -3.590 -1.886
-1.191 -3.627 -1.923
-1.326 -3.665 -1.929
-1.460 -3.675 -1.981
-1.475 -3.742 -2.000
-1.367 -3.703 -2.020
-1.323 -3.764 -2.111
-1.305 -3.772 -2.111
-1.260 -3.805 -2.134
-1.360 -3.821 -2.137
-1.458 -3.828 -2.129
-1.513 -3.853 -2.123
-1.486 -3.866 -2.118
-1.412 -3.852 -2.135
-1.357 -3.875 -2.176
-1.337 -3.842 -2.173
-1.323 -3.882 -2.147
-1.436 -3.868 -2.150
-1.416 -3.824 -2.054
-1.414 -3.717 -2.020
-1.359 -3.760 -2.041
-1.267 -3.805 -2.047
-1.212 -3.794 -2.052
-1.178 -3.838 -2.129
-1.187 -3.768 -2.089
-1.126 -3.739 -2.080
-1.257 -3.758 -2.013
-1.223 -3.598 -1.854
-1.177 -3.564 -1.775
-1.087 -3.556 -1.723
-0.983 -3.528 -1.678
-0.944 -3.514 -1.704
-0.972 -3.570 -1.746
-0.988 -3.566 -1.763
-1.095 -3.571 -1.787
-1.177 -3.553 -1.804
-1.173 -3.569 -1.848
-1.099 -3.611 -2.025
-1.086 -3.659 -1.893
-1.034 -3.611 -1.947
-1.102 -3.698 -1.976
-1.142 -3.721 -2.013
-1.268 -3.695 -2.006
-1.362 -3.689 -1.970
-1.359 -3.756 -1.966
-1.277 -3.764 -1.995
-1.280 -3.735 -2.028
-1.196 -3.737 -2.029
-1.218 -3.825 -2.145
-1.259 -3.881 -2.118
-1.325 -3.848 -2.133
-1.490 -3.922 -2.122
-1.534 -3.905 -2.110
-1.442 -3.896 -2.156
-1.362 -3.928 -2.174
-1.306 -3.913 -2.156
-1.290 -3.892 -2.158
-1.285 -3.930 -2.150
-1.250 -3.867 -2.136
-1.298 -3.940 -2.262
-1.437 -3.886 -2.113
-1.390 -3.855 -2.100
-1.318 -3.848 -2.047
-1.245 -3.869 -2.087
-1.184 -3.852 -2.095
-1.161 -3.899 -2.042
-1.127 -3.854 -1.983
-1.232 -3.806 -1.925
-1.269 -3.777 -1.864
-1.226 -3.722 -1.821
-1.154 -3.747 -1.835
-1.059 -3.736 -1.800
-1.007 -3.738 -1.748
-1.056 -3.752 -1.780
-1.104 -3.756 -1.781
-1.159 -3.697 -1.792
-1.218 -3.712 -1.910
-1.311 -3.774 -1.835
-1.165 -3.752 -1.841
-1.125 -3.795 -1.918
-1.166 -3.794 -1.882
-1.180 -3.813 -1.905
-1.202 -3.879 -1.934
-1.351 -3.878 -1.953
-1.451 -3.914 -1.937
-1.441 -3.907 -1.897
-1.279 -3.840 -1.863
-1.219 -3.866 -1.894
-1.239 -3.914 -1.948
-1.262 -3.912 -1.975
-1.309 -3.963 -2.050
-1.366 -3.873 -1.987
-1.407 -3.828 -1.969
-1.498 -3.879 -1.926
-1.433 -3.903 -1.990
-1.374 -3.897 -1.985
-1.373 -3.923 -1.996
-1.376 -3.943 -2.015
-1.392 -3.938 -2.047
-1.485 -3.948 -2.042
-1.524 -3.887 -1.987
-1.538 -3.861 -1.961
-1.509 -3.937 -2.014
-1.470 -3.900 -2.059
-1.392 -3.976 -2.058
-1.346 -3.928 -2.009
-1.281 -3.863 -1.980
-1.355 -3.856 -1.922
-1.375 -3.781 -1.833
-1.320 -3.679 -1.687
-1.184 -3.557 -1.531
-1.105 -3.522 -1.505
-1.090 -3.579 -1.548
-1.104 -3.604 -1.560
-1.093 -3.575 -1.598
-1.175 -3.645 -1.761
-1.291 -3.587 -1.604
-1.288 -3.575 -1.643
-1.169 -3.589 -1.761
-1.179 -3.597 -1.594
-1.074 -3.587 -1.608
-1.116 -3.635 -1.619
-1.092 -3.646 -1.631
-1.148 -3.676 -1.681
-1.224 -3.617 -1.648
-1.301 -3.659 -1.679
-1.323 -3.687 -1.738
-1.297 -3.679 -1.725
-1.187 -3.684 -1.739
-1.175 -3.785 -1.923
-1.241 -3.750 -1.786
-1.341 -3.795 -1.836
-1.453 -3.817 -1.865
-1.483 -3.796 -1.848
-1.465 -3.801 -1.856
-1.413 -3.845 -1.897
-1.340 -3.856 -1.910
-1.360 -3.874 -1.959
-1.357 -3.868 -1.946
-1.293 -3.821 -1.937
-1.455 -3.841 -1.932
-1.521 -3.873 -1.945
-1.529 -3.815 -1.909
-1.480 -3.834 -1.897
-1.372 -3.813 -1.882
-1.293 -3.797 -1.876
-1.285 -3.818 -1.893
-1.283 -3.819 -1.889
-1.491 -3.844 -1.942
-1.559 -3.850 -1.920
-1.519 -3.824 -1.909
-1.425 -3.881 -1.944
-1.357 -3.843 -1.870
-1.295 -3.785 -1.854
-1.280 -3.796 -1.790
-1.260 -3.769 -1.778
-1.407 -3.791 -1.792
-1.464 -3.792 -1.789
-1.414 -3.767 -1.829
-1.299 -3.769 -1.876
-1.302 -3.787 -1.796
-1.254 -3.786 -1.797
-1.285 -3.807 -1.822
-1.302 -3.821 -1.837
-1.431 -3.837 -1.849
-1.526 -3.828 -1.860
-1.505 -3.809 -1.880
-1.346 -3.794 -1.891
-1.252 -3.799 -1.881
-1.201 -3.814 -1.895
-1.246 -3.876 -1.953
-1.343 -3.864 -1.930
-1.440 -3.841 -1.946
-1.566 -3.924 -2.037
-1.553 -3.905 -1.982
-1.383 -3.861 -2.001
-1.313 -3.949 -2.131
-1.298 -3.910 -1.994
-1.289 -3.887 -2.011
-1.330 -3.906 -2.013
-1.441 -3.865 -1.981
-1.538 -3.872 -1.983
-1.522 -3.854 -1.975
-1.438 -3.885 -2.010
-1.368 -3.898 -2.049
-1.335 -3.905 -2.044
-1.279 -3.870 -2.055
-1.302 -3.873 -2.023
-1.404 -3.833 -1.984
-1.428 -3.784 -1.929
-1.417 -3.790 -1.926
-1.292 -3.723 -1.833
-1.114 -3.675 -1.725
-1.055 -3.638 -1.650
-1.001 -3.567 -1.593
-1.047 -3.629 -1.728
-1.202 -3.541 -1.609
-1.204 -3.524 -1.638
-1.154 -3.575 -1.787
-1.113 -3.552 -1.617
-1.064 -3.574 -1.667
-1.076 -3.605 -1.699
-1.043 -3.603 -1.685
-1.054 -3.624 -1.703
-1.169 -3.626 -1.705
-1.261 -3.631 -1.779
-1.397 -3.663 -1.782
-1.303 -3.688 -1.839
-1.148 -3.637 -1.818
-1.105 -3.681 -1.828
-1.089 -3.667 -1.828
-1.132 -3.708 -1.853
-1.222 -3.721 -1.870
-1.341 -3.743 -1.864
-1.478 -3.796 -1.890
-1.438 -3.819 -1.940
-1.343 -3.817 -1.972
-1.306 -3.834 -2.002
-1.275 -3.834 -1.993
-1.293 -3.838 -2.010
-1.390 -3.841 -2.027
-1.477 -3.852 -2.012
-1.540 -3.844 -2.008
-1.482 -3.869 -2.039
-1.400 -3.888 -2.072
-1.305 -3.902 -2.073
-1.309 -3.905 -2.089
-1.313 -3.913 -2.076
-1.340 -3.789 -2.023
-1.334 -3.787 -2.054
-1.365 -3.739 -1.869
-1.263 -3.766 -1.917
-1.218 -3.806 -1.959
-1.146 -3.769 -1.902
-1.101 -3.705 -1.854
-1.145 -3.696 -1.895
-1.270 -3.699 -1.843
-1.273 -3.654 -1.832
-1.231 -3.609 -1.821
-1.141 -3.612 -1.695
-1.062 -3.606 -1.699
-1.075 -3.677 -1.847
-1.125 -3.688 -1.761
-1.155 -3.682 -1.808
-1.281 -3.733 -1.879
-1.399 -3.777 -1.977
-1.426 -3.791 -2.013
-1.283 -3.770 -1.992
-1.177 -3.760 -1.984
-1.181 -3.815 -2.011
-1.213 -3.829 -2.041
-1.184 -3.822 -2.058
-1.375 -3.853 -2.052
-1.421 -3.845 -2.055
-1.391 -3.831 -2.042
-1.323 -3.865 -2.053
-1.221 -3.888 -2.044
-1.263 -3.925 -2.091
-1.318 -3.974 -2.129
-1.334 -3.975 -2.168
-1.436 -3.979 -2.236
-1.608 -4.033 -2.165
-1.553 -3.988 -2.188
-1.506 -4.014 -2.196
-1.391 -4.027 -2.200
-1.355 -3.997 -2.202
-1.296 -3.983 -2.165
-1.266 -3.963 -2.134
-1.397 -3.987 -2.178
-1.501 -3.958 -2.145
-1.514 -3.924 -2.152
-1.426 -4.022 -2.301
-1.338 -3.909 -2.098
-1.204 -3.800 -2.052
-1.196 -3.824 -1.996
-1.137 -3.818 -1.978
-1.219 -3.744 -1.940
-1.276 -3.738 -1.863
-1.284 -3.693 -1.820
-1.153 -3.695 -1.797
-1.062 -3.711 -1.785
-1.001 -3.725 -1.779
-1.006 -3.744 -1.813
-1.045 -3.758 -1.837
-1.097 -3.748 -1.817
-1.249 -3.803 -1.876
-1.281 -3.795 -1.861
-1.198 -3.801 -1.863
-1.090 -3.827 -1.867
-1.003 -3.807 -1.868
-0.972 -3.803 -1.868
-1.033 -3.825 -1.928
-1.188 -3.871 -1.942
-1.309 -3.900 -1.974
-1.417 -3.911 -2.031
-1.261 -3.924 -2.035
-1.134 -3.910 -2.029
-1.109 -3.894 -2.000
-1.151 -3.923 -2.015
-1.212 -3.920 -2.019
-1.360 -3.889 -2.010
-1.392 -3.910 -1.984
-1.308 -3.882 -1.973
-1.183 -3.888 -2.005
-1.145 -3.904 -2.021
-1.156 -3.917 -2.067
-1.116 -3.948 -2.199
-1.311 -3.937 -2.046
-1.267 -3.815 -1.972
-1.264 -3.818 -2.032
-1.170 -3.778 -1.869
-1.025 -3.738 -1.861
-1.028 -3.797 -1.886
-1.024 -3.774 -1.900
-1.005 -3.736 -1.900
-1.102 -3.707 -1.964
-1.263 -3.762 -1.920
-1.151 -3.721 -1.916
-1.048 -3.767 -1.865
-0.956 -3.678 -1.752
-0.905 -3.643 -1.677
-0.917 -3.626 -1.639
-1.035 -3.586 -1.593
-1.138 -3.576 -1.639
-1.136 -3.604 -1.661
-0.945 -3.574 -1.615
-0.892 -3.620 -1.743
-0.926 -3.628 -1.676
-0.924 -3.616 -1.708
-1.094 -3.646 -1.744
-1.196 -3.656 -1.748
-1.211 -3.669 -1.785
-1.096 -3.701 -1.809
-0.961 -3.691 -1.782
-0.969 -3.725 -1.818
-0.991 -3.746 -1.835
-1.003 -3.758 -1.896
-1.276 -3.825 -1.915
-1.437 -3.881 -1.973
-1.423 -3.914 -2.012
-1.315 -3.960 -2.059
-1.240 -3.958 -2.061
-1.237 -3.924 -2.078
-1.283 -3.957 -2.098
-1.417 -3.966 -2.104
-1.490 -3.957 -2.089
-1.489 -3.976 -2.090
-1.349 -4.003 -2.125
-1.291 -4.002 -2.123
-1.246 -4.004 -2.095
-1.242 -3.963 -2.071
-1.224 -3.992 -2.069
-1.338 -3.924 -1.999
-1.391 -3.888 -1.933
-1.362 -3.931 -1.973
-1.135 -3.909 -1.988
-1.059 -3.908 -1.989
-1.030 -3.886 -1.989
-0.966 -3.840 -1.916
-0.912 -3.779 -1.827
-1.025 -3.747 -1.794
-1.135 -3.746 -1.728
-1.067 -3.701 -1.678
-0.903 -3.653 -1.627
-0.770 -3.667 -1.616
-0.751 -3.661 -1.599
-0.789 -3.691 -1.675
-0.857 -3.687 -1.614
-0.998 -3.670 -1.644
-1.036 -3.650 -1.706
-1.125 -3.708 -1.596
-0.881 -3.652 -1.638
-0.760 -3.701 -1.778
-0.857 -3.728 -1.681
-0.924 -3.809 -1.789
-1.018 -3.865 -1.799
-1.050 -3.894 -1.825
-1.012 -3.860 -1.839
-0.963 -3.670 -1.726
-0.713 -3.359 -1.599
-0.454 -3.036 -1.405
-0.435 -2.732 -1.509
-0.613 -2.629 -2.027
-0.942 -2.649 -2.193
-0.886 -2.595 -2.072
-0.788 -2.554 -1.930
-0.741 -2.678 -1.849
-0.667 -2.696 -1.746
-0.648 -2.709 -1.708
-0.726 -2.772 -1.754
-0.705 -2.766 -1.655
-0.649 -2.741 -1.646
-0.618 -2.676 -1.612
-0.512 -2.393 -1.294
-0.260 -1.790 -0.365
 0.414 -1.270  0.481
 0.943 -1.176  0.868
 1.581 -1.069  1.454
 1.844 -1.509  1.829
 1.813 -1.876  1.975
 1.699 -1.987  1.949
 1.480 -2.073  1.850
 1.335 -2.104  1.733
 1.258 -2.127  1.627
 1.358 -2.065  1.571
 1.372 -2.046  1.432
 1.238 -2.066  1.277
 1.121 -2.054  1.148
 0.879 -2.004  1.015
 0.685 -1.982  0.883
 0.668 -1.973  0.749
 0.691 -1.960  0.607
 0.676 -1.955  0.431
 0.517 -2.011  0.268
 0.397 -2.010  0.129
 0.086 -2.074 -0.044
-0.148 -2.143 -0.212
-0.190 -2.162 -0.336
-0.191 -2.200 -0.505
-0.248 -2.273 -0.646
-0.340 -2.341 -0.793
-0.478 -2.396 -0.926
-0.663 -2.464 -1.041
-0.850 -2.498 -1.115
-0.971 -2.549 -1.172
-0.913 -2.592 -1.283
-0.869 -2.641 -1.376
-0.896 -2.716 -1.485
-0.971 -2.792 -1.587
-1.043 -2.867 -1.688
-1.229 -2.947 -1.848
-1.374 -2.949 -1.767
-1.366 -2.974 -1.843
-1.430 -3.159 -2.118
-1.417 -3.271 -2.472
-1.390 -3.231 -2.207
-1.394 -3.291 -2.237
-1.425 -3.268 -2.118
-1.481 -3.137 -2.123
-1.466 -2.974 -1.897
-1.204 -2.888 -1.626
-1.029 -2.822 -1.496
-0.939 -2.821 -1.513
-1.021 -2.767 -1.289
-1.040 -2.769 -1.264
-1.115 -2.816 -1.236
-1.291 -2.842 -1.219
-1.359 -2.865 -1.202
-1.335 -2.927 -1.210
-1.225 -2.968 -1.210
-1.141 -3.034 -1.277
-1.093 -3.060 -1.288
-1.061 -3.079 -1.304
-1.157 -3.151 -1.382
-1.291 -3.177 -1.412
-1.352 -3.206 -1.434
-1.293 -3.247 -1.485
-1.195 -3.318 -1.558
-1.130 -3.354 -1.610
-1.222 -3.442 -1.707
-1.230 -3.486 -1.742
-1.288 -3.479 -1.754
-1.434 -3.507 -1.781
-1.509 -3.543 -1.797
-1.407 -3.533 -1.814
-1.332 -3.573 -1.876
-1.202 -3.574 -1.881
-1.182 -3.491 -1.896
-1.174 -3.541 -1.877
-1.236 -3.576 -1.894
-1.374 -3.598 -1.895
-1.415 -3.607 -1.890
-1.287 -3.584 -1.924
-1.196 -3.642 -1.958
-1.139 -3.657 -1.962
-1.086 -3.639 -1.935
-1.022 -3.658 -2.063
-1.155 -3.651 -1.939
-1.264 -3.592 -1.936
-1.342 -3.616 -1.868
-1.193 -3.622 -1.892
-1.051 -3.629 -1.938
-0.988 -3.678 -2.088
-1.056 -3.681 -1.980
-1.045 -3.589 -1.992
-1.129 -3.678 -2.001
-1.198 -3.607 -1.936
-1.215 -3.561 -1.872
-1.076 -3.545 -1.822
-0.908 -3.524 -1.770
-0.883 -3.533 -1.771
-0.866 -3.512 -1.755
-0.888 -3.507 -1.743
-1.012 -3.526 -1.776
-1.064 -3.511 -1.725
-0.922 -3.437 -1.735
-0.801 -3.536 -1.902
-0.837 -3.527 -1.778
-0.777 -3.442 -1.800
-0.847 -3.553 -1.792
-0.854 -3.544 -1.797
-1.056 -3.613 -1.853
-1.164 -3.656 -1.912
-1.156 -3.675 -1.965
-1.107 -3.712 -2.044
-1.042 -3.737 -2.075
-0.972 -3.719 -2.064
-0.973 -3.741 -2.064
-1.023 -3.721 -2.051
-1.175 -3.717 -2.028
-1.298 -3.745 -2.038
-1.273 -3.775 -2.074
-1.153 -3.718 -2.096
-1.122 -3.761 -2.122
-1.097 -3.789 -2.122
-1.064 -3.804 -2.126
-1.105 -3.782 -2.186
-1.245 -3.746 -2.071
-1.229 -3.737 -2.067
-1.183 -3.768 -2.068
-1.099 -3.815 -2.096
-1.026 -3.755 -2.079
-1.013 -3.760 -2.046
-1.009 -3.750 -2.043
-1.123 -3.735 -2.025
-1.162 -3.652 -1.961
-1.084 -3.597 -1.902
-1.007 -3.629 -1.960
-0.925 -3.662 -1.975
-0.875 -3.594 -1.891
-0.818 -3.536 -1.802
-0.830 -3.508 -1.745
-0.928 -3.420 -1.680
-0.958 -3.412 -1.639
-0.872 -3.389 -1.597
-0.783 -3.422 -1.620
-0.813 -3.489 -1.708
-0.800 -3.496 -1.708
-0.776 -3.497 -1.693
-0.823 -3.535 -1.739
-0.946 -3.531 -1.735
-0.987 -3.516 -1.740
-1.036 -3.573 -1.780
-0.969 -3.631 -1.828
-0.897 -3.666 -1.873
-0.954 -3.713 -1.933
-0.972 -3.741 -1.957
-0.998 -3.728 -1.959
-1.081 -3.689 -1.921
-1.051 -3.641 -1.832
-0.917 -3.639 -1.817
-0.839 -3.689 -1.828
-0.864 -3.745 -1.864
-0.898 -3.774 -1.875
-0.991 -3.862 -2.007
-1.070 -3.875 -1.960
-1.162 -3.826 -1.907
-1.215 -3.789 -1.850
-1.202 -3.803 -1.862
-1.133 -3.848 -1.912
-1.076 -3.871 -1.947
-1.048 -3.884 -1.980
-1.053 -3.904 -1.974
-1.098 -3.921 -1.961
-1.172 -3.864 -1.890
-1.217 -3.836 -1.868
-1.190 -3.832 -1.890
-1.048 -3.818 -1.886
-0.941 -3.762 -1.846
-0.855 -3.678 -1.734
-0.725 -3.557 -1.645
-0.773 -3.546 -1.583
-0.881 -3.492 -1.527
-0.908 -3.453 -1.490
-0.864 -3.463 -1.489
-0.781 -3.463 -1.475
-0.780 -3.484 -1.503
-0.791 -3.504 -1.532
-0.786 -3.503 -1.540
-0.848 -3.515 -1.575
-0.946 -3.487 -1.573
-0.961 -3.447 -1.547
-0.884 -3.441 -1.585
-0.762 -3.460 -1.608
-0.729 -3.456 -1.618
-0.797 -3.496 -1.660
-0.867 -3.562 -1.719
-0.982 -3.588 -1.744
-1.112 -3.595 -1.756
-1.200 -3.633 -1.777
-1.052 -3.606 -1.777
-0.985 -3.646 -1.817
-0.961 -3.656 -1.820
-0.940 -3.643 -1.814
-0.975 -3.640 -1.839
-1.122 -3.665 -1.852
-1.212 -3.635 -1.829
-1.183 -3.622 -1.856
-1.053 -3.639 -1.881
-1.017 -3.666 -1.896
-0.966 -3.639 -1.918
-1.030 -3.695 -1.914
-1.011 -3.661 -1.878
-1.134 -3.648 -1.872
-1.196 -3.624 -1.845
-1.153 -3.594 -1.809
-1.043 -3.629 -1.852
-1.010 -3.641 -1.882
-0.978 -3.632 -1.878
-0.973 -3.635 -1.874
-1.024 -3.630 -1.876
-1.086 -3.574 -1.843
-1.148 -3.585 -1.836
-1.019 -3.592 -1.850
-0.937 -3.574 -1.845
-0.898 -3.567 -1.819
-0.934 -3.599 -1.824
-0.914 -3.556 -1.791
-1.005 -3.526 -1.770
-1.099 -3.514 -1.764
-1.025 -3.488 -1.723
-0.924 -3.484 -1.724
-0.905 -3.525 -1.758
-0.909 -3.542 -1.776
-0.935 -3.552 -1.807
-1.056 -3.603 -1.848
-1.184 -3.616 -1.864
-1.233 -3.646 -1.891
-1.112 -3.676 -1.937
-1.066 -3.696 -1.960
-1.052 -3.709 -1.998
-1.074 -3.722 -1.992
-1.146 -3.702 -2.009
-1.254 -3.685 -1.971
-1.388 -3.754 -1.980
-1.228 -3.732 -2.032
-1.180 -3.829 -2.175
-1.198 -3.806 -2.055
-1.150 -3.771 -2.081
-1.134 -3.805 -2.155
-1.315 -3.782 -1.998
-1.305 -3.693 -1.951
-1.252 -3.720 -2.049
-1.163 -3.748 -1.961
-1.092 -3.725 -1.948
-1.140 -3.786 -2.011
-1.159 -3.793 -1.979
-1.151 -3.765 -1.949
-1.282 -3.737 -1.882
-1.328 -3.719 -1.857
-1.365 -3.666 -1.826
-1.314 -3.652 -1.943
-1.380 -3.646 -1.751
-1.273 -3.657 -1.794
-1.122 -3.701 -1.859
-1.021 -3.703 -1.821
-0.991 -3.660 -1.799
-0.941 -3.619 -1.760
-0.926 -3.642 -1.741
-0.848 -3.571 -1.711
-0.933 -3.591 -1.737
-1.073 -3.563 -1.693
-1.092 -3.530 -1.705
-0.946 -3.508 -1.787
-0.932 -3.550 -1.748
-0.874 -3.518 -1.767
-0.964 -3.562 -1.755
-0.968 -3.580 -1.779
-1.061 -3.618 -1.815
-1.165 -3.605 -1.799
-1.293 -3.641 -1.846
-1.200 -3.692 -1.926
-1.145 -3.727 -1.995
-1.139 -3.728 -2.028
-1.151 -3.764 -2.064
-1.186 -3.772 -2.116
-1.205 -3.760 -2.112
-1.354 -3.709 -2.110
-1.423 -3.755 -2.126
-1.281 -3.802 -2.201
-1.303 -3.852 -2.273
-1.343 -3.894 -2.325
-1.353 -3.908 -2.330
-1.368 -3.930 -2.368
-1.424 -3.933 -2.316
-1.480 -3.856 -2.273
-1.444 -3.844 -2.330
-1.455 -3.962 -2.337
-1.412 -3.950 -2.368
-1.414 -4.008 -2.498
-1.521 -4.039 -2.377
-1.514 -4.009 -2.369
-1.609 -4.037 -2.442
-1.677 -3.992 -2.248
-1.525 -4.037 -2.286
-1.576 -4.144 -2.415
-1.558 -4.135 -2.371
-1.481 -4.067 -2.331
-1.449 -4.094 -2.419
-1.555 -4.035 -2.212
-1.559 -3.933 -2.173
-1.545 -3.955 -2.153
-1.435 -3.968 -2.125
-1.372 -3.941 -2.112
-1.374 -3.940 -2.083
-1.337 -3.910 -2.098
-1.414 -3.909 -2.096
-1.516 -3.911 -2.096
-1.470 -3.913 -2.067
-1.360 -4.002 -2.102
-1.365 -4.071 -2.173
-1.414 -4.132 -2.231
-1.427 -4.159 -2.254
-1.478 -4.212 -2.289
-1.649 -4.256 -2.316
-1.815 -4.285 -2.308
-1.772 -4.298 -2.339
-1.632 -4.325 -2.393
-1.612 -4.399 -2.397
-1.595 -4.391 -2.413
-1.620 -4.391 -2.387
-1.725 -4.407 -2.387
-1.801 -4.393 -2.397
-1.797 -4.444 -2.454
-1.690 -4.474 -2.510
-1.659 -4.494 -2.559
-1.688 -4.516 -2.644
-1.675 -4.536 -2.665
-1.777 -4.540 -2.671
-1.853 -4.503 -2.640
-1.757 -4.484 -2.628
-1.618 -4.494 -2.648
-1.590 -4.484 -2.673
-1.601 -4.517 -2.697
-1.606 -4.503 -2.770
-1.686 -4.529 -2.862
-1.786 -4.520 -2.892
-1.737 -4.531 -2.970
-1.625 -4.571 -3.056
-1.628 -4.583 -3.130
-1.595 -4.565 -3.143
-1.629 -4.606 -3.202
-1.629 -4.560 -3.202
-1.721 -4.553 -3.216
-1.843 -4.608 -3.287
-1.657 -4.582 -3.303
-1.574 -4.569 -3.335
-1.579 -4.606 -3.399
-1.525 -4.593 -3.401
-1.518 -4.564 -3.394
-1.462 -4.568 -3.546
-1.643 -4.597 -3.460
-1.743 -4.559 -3.461
-1.727 -4.625 -3.550
-1.609 -4.601 -3.515
-1.531 -4.579 -3.501
-1.535 -4.610 -3.534
-1.551 -4.604 -3.509
-1.511 -4.565 -3.510
-1.672 -4.607 -3.465
-1.834 -4.595 -3.434
-1.725 -4.577 -3.479
-1.589 -4.630 -3.604
-1.630 -4.644 -3.485
-1.567 -4.626 -3.477
-1.572 -4.647 -3.564
-1.737 -4.596 -3.357
-1.719 -4.540 -3.297
-1.612 -4.615 -3.350
-1.567 -4.626 -3.329
-1.502 -4.607 -3.321
-1.598 -4.698 -3.386
-1.596 -4.691 -3.382
-1.685 -4.712 -3.350
-1.805 -4.673 -3.283
-1.765 -4.642 -3.267
-1.649 -4.716 -3.321
-1.601 -4.724 -3.318
-1.547 -4.681 -3.256
-1.520 -4.673 -3.204
-1.507 -4.671 -3.162
-1.511 -4.634 -3.103
-1.637 -4.631 -3.066
-1.639 -4.625 -3.005
-1.416 -4.622 -2.984
-1.446 -4.706 -3.039
-1.401 -4.695 -3.021
-1.355 -4.659 -2.984
-1.387 -4.700 -2.973
-1.446 -4.711 -2.935
-1.506 -4.658 -2.920
-1.446 -4.753 -3.062
-1.398 -4.790 -2.937
-1.411 -4.797 -2.980
-1.467 -4.838 -2.974
-1.454 -4.886 -2.971
-1.453 -4.903 -2.976
-1.432 -4.916 -3.018
-1.520 -5.004 -3.051
-1.533 -5.009 -3.053
-1.637 -5.038 -3.034
-1.739 -5.004 -2.980
-1.709 -4.989 -2.971
-1.607 -5.041 -3.034
-1.561 -5.068 -3.053
-1.575 -5.065 -3.053
-1.596 -5.078 -3.063
-1.594 -5.088 -3.058
-1.592 -5.033 -3.046
-1.755 -5.081 -3.158
-1.769 -5.170 -3.065
-1.632 -5.202 -3.152
-1.625 -5.299 -3.316
-1.637 -5.284 -3.152
-1.565 -5.225 -3.117
-1.659 -5.239 -3.069
-1.760 -5.159 -2.996
-1.719 -5.108 -2.974
-1.594 -5.167 -3.032
-1.545 -5.185 -3.057
-1.503 -5.128 -3.002
-1.473 -5.100 -2.923
-1.422 -5.041 -2.871
-1.520 -4.968 -2.807
-1.612 -4.930 -2.697
-1.376 -4.865 -2.678
-1.258 -4.871 -2.777
-1.302 -4.880 -2.703
-1.276 -4.844 -2.734
-1.348 -4.900 -2.745
-1.445 -4.883 -2.743
-1.590 -4.882 -2.721
-1.626 -4.897 -2.765
-1.431 -4.924 -2.776
-1.430 -4.965 -2.834
-1.412 -4.960 -2.849
-1.375 -4.924 -2.871
-1.470 -4.973 -2.911
-1.650 -4.957 -2.895
-1.723 -4.948 -2.891
-1.572 -5.023 -2.953
-1.556 -5.043 -2.969
-1.593 -5.042 -3.001
-1.642 -5.091 -3.048
-1.722 -5.079 -3.055
-1.815 -5.004 -3.021
-1.783 -4.944 -2.963
-1.657 -5.019 -3.062
-1.582 -4.992 -3.107
-1.567 -5.063 -3.278
-1.654 -5.061 -3.158
-1.693 -5.054 -3.187
-1.813 -5.013 -3.140
-1.841 -4.929 -3.058
-1.704 -4.964 -3.154
-1.674 -5.014 -3.213
-1.693 -5.044 -3.272
-1.682 -5.016 -3.302
-1.732 -5.018 -3.310
-1.801 -4.920 -3.198
-1.758 -4.826 -3.136
-1.551 -4.863 -3.295
-1.536 -4.819 -3.098
-1.457 -4.783 -3.042
-1.484 -4.787 -3.014
-1.459 -4.715 -2.943
-1.522 -4.621 -2.858
-1.586 -4.599 -2.825
-1.456 -4.581 -2.818
-1.318 -4.570 -2.811
-1.327 -4.594 -2.862
-1.340 -4.600 -2.919
-1.290 -4.584 -2.964
-1.418 -4.626 -2.978
-1.537 -4.572 -2.929
-1.539 -4.570 -2.941
-1.447 -4.624 -2.985
-1.441 -4.652 -3.050
-1.456 -4.672 -3.115
-1.491 -4.709 -3.132
-1.536 -4.722 -3.145
-1.673 -4.728 -3.150
-1.780 -4.694 -3.107
-1.767 -4.740 -3.160
-1.717 -4.783 -3.301
-1.673 -4.825 -3.245
-1.675 -4.816 -3.238
-1.706 -4.833 -3.243
-1.720 -4.851 -3.242
-1.778 -4.789 -3.170
-1.864 -4.718 -3.094
-1.767 -4.716 -3.029
-1.638 -4.750 -3.069
-1.678 -4.812 -3.157
-1.645 -4.787 -3.083
-1.586 -4.732 -3.068
-1.652 -4.709 -3.029
-1.824 -4.679 -2.959
-1.763 -4.628 -2.935
-1.600 -4.766 -3.146
-1.631 -4.762 -3.003
-1.547 -4.694 -2.990
-1.533 -4.660 -3.006
-1.544 -4.627 -2.870
-1.574 -4.600 -2.822
-1.648 -4.491 -2.708
-1.672 -4.423 -2.607
-1.531 -4.444 -2.642
-1.442 -4.417 -2.596
-1.404 -4.389 -2.579
-1.375 -4.370 -2.584
-1.424 -4.380 -2.578
-1.566 -4.379 -2.573
-1.602 -4.315 -2.541
-1.561 -4.367 -2.588
-1.439 -4.371 -2.519
-1.357 -4.336 -2.539
-1.395 -4.366 -2.620
-1.466 -4.395 -2.591
-1.635 -4.409 -2.608
-1.778 -4.398 -2.558
-1.680 -4.430 -2.610
-1.475 -4.432 -2.628
-1.434 -4.480 -2.777
-1.483 -4.465 -2.615
-1.480 -4.443 -2.642
-1.678 -4.468 -2.585
-1.789 -4.434 -2.548
-1.633 -4.433 -2.604
-1.609 -4.553 -2.728
-1.616 -4.556 -2.691
-1.605 -4.535 -2.666
-1.669 -4.576 -2.701
-1.755 -4.557 -2.655
-1.816 -4.465 -2.548
-1.681 -4.485 -2.588
-1.606 -4.476 -2.609
-1.573 -4.481 -2.616
-1.596 -4.509 -2.636
-1.598 -4.498 -2.622
-1.667 -4.471 -2.575
-1.795 -4.429 -2.500
-1.788 -4.425 -2.498
-1.638 -4.458 -2.553
-1.594 -4.453 -2.570
-1.572 -4.455 -2.539
-1.513 -4.388 -2.450
-1.556 -4.381 -2.400
-1.659 -4.324 -2.329
-1.675 -4.279 -2.267
-1.540 -4.315 -2.297
-1.499 -4.343 -2.328
-1.483 -4.340 -2.327
-1.486 -4.335 -2.339
-1.517 -4.336 -2.349
-1.638 -4.315 -2.300
-1.708 -4.306 -2.298
-1.536 -4.399 -2.520
-1.536 -4.411 -2.403
-1.472 -4.385 -2.415
-1.523 -4.453 -2.473
-1.546 -4.480 -2.461
-1.666 -4.465 -2.461
-1.798 -4.462 -2.430
-1.648 -4.498 -2.459
-1.551 -4.522 -2.505
-1.547 -4.562 -2.545
-1.568 -4.631 -2.565
-1.561 -4.607 -2.552
-1.670 -4.625 -2.521
-1.807 -4.617 -2.455
-1.674 -4.653 -2.511
-1.516 -4.641 -2.569
-1.485 -4.691 -2.676
-1.532 -4.694 -2.573
-1.524 -4.643 -2.610
-1.702 -4.750 -2.702
-1.769 -4.655 -2.484
-1.669 -4.629 -2.479
-1.540 -4.663 -2.529
-1.489 -4.630 -2.531
-1.451 -4.624 -2.521
-1.409 -4.601 -2.524
-1.433 -4.581 -2.509
-1.587 -4.586 -2.442
-1.564 -4.535 -2.430
-1.482 -4.602 -2.432
-1.402 -4.623 -2.465
-1.354 -4.591 -2.433
-1.362 -4.603 -2.402
-1.382 -4.594 -2.362
-1.450 -4.532 -2.300
-1.542 -4.574 -2.360
-1.446 -4.515 -2.227
-1.312 -4.545 -2.252
-1.314 -4.604 -2.303
-1.352 -4.639 -2.321
-1.361 -4.663 -2.344
-1.358 -4.695 -2.406
-1.434 -4.782 -2.469
-1.476 -4.808 -2.470
-1.538 -4.838 -2.484
-1.749 -4.896 -2.511
-1.810 -4.928 -2.525
-1.615 -4.919 -2.579
-1.601 -4.970 -2.623
-1.594 -4.976 -2.624
-1.576 -4.980 -2.624
-1.661 -5.035 -2.663
-1.814 -5.061 -2.596
-1.924 -5.053 -2.569
-1.718 -5.066 -2.618
-1.650 -5.088 -2.630
-1.607 -5.099 -2.596
-1.598 -5.095 -2.575
-1.609 -5.121 -2.565
-1.690 -5.129 -2.523
-1.822 -5.080 -2.476
-1.854 -5.081 -2.458
-1.725 -5.141 -2.552
-1.650 -5.133 -2.608
-1.696 -5.150 -2.587
-1.742 -5.195 -2.612
-1.782 -5.244 -2.623
-1.761 -5.193 -2.529
-1.850 -5.110 -2.421
-1.812 -5.080 -2.384
-1.617 -5.079 -2.391
-1.505 -5.017 -2.340
-1.513 -5.013 -2.315
-1.523 -5.017 -2.319
-1.512 -5.025 -2.297
-1.596 -4.999 -2.196
-1.746 -4.970 -2.164
-1.629 -4.953 -2.179
-1.513 -5.036 -2.191
-1.471 -5.028 -2.228
-1.456 -5.034 -2.241
-1.505 -5.103 -2.328
-1.550 -5.081 -2.252
-1.785 -5.083 -2.261
-1.890 -5.095 -2.291
-1.733 -5.111 -2.376
-1.680 -5.106 -2.394
-1.681 -5.088 -2.394
-1.714 -5.114 -2.404
-1.737 -5.077 -2.412
-1.848 -5.111 -2.402
-2.011 -5.079 -2.374
-2.012 -5.019 -2.357
-1.875 -5.057 -2.392
-1.820 -5.035 -2.453
-1.760 -4.992 -2.460
-1.796 -4.991 -2.447
-1.794 -4.978 -2.429
-1.890 -4.911 -2.392
-1.958 -4.825 -2.296
-1.827 -4.843 -2.362
-1.672 -4.773 -2.431
-1.674 -4.854 -2.509
-1.768 -4.927 -2.499
-1.767 -4.868 -2.489
-1.891 -4.821 -2.415
-1.906 -4.783 -2.410
-1.706 -4.789 -2.504
-1.666 -4.846 -2.609
-1.640 -4.741 -2.429
-1.573 -4.649 -2.409
-1.635 -4.631 -2.360
-1.692 -4.502 -2.230
-1.633 -4.406 -2.140
-1.401 -4.375 -2.082
-1.329 -4.335 -2.066
-1.327 -4.318 -2.073
-1.364 -4.350 -2.088
-1.386 -4.323 -2.058
-1.499 -4.265 -2.028
-1.507 -4.240 -1.982
-1.356 -4.258 -2.028
-1.308 -4.287 -2.091
-1.340 -4.328 -2.138
-1.330 -4.316 -2.137
-1.353 -4.340 -2.166
-1.476 -4.361 -2.207
-1.647 -4.370 -2.234
-1.654 -4.400 -2.274
-1.503 -4.400 -2.283
-1.409 -4.346 -2.258
-1.451 -4.377 -2.293
-1.479 -4.385 -2.308
-1.500 -4.385 -2.333
-1.613 -4.458 -2.470
-1.783 -4.433 -2.316
-1.601 -4.409 -2.376
-1.575 -4.517 -2.582
-1.606 -4.499 -2.460
-1.619 -4.485 -2.512
-1.697 -4.562 -2.534
-1.704 -4.536 -2.514
-1.804 -4.510 -2.481
-1.884 -4.444 -2.422
-1.738 -4.432 -2.434
-1.660 -4.451 -2.470
-1.612 -4.412 -2.470
-1.595 -4.388 -2.485
-1.690 -4.454 -2.514
-1.681 -4.462 -2.511
-1.718 -4.454 -2.485
-1.743 -4.350 -2.381
-1.753 -4.290 -2.331
-1.661 -4.377 -2.422
-1.596 -4.361 -2.413
-1.495 -4.290 -2.383
-1.408 -4.277 -2.453
-1.435 -4.251 -2.296
-1.425 -4.220 -2.274
-1.404 -4.122 -2.136
-1.483 -4.014 -2.035
-1.411 -4.003 -1.987
-1.269 -4.016 -1.995
-1.248 -4.022 -2.030
-1.300 -4.045 -2.088
-1.316 -4.059 -2.121
-1.300 -4.009 -2.145
-1.409 -4.054 -2.273
-1.544 -4.039 -2.130
-1.326 -4.046 -2.201
-1.355 -4.139 -2.328
-1.381 -4.143 -2.270
-1.406 -4.154 -2.272
-1.499 -4.215 -2.304
-1.676 -4.233 -2.288
-1.755 -4.233 -2.297
-1.618 -4.280 -2.354
-1.584 -4.303 -2.415
-1.593 -4.313 -2.424
-1.627 -4.328 -2.451
-1.659 -4.334 -2.430
-1.749 -4.260 -2.378
-1.805 -4.281 -2.407
-1.696 -4.364 -2.466
-1.619 -4.340 -2.507
-1.596 -4.396 -2.639
-1.702 -4.449 -2.562
-1.775 -4.442 -2.568
-1.896 -4.387 -2.496
-1.809 -4.419 -2.528
-1.722 -4.448 -2.663
-1.767 -4.534 -3.042
-1.739 -4.505 -2.728
-1.713 -4.456 -2.636
-1.749 -4.434 -2.573
-1.825 -4.332 -2.470
-1.806 -4.255 -2.437
-1.651 -4.282 -2.422
-1.586 -4.288 -2.459
-1.536 -4.255 -2.448
-1.573 -4.276 -2.436
-1.572 -4.257 -2.427
-1.580 -4.279 -2.489
-1.683 -4.133 -2.256
-1.587 -4.006 -2.179
-1.352 -4.004 -2.233
-1.356 -3.975 -2.041
-1.303 -3.953 -2.048
-1.365 -4.021 -2.099
-1.378 -4.012 -2.106
-1.485 -4.022 -2.136
-1.596 -4.000 -2.094
-1.478 -3.969 -2.100
-1.434 -4.062 -2.228
-1.423 -4.078 -2.193
-1.379 -4.062 -2.224
-1.463 -4.120 -2.263
-1.565 -4.149 -2.250
-1.678 -4.127 -2.286
-1.621 -4.218 -2.457
-1.577 -4.227 -2.336
-1.541 -4.227 -2.399
-1.577 -4.328 -2.537
-1.618 -4.327 -2.411
-1.667 -4.303 -2.435
-1.782 -4.372 -2.548
-1.884 -4.328 -2.379
-1.698 -4.351 -2.413
-1.692 -4.416 -2.478
-1.660 -4.414 -2.485
-1.639 -4.404 -2.468
-1.692 -4.441 -2.495
-1.770 -4.404 -2.444
-1.822 -4.320 -2.377
-1.759 -4.423 -2.474
-1.711 -4.472 -2.512
-1.685 -4.458 -2.522
-1.631 -4.565 -2.663
-1.712 -4.507 -2.526
-1.768 -4.470 -2.468
-1.858 -4.417 -2.409
-1.718 -4.424 -2.420
-1.634 -4.482 -2.483
-1.615 -4.486 -2.477
-1.547 -4.405 -2.383
-1.532 -4.349 -2.355
-1.573 -4.320 -2.275
-1.626 -4.189 -2.207
-1.612 -4.172 -2.236
-1.470 -4.135 -2.098
-1.357 -4.096 -2.104
-1.402 -4.166 -2.238
-1.428 -4.139 -2.139
-1.372 -4.119 -2.157
-1.464 -4.156 -2.145
-1.590 -4.146 -2.119
-1.498 -4.192 -2.186
-1.461 -4.229 -2.234
-1.433 -4.220 -2.224
-1.449 -4.230 -2.238
-1.471 -4.259 -2.260
-1.531 -4.312 -2.330
-1.670 -4.384 -2.425
-1.841 -4.323 -2.263
-1.693 -4.353 -2.335
-1.645 -4.409 -2.471
-1.732 -4.484 -2.449
-1.708 -4.449 -2.473
-1.815 -4.550 -2.506
-1.799 -4.521 -2.499
-1.893 -4.520 -2.453
-1.990 -4.469 -2.401
-1.875 -4.488 -2.428
-1.846 -4.570 -2.541
-1.856 -4.670 -2.588
-1.836 -4.636 -2.572
-1.827 -4.643 -2.555
-1.794 -4.599 -2.485
-1.814 -4.494 -2.411
-1.896 -4.469 -2.414
-1.804 -4.513 -2.407
-1.698 -4.496 -2.459
-1.698 -4.607 -2.605
-1.699 -4.482 -2.416
-1.665 -4.427 -2.361
-1.692 -4.367 -2.292
-1.817 -4.287 -2.240
-1.780 -4.244 -2.231
-1.619 -4.262 -2.213
-1.533 -4.236 -2.164
-1.487 -4.198 -2.182
-1.511 -4.215 -2.179
-1.523 -4.211 -2.164
-1.657 -4.218 -2.170
-1.791 -4.236 -2.151
-1.678 -4.234 -2.169
-1.552 -4.237 -2.207
-1.563 -4.279 -2.216
-1.570 -4.280 -2.248
-1.605 -4.298 -2.292
-1.677 -4.347 -2.327
-1.831 -4.354 -2.317
-1.950 -4.376 -2.326
-1.873 -4.469 -2.408
-1.817 -4.537 -2.487
-1.808 -4.542 -2.517
-1.849 -4.620 -2.556
-1.844 -4.599 -2.564
-1.965 -4.652 -2.560
-2.073 -4.586 -2.519
-2.064 -4.623 -2.533
-1.949 -4.808 -2.596
-1.882 -4.869 -2.612
-1.849 -4.779 -2.611
-1.874 -4.837 -2.612
-1.915 -4.806 -2.603
-1.992 -4.683 -2.559
-2.155 -4.647 -2.451
-2.056 -4.691 -2.549
-1.975 -4.779 -2.604
-1.950 -4.814 -2.603
-1.887 -4.643 -2.566
-1.822 -4.667 -2.689
-1.799 -4.553 -2.548
-1.853 -4.487 -2.510
-2.011 -4.447 -2.471
-1.984 -4.457 -2.467
-1.879 -4.510 -2.518
-1.830 -4.504 -2.536
-1.736 -4.424 -2.495
-1.718 -4.399 -2.457
-1.728 -4.347 -2.415
-1.880 -4.312 -2.421
-1.971 -4.311 -2.524
-1.788 -4.306 -2.570
-1.688 -4.295 -2.611
-1.707 -4.317 -2.690
-1.706 -4.310 -2.713
-1.760 -4.349 -2.766
-1.994 -4.458 -3.050
-2.167 -4.472 -3.147
-1.991 -4.448 -2.916
-1.894 -4.469 -2.990
-1.847 -4.453 -3.015
-1.826 -4.445 -3.031
-1.902 -4.451 -3.078
-1.877 -4.496 -3.139
-1.927 -4.555 -3.156
-1.923 -4.573 -3.180
-1.964 -4.583 -3.194
-2.016 -4.544 -3.234
-2.196 -4.449 -3.155
-2.219 -4.431 -3.156
-2.099 -4.648 -3.209
-2.023 -4.639 -3.225
-1.970 -4.637 -3.199
-1.993 -4.626 -3.198
-2.256 -4.628 -3.184
-2.572 -4.580 -3.090
-2.793 -4.607 -3.026
-2.840 -4.639 -3.026
-2.826 -4.654 -3.023
-2.892 -4.650 -3.025
-2.996 -4.690 -3.118
-3.174 -4.675 -2.890
-3.297 -4.428 -2.795
-3.421 -4.477 -2.759
-3.341 -4.457 -2.651
-3.247 -4.434 -2.581
-3.249 -4.477 -2.621
-3.272 -4.454 -2.498
-3.368 -4.464 -2.477
-3.550 -4.451 -2.412
-3.655 -4.489 -2.382
-3.489 -4.506 -2.394
-3.442 -4.544 -2.357
-3.458 -4.599 -2.383
-3.514 -4.674 -2.418
-3.535 -4.675 -2.396
-3.515 -4.555 -2.224
-3.519 -4.371 -1.971
-3.343 -4.158 -1.741
-3.238 -4.126 -1.719
-3.286 -4.094 -1.690
-3.380 -4.176 -1.661
-3.416 -4.241 -1.682
-3.493 -4.341 -1.704
-3.603 -4.380 -1.667
-3.732 -4.355 -1.557
-3.654 -4.299 -1.429
-3.454 -4.268 -1.350
-3.350 -4.240 -1.325
-3.331 -4.272 -1.349
-3.326 -4.307 -1.421
-3.443 -4.357 -1.339
-3.508 -4.293 -1.275
-3.698 -4.337 -1.309
-3.644 -4.439 -1.305
-3.670 -4.529 -1.415
-3.768 -4.608 -1.482
-3.642 -4.418 -1.292
-3.330 -3.954 -0.854
-2.904 -3.599 -0.174
-2.577 -3.243  0.399
-2.231 -2.806  0.811
-1.998 -2.545  1.006
-1.974 -2.450  1.132
-1.864 -2.397  1.179
-1.921 -2.460  1.151
-2.086 -2.511  1.167
-2.187 -2.556  1.159
-2.061 -2.653  1.074
-2.030 -2.779  0.977
-2.065 -2.924  0.842
-2.075 -3.024  0.727
-2.126 -3.144  0.606
-2.280 -3.239  0.516
-2.454 -3.295  0.398
-2.470 -3.396  0.272
-2.397 -3.459  0.137
-2.349 -3.449  0.037
-2.348 -3.448 -0.036
-2.400 -3.469 -0.123
-2.649 -3.532 -0.212
-2.822 -3.569 -0.301
-2.813 -3.686 -0.473
-2.764 -3.757 -0.667
-2.772 -3.844 -0.872
-2.868 -3.926 -0.907
-2.958 -4.025 -1.039
-3.112 -4.129 -1.128
-3.307 -4.179 -1.158
-3.468 -4.249 -1.224
-3.409 -4.373 -1.358
-3.386 -4.448 -1.470
-3.449 -4.552 -1.557
-3.467 -4.612 -1.603
-3.520 -4.690 -1.640
-3.585 -4.724 -1.626
-3.754 -4.728 -1.635
-3.839 -4.767 -1.646
-3.731 -4.833 -1.705
-3.688 -4.870 -1.764
-3.738 -4.950 -1.839
-3.780 -4.998 -1.861
-3.729 -4.980 -1.859
-3.864 -5.068 -1.835
-3.994 -5.088 -1.780
-4.075 -5.111 -1.754
-3.954 -5.184 -1.803
-3.856 -5.179 -1.799
-3.867 -5.211 -1.832
-3.881 -5.230 -1.846
-3.828 -5.162 -1.868
-4.010 -5.193 -1.864
-4.160 -5.154 -1.846
-4.244 -5.175 -1.863
-4.112 -5.214 -1.891
-4.038 -5.221 -1.901
-4.070 -5.254 -1.932
-4.091 -5.297 -1.950
-4.065 -5.297 -1.973
-4.142 -5.321 -2.092
-4.376 -5.272 -1.945
-4.385 -5.196 -1.958
-4.189 -5.216 -2.127
-4.211 -5.201 -2.004
-4.206 -5.191 -2.051
-4.287 -5.226 -2.070
-4.289 -5.195 -2.050
-4.352 -5.202 -2.079
-4.482 -5.150 -1.994
-4.491 -5.080 -1.955
-4.395 -5.151 -2.001
-4.324 -5.222 -2.016
-4.328 -5.341 -2.101
-4.334 -5.374 -2.036
-4.358 -5.438 -2.052
-4.404 -5.488 -2.025
-4.490 -5.513 -1.971
-4.566 -5.533 -1.981
-4.421 -5.606 -1.984
-4.315 -5.662 -2.026
-4.299 -5.783 -2.175
-4.309 -5.774 -1.986
-4.245 -5.778 -1.969
-4.273 -5.802 -1.961
-4.284 -5.773 -1.890
-4.250 -5.750 -1.834
-4.367 -5.752 -1.798
-4.459 -5.685 -1.736
-4.413 -5.668 -1.710
-4.272 -5.687 -1.713
-4.207 -5.684 -1.696
-4.158 -5.662 -1.676
-4.143 -5.710 -1.838
-4.200 -5.705 -1.704
-4.308 -5.699 -1.701
-4.465 -5.728 -1.720
-4.409 -5.730 -1.764
-4.288 -5.700 -1.807
-4.272 -5.694 -1.852
-4.274 -5.645 -1.895
-4.310 -5.623 -1.905
-4.311 -5.561 -1.880
-4.398 -5.508 -1.853
-4.577 -5.484 -1.862
-4.501 -5.499 -1.880
-4.394 -5.462 -1.896
-4.416 -5.481 -2.017
-4.434 -5.450 -1.963
-4.450 -5.433 -1.961
-4.473 -5.400 -1.949
-4.560 -5.348 -1.903
-4.726 -5.338 -1.908
-4.632 -5.329 -1.931
-4.496 -5.291 -1.928
-4.423 -5.265 -2.014
-4.405 -5.220 -1.911
-4.431 -5.211 -1.928
-4.468 -5.209 -1.945
-4.483 -5.149 -1.906
-4.643 -5.133 -1.847
-4.587 -5.154 -1.865
-4.516 -5.199 -1.908
-4.442 -5.224 -1.893
-4.399 -5.245 -1.888
-4.382 -5.290 -1.878
-4.384 -5.291 -1.853
-4.500 -5.301 -1.805
-4.659 -5.330 -1.807
-4.488 -5.326 -1.786
-4.372 -5.267 -1.778
-4.279 -5.237 -1.836
-4.359 -5.265 -1.806
-4.369 -5.263 -1.818
-4.463 -5.253 -1.840
-4.630 -5.250 -1.859
-4.689 -5.296 -1.912
-4.552 -5.306 -1.924
-4.413 -5.237 -1.914
-4.436 -5.290 -2.008
-4.465 -5.265 -1.953
-4.463 -5.340 -1.947
-4.529 -5.398 -1.937
-4.663 -5.426 -1.900
-4.720 -5.444 -1.913
-4.578 -5.471 -1.964
-4.494 -5.427 -1.973
-4.502 -5.465 -2.005
-4.508 -5.470 -2.013
-4.464 -5.460 -2.017
-4.542 -5.492 -2.016
-4.653 -5.498 -1.998
-4.755 -5.514 -1.997
-4.624 -5.561 -2.050
-4.541 -5.553 -2.028
-4.550 -5.569 -2.057
-4.518 -5.562 -2.032
-4.526 -5.573 -2.023
-4.546 -5.578 -1.995
-4.626 -5.571 -1.965
-4.774 -5.585 -1.970
-4.719 -5.605 -1.982
-4.588 -5.578 -1.997
-4.568 -5.609 -2.087
-4.571 -5.604 -2.004
-4.603 -5.612 -2.031
-4.620 -5.605 -2.044
-4.641 -5.560 -2.055
-4.755 -5.527 -1.956
-4.725 -5.466 -1.893
-4.496 -5.404 -1.869
-4.489 -5.425 -1.837
-4.456 -5.415 -1.840
-4.502 -5.428 -1.882
-4.537 -5.460 -1.913
-4.562 -5.430 -1.903
-4.682 -5.472 -1.925
-4.807 -5.494 -1.925
-4.646 -5.487 -1.929
-4.653 -5.562 -2.024
-4.621 -5.555 -2.040
-4.571 -5.532 -2.024
-4.634 -5.550 -2.042
-4.683 -5.563 -2.048
-4.838 -5.600 -2.055
-4.985 -5.611 -2.053
-4.897 -5.674 -2.102
-4.873 -5.742 -2.151
-4.841 -5.786 -2.175
-4.817 -5.785 -2.157
-4.785 -5.841 -2.310
-4.847 -5.800 -2.168
-4.897 -5.765 -2.124
-4.967 -5.761 -2.221
-4.940 -5.825 -2.164
-4.852 -5.804 -2.216
-4.915 -5.897 -2.280
-4.891 -5.895 -2.262
-4.879 -5.882 -2.264
-4.930 -5.928 -2.370
-5.088 -5.862 -2.176
-5.030 -5.834 -2.203
-4.939 -5.971 -2.373
-4.915 -5.937 -2.241
-4.864 -5.880 -2.241
-4.905 -5.905 -2.221
-4.912 -5.839 -2.132
-4.997 -5.775 -2.077
-4.957 -5.759 -2.028
-4.833 -5.774 -2.090
-4.715 -5.704 -2.081
-4.702 -5.708 -2.125
-4.704 -5.630 -1.980
-4.669 -5.556 -1.930
-4.766 -5.521 -1.864
-4.828 -5.537 -1.832
-4.646 -5.528 -1.876
-4.665 -5.586 -1.902
-4.643 -5.615 -1.901
-4.648 -5.635 -1.906
-4.702 -5.598 -1.910
-4.860 -5.577 -1.906
-4.913 -5.583 -1.945
-4.785 -5.615 -1.990
-4.723 -5.630 -1.999
-4.762 -5.672 -2.054
-4.766 -5.660 -2.081
-4.823 -5.650 -2.092
-4.989 -5.654 -2.125
-5.118 -5.652 -2.115
-4.989 -5.640 -2.154
-4.942 -5.667 -2.200
-4.918 -5.674 -2.222
-4.916 -5.659 -2.231
-4.973 -5.709 -2.346
-5.043 -5.686 -2.284
-5.066 -5.586 -2.259
-5.108 -5.614 -2.288
-5.008 -5.645 -2.269
-4.947 -5.657 -2.275
-4.965 -5.704 -2.306
-4.940 -5.716 -2.297
-4.949 -5.670 -2.259
-5.045 -5.676 -2.258
-5.086 -5.629 -2.173
-4.925 -5.657 -2.238
-4.869 -5.697 -2.340
-4.853 -5.680 -2.249
-4.790 -5.641 -2.260
-4.842 -5.665 -2.237
-4.863 -5.664 -2.193
-4.924 -5.627 -2.161
-4.979 -5.529 -2.121
-4.761 -5.491 -2.050
-4.681 -5.421 -1.987
-4.610 -5.359 -1.948
-4.580 -5.353 -1.922
-4.530 -5.366 -2.030
-4.607 -5.300 -1.865
-4.693 -5.290 -1.883
-4.765 -5.330 -1.899
-4.630 -5.346 -1.917
-4.633 -5.354 -1.968
-4.653 -5.416 -2.019
-4.632 -5.452 -2.186
-4.712 -5.428 -2.082
-4.717 -5.448 -2.098
-4.830 -5.385 -2.104
-4.938 -5.425 -2.111
-4.789 -5.441 -2.168
-4.705 -5.393 -2.222
-4.724 -5.424 -2.276
-4.725 -5.437 -2.292
-4.771 -5.456 -2.282
-4.886 -5.438 -2.276
-4.959 -5.379 -2.281
-4.866 -5.440 -2.339
-4.825 -5.435 -2.372
-4.809 -5.401 -2.379
-4.815 -5.397 -2.375
-4.836 -5.388 -2.369
-4.900 -5.371 -2.321
-5.010 -5.391 -2.304
-4.928 -5.399 -2.335
-4.828 -5.342 -2.359
-4.812 -5.358 -2.367
-4.811 -5.383 -2.365
-4.831 -5.392 -2.378
-4.952 -5.440 -2.361
-5.085 -5.461 -2.345
-5.095 -5.466 -2.367
-4.953 -5.544 -2.424
-4.897 -5.605 -2.424
-4.852 -5.624 -2.435
-4.812 -5.571 -2.428
-4.874 -5.606 -2.386
-4.941 -5.568 -2.312
-4.953 -5.549 -2.305
-4.812 -5.530 -2.305
-4.734 -5.523 -2.299
-4.708 -5.532 -2.303
-4.769 -5.581 -2.319
-4.841 -5.635 -2.345
-4.975 -5.650 -2.359
-4.963 -5.690 -2.484
-4.891 -5.682 -2.331
-4.755 -5.627 -2.312
-4.772 -5.677 -2.421
-4.796 -5.676 -2.348
-4.802 -5.666 -2.366
-4.937 -5.742 -2.489
-5.127 -5.742 -2.340
-4.967 -5.725 -2.365
-4.943 -5.742 -2.411
-4.928 -5.727 -2.384
-4.842 -5.664 -2.380
-4.825 -5.690 -2.500
-4.960 -5.712 -2.358
-5.056 -5.667 -2.337
-5.112 -5.698 -2.450
-5.058 -5.663 -2.349
-4.954 -5.617 -2.354
-4.935 -5.623 -2.380
-4.912 -5.606 -2.369
-4.909 -5.577 -2.361
-5.023 -5.642 -2.350
-5.131 -5.592 -2.286
-5.019 -5.546 -2.282
-4.973 -5.561 -2.315
-4.926 -5.534 -2.312
-4.878 -5.504 -2.283
-4.892 -5.570 -2.301
-5.011 -5.605 -2.288
-5.152 -5.551 -2.234
-5.146 -5.543 -2.240
-4.987 -5.564 -2.254
-4.901 -5.557 -2.240
-4.908 -5.549 -2.235
-4.897 -5.515 -2.207
-4.893 -5.504 -2.166
-5.043 -5.503 -2.143
-5.115 -5.472 -2.096
-4.938 -5.455 -2.057
-4.838 -5.438 -2.038
-4.800 -5.430 -2.038
-4.790 -5.409 -2.044
-4.842 -5.403 -2.061
-5.053 -5.490 -2.155
-5.125 -5.470 -2.083
-4.989 -5.459 -2.102
-4.941 -5.455 -2.115
-4.898 -5.437 -2.119
-4.861 -5.390 -2.097
-4.987 -5.417 -2.131
-5.142 -5.408 -2.122
-5.265 -5.427 -2.115
-5.097 -5.409 -2.163
-5.021 -5.406 -2.245
-5.014 -5.390 -2.185
-4.983 -5.368 -2.193
-5.003 -5.359 -2.203
-5.045 -5.326 -2.170
-5.147 -5.280 -2.144
-5.222 -5.234 -2.108
-5.089 -5.221 -2.136
-4.992 -5.180 -2.159
-4.962 -5.263 -2.287
-5.042 -5.232 -2.163
-5.034 -5.189 -2.160
-5.076 -5.221 -2.145
-5.074 -5.225 -2.140
-5.037 -5.210 -2.132
-5.024 -5.189 -2.181
-5.040 -5.279 -2.234
-5.030 -5.209 -2.159
-4.986 -5.129 -2.088
-5.141 -5.171 -2.114
-5.048 -5.141 -2.049
-4.958 -5.199 -2.070
-4.932 -5.234 -2.241
-4.985 -5.240 -2.109
-4.978 -5.341 -2.115
-5.049 -5.359 -2.102
-5.125 -5.305 -2.041
-5.110 -5.283 -1.971
-4.970 -5.269 -1.951
-4.920 -5.271 -1.958
-4.914 -5.277 -1.975
-4.889 -5.352 -2.069
-4.992 -5.335 -1.973
-5.079 -5.276 -1.979
-5.159 -5.342 -2.152
-5.113 -5.411 -2.040
-5.029 -5.395 -2.076
-5.034 -5.489 -2.269
-5.067 -5.440 -2.178
-5.110 -5.458 -2.187
-5.199 -5.455 -2.165
-5.255 -5.350 -2.129
-5.190 -5.385 -2.230
-5.224 -5.460 -2.236
-5.182 -5.463 -2.266
-5.223 -5.515 -2.303
-5.210 -5.495 -2.293
-5.313 -5.500 -2.275
-5.431 -5.454 -2.212
-5.433 -5.410 -2.215
-5.339 -5.474 -2.271
-5.241 -5.432 -2.274
-5.193 -5.406 -2.276
-5.170 -5.326 -2.237
-5.101 -5.170 -2.055
-5.151 -4.997 -1.915
-5.122 -4.914 -1.868
-5.110 -4.988 -1.947
-5.016 -4.998 -1.977
-5.004 -5.042 -1.964
-5.214 -5.166 -2.057
-5.452 -5.118 -2.057
-5.560 -5.160 -2.070
-5.401 -5.164 -2.065
-5.249 -5.025 -1.982
-5.305 -5.032 -1.978
-5.357 -5.055 -1.968
-5.486 -4.973 -1.936
-5.517 -5.026 -1.991
-5.433 -5.015 -1.912
-5.228 -5.019 -1.949
-5.244 -5.104 -2.098
-5.270 -5.087 -1.997
-5.233 -5.049 -2.008
-5.415 -5.129 -2.119
-5.555 -5.129 -1.967
-5.364 -5.129 -2.026
-5.285 -5.180 -2.100
-5.280 -5.161 -2.080
-5.283 -5.129 -2.099
-5.370 -5.177 -2.129
-5.545 -5.145 -2.094
-5.599 -5.154 -2.131
-5.438 -5.216 -2.202
-5.421 -5.196 -2.228
-5.394 -5.172 -2.229
-5.435 -5.219 -2.251
-5.447 -5.185 -2.199
-5.603 -5.154 -2.163
-5.639 -5.130 -2.143
-5.468 -5.191 -2.225
-5.389 -5.163 -2.246
-5.397 -5.189 -2.275
-5.371 -5.190 -2.274
-5.318 -5.155 -2.230
-5.434 -5.154 -2.220
-5.561 -5.091 -2.156
-5.447 -5.081 -2.160
-5.376 -5.148 -2.244
-5.378 -5.160 -2.269
-5.320 -5.108 -2.200
-5.265 -5.072 -2.204
-5.355 -5.034 -2.086
-5.451 -4.944 -2.064
-5.436 -4.932 -2.140
-5.275 -4.967 -2.030
-5.141 -4.936 -1.992
-5.167 -4.971 -1.975
-5.141 -4.977 -1.983
-5.191 -4.977 -1.995
-5.351 -4.958 -1.980
-5.423 -4.977 -1.972
-5.274 -5.014 -1.996
-5.180 -5.018 -2.031
-5.148 -5.025 -2.050
-5.220 -5.091 -2.118
-5.266 -5.124 -2.129
-5.428 -5.132 -2.111
-5.540 -5.141 -2.132
-5.493 -5.169 -2.142
-5.313 -5.200 -2.191
-5.311 -5.292 -2.316
-5.340 -5.259 -2.238
-5.329 -5.254 -2.262
-5.484 -5.315 -2.255
-5.626 -5.295 -2.240
-5.612 -5.260 -2.248
-5.442 -5.333 -2.289
-5.372 -5.321 -2.312
-5.392 -5.343 -2.336
-5.437 -5.368 -2.361
-5.428 -5.349 -2.312
-5.554 -5.432 -2.289
-5.441 -5.401 -2.268
-5.329 -5.402 -2.308
-5.325 -5.389 -2.370
-5.329 -5.384 -2.369
-5.265 -5.351 -2.299
-5.285 -5.301 -2.236
-5.354 -5.218 -2.161
-5.313 -5.173 -2.125
-5.175 -5.208 -2.168
-5.151 -5.187 -2.177
-5.064 -5.099 -2.088
-5.040 -5.086 -2.040
-5.013 -5.058 -1.997
-5.087 -5.086 -1.980
-5.204 -5.071 -1.964
-5.141 -5.106 -1.986
-5.010 -5.175 -2.019
-5.014 -5.284 -2.078
-5.059 -5.485 -2.089
-5.052 -5.616 -2.102
-5.108 -5.738 -2.121
-5.269 -5.882 -2.114
-5.261 -5.988 -2.101
-5.105 -6.113 -2.174
-5.055 -6.228 -2.298
-5.150 -6.342 -2.214
-5.163 -6.409 -2.260
-5.207 -6.535 -2.285
-5.220 -6.602 -2.302
-5.352 -6.712 -2.311
-5.494 -6.751 -2.277
-5.552 -6.764 -2.228
-5.559 -6.705 -2.152
-5.476 -6.761 -2.149
-5.329 -6.766 -2.155
-5.128 -6.780 -2.205
-5.176 -6.875 -2.235
-5.179 -6.929 -2.256
-5.190 -7.010 -2.285
-5.197 -7.049 -2.303
-5.153 -7.051 -2.301
-5.210 -7.114 -2.294
-5.204 -7.083 -2.279
