-2.883 -2.368  1.338
-3.107 -2.618  1.178
-3.469 -2.925  1.003
-4.149 -3.435  0.868
-4.511 -3.528  1.057
-4.525 -3.267  1.090
-4.886 -3.797  0.951
-5.157 -3.806  0.870
-5.341 -3.785  0.385
-5.512 -3.774 -0.011
-5.576 -3.741 -0.267
-5.616 -3.700 -0.461
-5.709 -3.677 -0.690
-5.735 -3.674 -0.831
-5.730 -3.632 -1.018
-5.719 -3.611 -1.263
-5.688 -3.594 -1.480
-5.690 -3.588 -1.648
-5.779 -3.563 -1.769
-6.207 -3.557 -1.896
-6.552 -3.572 -1.998
-6.698 -3.574 -2.101
-6.644 -3.558 -2.193
-6.622 -3.532 -2.319
-6.664 -3.544 -2.402
-6.849 -3.536 -2.521
-6.735 -3.526 -2.499
-6.454 -3.536 -2.274
-6.207 -3.538 -2.104
-6.014 -3.542 -2.044
-5.744 -3.549 -1.969
-5.578 -3.568 -1.892
-5.420 -3.574 -1.737
-5.236 -3.576 -1.635
-5.208 -3.570 -1.525
-5.076 -3.558 -1.434
-4.848 -3.581 -1.310
-4.607 -3.599 -1.297
-4.454 -3.586 -1.108
-4.280 -3.578 -1.024
-4.270 -3.554 -0.987
-4.149 -3.543 -0.838
-4.103 -3.537 -0.758
-3.954 -3.506 -0.609
-3.826 -3.498 -0.486
-3.516 -3.496 -0.289
-3.338 -3.483 -0.198
-3.270 -3.476 -0.076
-3.159 -3.487  0.023
-3.098 -3.478  0.088
-3.088 -3.459  0.159
-3.041 -3.459  0.172
-2.894 -3.257  0.283
-2.730 -3.228  0.346
-2.608 -3.046  0.408
-2.565 -2.982  0.435
-2.519 -3.038  0.463
-2.540 -3.102  0.481
-2.531 -2.985  0.608
-2.469 -2.916  0.637
-2.361 -2.943  0.621
-2.259 -2.782  0.664
-2.154 -2.736  0.677
-2.144 -2.767  0.587
-2.107 -2.727  0.687
-2.102 -2.722  0.678
-2.170 -2.757  0.712
-2.141 -2.821  0.683
-1.984 -2.734  0.636
-1.957 -2.734  0.677
-1.915 -2.689  0.646
-1.895 -2.722  0.618
-1.871 -2.711  0.649
-1.840 -2.691  0.709
-1.812 -2.601  0.768
-1.738 -2.596  0.738
-1.664 -2.529  0.693
-1.694 -2.617  0.638
-1.685 -2.529  0.629
-1.647 -2.444  0.656
-1.655 -2.505  0.614
-1.675 -2.451  0.725
-1.528 -2.373  0.704
-1.521 -2.410  0.554
-1.499 -2.344  0.686
-1.447 -2.292  0.704
-1.547 -2.320  0.708
-1.636 -2.392  0.633
-1.570 -2.381  0.597
-1.450 -2.334  0.486
-1.403 -2.259  0.606
-1.342 -2.196  0.566
-1.374 -2.198  0.515
-1.427 -2.286  0.507
-1.528 -2.341  0.485
-1.520 -2.299  0.462
-1.416 -2.236  0.449
-1.343 -2.200  0.413
-1.372 -2.233  0.361
-1.376 -2.159  0.369
-1.460 -2.271  0.271
-1.495 -2.305  0.270
-1.558 -2.367  0.265
-1.545 -2.315  0.152
-1.464 -2.294  0.124
-1.418 -2.284  0.103
-1.398 -2.320  0.074
-1.374 -2.299  0.098
-1.371 -2.316  0.108
-1.417 -2.286  0.128
-1.389 -2.297  0.098
-1.304 -2.193  0.065
-1.251 -2.181  0.039
-1.198 -2.193  0.034
-1.132 -2.123  0.035
-1.102 -2.087  0.040
-1.180 -2.096  0.134
-1.054 -2.004  0.127
-0.952 -1.926  0.059
-0.958 -1.957  0.138
-0.913 -1.921  0.147
-0.910 -1.927  0.207
-0.927 -1.888  0.227
-0.928 -1.830  0.233
-0.767 -1.764  0.331
-0.683 -1.693  0.328
-0.692 -1.697  0.284
-0.725 -1.781  0.247
-0.726 -1.770  0.264
-0.680 -1.743  0.224
-0.625 -1.670  0.224
-0.604 -1.696  0.187
-0.680 -1.769  0.114
-0.763 -1.828  0.111
-0.756 -1.793  0.109
-0.732 -1.803  0.111
-0.716 -1.842  0.082
-0.735 -1.844  0.025
-0.801 -1.864 -0.072
-0.905 -1.988 -0.149
-0.984 -2.057 -0.185
-0.952 -2.076 -0.239
-0.912 -2.032 -0.257
-0.889 -2.024 -0.242
-0.897 -2.036 -0.240
-0.940 -2.085 -0.225
-0.966 -2.060 -0.189
-0.961 -2.084 -0.146
-0.869 -2.085 -0.219
-0.883 -2.104 -0.229
-0.823 -2.061 -0.268
-0.906 -2.115 -0.274
-0.909 -2.130 -0.253
-0.954 -2.137 -0.206
-0.943 -2.085 -0.155
-0.867 -2.090 -0.202
-0.823 -2.071 -0.243
-0.817 -2.074 -0.247
-0.776 -2.039 -0.252
-0.804 -2.043 -0.218
-0.868 -2.061 -0.189
-0.859 -2.043 -0.140
-0.742 -2.027 -0.238
-0.756 -1.971 -0.131
-0.651 -1.914 -0.106
-0.672 -1.904 -0.142
-0.720 -1.932 -0.099
-0.762 -1.952 -0.072
-0.821 -1.934  0.023
-0.713 -1.898  0.028
-0.526 -1.782  0.075
-0.573 -1.817 -0.006
-0.601 -1.794  0.023
-0.573 -1.717  0.036
-0.682 -1.851 -0.061
-0.828 -1.889  0.087
-0.689 -1.822  0.059
-0.658 -1.842 -0.094
-0.677 -1.858 -0.010
-0.648 -1.816 -0.048
-0.722 -1.900 -0.078
-0.790 -1.888 -0.042
-0.873 -1.858 -0.014
-0.910 -1.910 -0.025
-0.858 -1.923 -0.124
-0.833 -1.898 -0.156
-0.821 -1.890 -0.208
-0.829 -1.882 -0.192
-0.827 -1.923 -0.293
-0.891 -1.902 -0.156
-0.849 -1.854 -0.095
-0.838 -1.893 -0.146
-0.845 -1.890 -0.109
-0.757 -1.810 -0.115
-0.728 -1.834 -0.143
-0.707 -1.804 -0.089
-0.679 -1.750 -0.019
-0.769 -1.740  0.036
-0.994 -1.904  0.225
-1.006 -1.896  0.297
-1.024 -1.891  0.289
-0.973 -1.775  0.359
-0.869 -1.723  0.336
-0.858 -1.663  0.364
-0.847 -1.603  0.334
-0.884 -1.602  0.316
-0.923 -1.624  0.323
-1.020 -1.722  0.339
-1.096 -1.703  0.544
-0.924 -1.394  0.960
-0.612 -1.154  1.278
-0.589 -1.204  1.319
-0.665 -1.201  1.268
-0.752 -1.264  1.102
-0.810 -1.327  0.804
-0.943 -1.439  0.736
-1.003 -1.476  0.605
-1.079 -1.580  0.549
-1.116 -1.629  0.520
-0.895 -1.406  0.695
-0.781 -1.239  0.884
-0.819 -1.224  0.954
-0.832 -1.234  0.933
-0.916 -1.307  0.804
-0.964 -1.375  0.632
-1.090 -1.505  0.480
-1.169 -1.577  0.403
-1.144 -1.561  0.271
-1.136 -1.624  0.112
-1.125 -1.696  0.067
-1.072 -1.596 -0.000
-1.123 -1.723 -0.048
-1.109 -1.798 -0.098
-1.146 -1.869 -0.112
-1.143 -1.820 -0.073
-1.127 -1.795 -0.101
-1.142 -1.778 -0.110
-1.146 -1.784 -0.078
-1.084 -1.750 -0.066
-1.042 -1.676 -0.111
-1.060 -1.780 -0.080
-1.015 -1.797 -0.048
-1.048 -1.806 -0.002
-1.014 -1.826 -0.111
-0.816 -1.765 -0.110
-0.876 -1.784 -0.128
-0.881 -1.734 -0.155
-0.913 -1.854 -0.224
-0.902 -1.897 -0.234
-0.907 -1.874 -0.216
-0.933 -1.866 -0.186
-0.808 -1.739 -0.162
-0.709 -1.661 -0.130
-0.731 -1.735 -0.167
-0.748 -1.787 -0.205
-0.723 -1.730 -0.267
-0.836 -1.791 -0.364
-0.925 -1.832 -0.247
-0.887 -1.761 -0.275
-0.856 -1.831 -0.361
-0.873 -1.850 -0.353
-0.857 -1.811 -0.341
-0.857 -1.789 -0.366
-0.837 -1.740 -0.267
-0.815 -1.709 -0.231
-0.816 -1.708 -0.258
-0.803 -1.659 -0.184
-0.704 -1.634 -0.228
-0.742 -1.712 -0.358
-0.759 -1.674 -0.240
-0.783 -1.733 -0.254
-0.810 -1.724 -0.270
-0.865 -1.720 -0.234
-0.871 -1.735 -0.212
-0.834 -1.631 -0.180
-0.730 -1.657 -0.220
-0.672 -1.719 -0.348
-0.761 -1.688 -0.258
-0.746 -1.573 -0.244
-0.785 -1.663 -0.221
-0.793 -1.661 -0.141
-0.790 -1.614 -0.103
-0.737 -1.626 -0.132
-0.640 -1.570 -0.128
-0.571 -1.540 -0.071
-0.584 -1.555 -0.049
-0.573 -1.539 -0.066
-0.599 -1.593 -0.125
-0.598 -1.593 -0.096
-0.569 -1.542 -0.080
-0.611 -1.501  0.151
-0.630 -1.387  0.529
-0.403 -1.072  0.906
-0.258 -0.975  1.111
-0.246 -0.912  1.268
-0.345 -0.895  1.195
-0.491 -1.084  1.024
-0.688 -1.239  0.833
-0.847 -1.337  0.653
-0.900 -1.317  0.484
-0.854 -1.406  0.369
-0.911 -1.511  0.222
-0.956 -1.560  0.157
-0.943 -1.561  0.055
-0.990 -1.593  0.045
-1.013 -1.578  0.127
-0.904 -1.505  0.124
-0.799 -1.519 -0.034
-0.842 -1.525  0.045
-0.822 -1.523 -0.015
-0.885 -1.551 -0.036
-0.861 -1.550 -0.056
-0.881 -1.523 -0.038
-0.808 -1.564 -0.135
-0.857 -1.512 -0.034
-0.837 -1.552 -0.104
-0.853 -1.582 -0.142
-0.862 -1.643 -0.273
-0.877 -1.654 -0.198
-0.868 -1.626 -0.181
-0.934 -1.633 -0.115
-0.897 -1.587 -0.146
-0.765 -1.545 -0.092
-0.745 -1.535 -0.093
-0.738 -1.540 -0.076
-0.679 -1.499 -0.080
-0.746 -1.551 -0.129
-0.796 -1.577 -0.111
-0.833 -1.622 -0.123
-0.783 -1.607 -0.154
-0.750 -1.571 -0.201
-0.751 -1.657 -0.314
-0.790 -1.643 -0.224
-0.793 -1.644 -0.210
-0.832 -1.664 -0.257
-0.879 -1.669 -0.210
-0.931 -1.707 -0.191
-0.897 -1.667 -0.168
-0.809 -1.601 -0.185
-0.807 -1.654 -0.227
-0.813 -1.703 -0.253
-0.828 -1.711 -0.306
-0.920 -1.788 -0.340
-0.961 -1.794 -0.319
-1.037 -1.792 -0.309
-1.053 -1.820 -0.283
-0.993 -1.876 -0.343
-0.965 -1.837 -0.374
-0.946 -1.817 -0.378
-0.929 -1.845 -0.375
-0.902 -1.873 -0.485
-0.965 -1.852 -0.353
-0.976 -1.815 -0.275
-0.978 -1.791 -0.209
-0.957 -1.846 -0.258
-0.881 -1.814 -0.312
-0.908 -1.826 -0.346
-0.906 -1.853 -0.332
-0.912 -1.865 -0.354
-0.936 -1.899 -0.333
-0.937 -1.854 -0.259
-0.976 -1.863 -0.282
-0.952 -1.837 -0.269
-0.832 -1.799 -0.258
-0.817 -1.871 -0.393
-0.853 -1.818 -0.269
-0.829 -1.781 -0.303
-0.866 -1.827 -0.279
-0.879 -1.834 -0.196
-0.894 -1.759 -0.182
-0.793 -1.742 -0.151
-0.717 -1.712 -0.126
-0.747 -1.686 -0.123
-0.770 -1.694 -0.122
-0.784 -1.703 -0.152
-0.807 -1.791 -0.255
-0.896 -1.729 -0.133
-0.819 -1.707 -0.160
-0.777 -1.752 -0.270
-0.878 -1.861 -0.287
-0.865 -1.855 -0.276
-0.948 -1.910 -0.297
-0.964 -1.947 -0.310
-0.996 -1.909 -0.271
-1.025 -1.921 -0.236
-0.981 -1.977 -0.252
-0.888 -1.915 -0.250
-0.867 -1.959 -0.280
-0.829 -1.912 -0.277
-0.813 -1.922 -0.287
-0.838 -1.879 -0.205
-0.773 -1.690 -0.182
-0.750 -1.820 -0.217
-0.728 -1.858 -0.214
-0.673 -1.801 -0.249
-0.678 -1.863 -0.373
-0.767 -1.868 -0.291
-0.775 -1.867 -0.273
-0.806 -1.811 -0.168
-0.811 -1.866 -0.132
-0.672 -1.817 -0.159
-0.633 -1.786 -0.163
-0.542 -1.759 -0.048
-0.539 -1.644 -0.056
-0.551 -1.692 -0.021
-0.604 -1.715  0.017
-0.656 -1.744  0.010
-0.645 -1.782 -0.042
-0.632 -1.772 -0.084
-0.621 -1.757 -0.096
-0.602 -1.764 -0.080
-0.600 -1.767 -0.072
-0.612 -1.789 -0.089
-0.702 -1.785 -0.048
-0.732 -1.801 -0.059
-0.726 -1.817 -0.119
-0.699 -1.794 -0.137
-0.708 -1.873 -0.161
-0.775 -1.910 -0.178
-0.820 -1.898 -0.227
-0.933 -2.007 -0.239
-1.004 -2.041 -0.232
-0.992 -1.995 -0.196
-0.949 -2.020 -0.247
-0.888 -2.032 -0.246
 0.001 -1.471  0.183
-2.308 -2.796 -3.103
-0.720 -1.981 -0.305
-0.849 -2.045 -0.223
-0.868 -2.071 -0.189
-0.891 -2.055 -0.190
-0.812 -2.036 -0.186
-0.785 -2.015 -0.184
-0.782 -1.991 -0.166
-0.797 -2.028 -0.163
-0.797 -1.969 -0.151
-0.829 -1.985 -0.135
-0.909 -1.997 -0.100
-0.883 -2.010 -0.076
-0.806 -1.973 -0.086
-0.718 -1.915 -0.058
-0.699 -1.905 -0.013
-0.702 -1.934 -0.009
-0.701 -1.886  0.023
-0.743 -1.892  0.024
-0.840 -1.939 -0.048
-0.853 -1.930  0.032
-0.678 -1.805  0.032
-0.706 -1.835  0.042
-0.682 -1.801  0.065
-0.684 -1.817  0.077
-0.691 -1.844  0.043
-0.669 -1.880 -0.003
-0.743 -1.852 -0.027
-0.800 -1.931 -0.014
-0.887 -1.981  0.028
-0.835 -1.874  0.133
-0.667 -1.750  0.185
-0.642 -1.765  0.187
-0.659 -1.796  0.194
-0.614 -1.763  0.172
-0.773 -1.852  0.193
-0.838 -1.888  0.236
-0.828 -1.920  0.215
-0.746 -1.933  0.146
-0.721 -1.861  0.142
-0.731 -1.899  0.101
-0.704 -1.883  0.127
-0.648 -1.748  0.139
-0.755 -1.840  0.109
-0.894 -1.936  0.100
-0.950 -2.007  0.110
-0.921 -1.982  0.061
-0.833 -1.959  0.014
-0.771 -1.938  0.006
-0.777 -1.910 -0.023
-0.794 -1.969 -0.048
-0.804 -1.970 -0.069
-0.838 -1.994 -0.053
-0.856 -1.982  0.005
-0.902 -1.961  0.023
-0.859 -1.951  0.024
-0.746 -1.846  0.036
-0.724 -1.888 -0.032
-0.766 -1.911  0.013
-0.752 -1.877 -0.014
-0.807 -1.933 -0.021
-0.842 -1.946  0.035
-0.870 -1.976  0.089
-0.775 -1.887  0.093
-0.647 -1.799  0.144
-0.615 -1.813  0.063
-0.618 -1.796  0.103
-0.618 -1.752  0.100
-0.610 -1.698  0.129
-0.662 -1.779  0.116
-0.765 -1.846  0.114
-0.854 -1.899  0.079
-0.758 -1.904  0.037
-0.722 -1.895 -0.008
-0.734 -1.892  0.009
-0.730 -1.955  0.007
-0.794 -1.943  0.006
-0.836 -2.021 -0.038
-0.994 -2.109 -0.066
-1.048 -2.132  0.003
-1.059 -2.075 -0.027
-1.000 -2.076 -0.019
-0.917 -2.019 -0.036
-0.849 -1.984 -0.053
-0.817 -1.974 -0.097
-0.873 -2.005 -0.024
-0.899 -2.062  0.007
-0.931 -2.062  0.019
-0.864 -2.048  0.006
-0.802 -2.018 -0.023
-0.797 -1.961 -0.034
-0.771 -1.972 -0.057
-0.818 -1.966 -0.133
-0.862 -1.930 -0.016
-0.846 -1.926  0.012
-0.918 -1.943  0.048
-0.840 -1.952  0.012
-0.772 -1.889  0.034
-0.757 -1.918  0.057
-0.779 -1.963  0.033
-0.817 -2.063 -0.074
-0.863 -2.041 -0.040
-0.876 -2.023 -0.055
-0.957 -2.057  0.019
-0.880 -2.038  0.027
-0.777 -2.060  0.002
-0.780 -2.020 -0.024
-0.785 -2.053 -0.055
-0.819 -2.075 -0.051
-0.842 -2.138 -0.041
-0.919 -2.121 -0.019
-0.989 -2.164 -0.017
-0.925 -2.214 -0.060
-0.873 -2.163 -0.070
-0.886 -2.170 -0.126
-0.903 -2.249 -0.140
-0.905 -2.236 -0.147
-0.965 -2.283 -0.251
-1.146 -2.264 -0.185
-1.086 -2.269 -0.183
-1.058 -2.349 -0.216
-1.016 -2.383 -0.214
-1.044 -2.419 -0.258
-1.054 -2.397 -0.275
-1.051 -2.396 -0.280
-1.106 -2.460 -0.339
-1.144 -2.361 -0.210
-0.965 -2.309 -0.213
-0.893 -2.323 -0.307
-0.907 -2.277 -0.178
-0.857 -2.204 -0.188
-0.919 -2.255 -0.190
-0.973 -2.261 -0.187
-1.072 -2.324 -0.179
-1.098 -2.308 -0.124
-1.022 -2.289 -0.148
-0.961 -2.289 -0.179
-0.917 -2.243 -0.114
-0.843 -2.155 -0.106
-0.885 -2.259 -0.093
-0.907 -2.257 -0.101
-0.944 -2.300 -0.062
-0.972 -2.299  0.026
-0.936 -2.260  0.019
-0.858 -2.231  0.040
-0.802 -2.216  0.042
-0.773 -2.255  0.034
-0.790 -2.265 -0.016
-0.873 -2.222  0.028
-0.905 -2.230  0.095
-0.925 -2.308  0.079
-0.848 -2.335  0.056
-0.762 -2.253  0.039
-0.749 -2.293 -0.012
-0.724 -2.269 -0.007
-0.833 -2.331 -0.071
-0.887 -2.368 -0.072
-1.064 -2.510 -0.142
-1.114 -2.525 -0.104
-1.076 -2.474 -0.142
-1.022 -2.482 -0.239
-1.040 -2.479 -0.204
-1.004 -2.439 -0.266
-1.036 -2.455 -0.244
-1.014 -2.397 -0.234
-1.080 -2.442 -0.208
-1.139 -2.486 -0.180
-1.120 -2.499 -0.176
-1.042 -2.438 -0.200
-0.958 -2.420 -0.224
-0.903 -2.314 -0.188
-0.909 -2.360 -0.158
-0.892 -2.317 -0.150
-0.944 -2.293 -0.105
-1.014 -2.292 -0.076
-1.070 -2.347 -0.105
-0.996 -2.367 -0.275
-1.009 -2.251 -0.144
-0.956 -2.260 -0.109
-0.965 -2.297 -0.086
-0.988 -2.361 -0.106
-1.035 -2.374 -0.144
-1.050 -2.402 -0.106
-1.038 -2.380 -0.128
-0.949 -2.366 -0.181
-0.939 -2.303 -0.044
-0.870 -2.253 -0.035
-0.885 -2.282 -0.037
-0.879 -2.293 -0.018
-0.927 -2.241 -0.072
-1.023 -2.326 -0.086
-1.054 -2.368 -0.125
-1.108 -2.420 -0.113
-0.948 -2.367 -0.087
-0.968 -2.384 -0.124
-0.957 -2.373 -0.154
-0.942 -2.350 -0.171
-1.029 -2.432 -0.152
-1.128 -2.481 -0.162
-1.175 -2.493 -0.147
-1.115 -2.460 -0.155
-1.042 -2.405 -0.166
-1.030 -2.388 -0.141
-0.986 -2.340 -0.119
-0.937 -2.261 -0.134
-1.009 -2.331 -0.104
-1.100 -2.373 -0.105
-1.096 -2.381 -0.057
-1.051 -2.388 -0.058
-0.974 -2.321 -0.095
-0.929 -2.278 -0.102
-0.867 -2.260 -0.050
-0.883 -2.240 -0.043
-0.901 -2.293 -0.138
-0.972 -2.303 -0.048
-0.978 -2.321 -0.068
-0.961 -2.360 -0.169
-1.009 -2.211 -0.095
-0.942 -2.275 -0.121
-0.942 -2.357 -0.214
-1.006 -2.350 -0.091
-1.008 -2.336 -0.126
-1.102 -2.401 -0.098
-1.168 -2.451 -0.088
-1.185 -2.457 -0.124
-1.090 -2.432 -0.138
-1.024 -2.351 -0.112
-1.027 -2.385 -0.122
-1.025 -2.365 -0.088
-1.045 -2.374 -0.104
-1.126 -2.359 -0.093
-1.164 -2.351 -0.042
-1.126 -2.399 -0.042
-1.020 -2.406 -0.055
-0.960 -2.347 -0.082
-0.989 -2.461 -0.246
-1.096 -2.476 -0.190
-1.131 -2.482 -0.238
-1.255 -2.573 -0.197
-1.276 -2.535 -0.140
-1.235 -2.510 -0.158
-1.179 -2.517 -0.194
-1.131 -2.516 -0.204
-1.117 -2.462 -0.138
-1.114 -2.495 -0.154
-1.153 -2.529 -0.190
-1.217 -2.601 -0.233
-1.224 -2.548 -0.131
-1.055 -2.453 -0.138
-1.002 -2.438 -0.206
-1.056 -2.435 -0.122
-1.034 -2.439 -0.115
-1.057 -2.476 -0.107
-1.093 -2.425 -0.073
-1.116 -2.414 -0.058
-1.055 -2.447 -0.064
-0.989 -2.411 -0.062
-0.974 -2.347 -0.068
-0.979 -2.366 -0.045
-0.949 -2.386 -0.061
-1.016 -2.371  0.003
-1.028 -2.440  0.008
-0.964 -2.428  0.047
-0.971 -2.421  0.054
-1.002 -2.480 -0.019
-1.017 -2.482 -0.060
-1.082 -2.488 -0.126
-1.037 -2.499 -0.085
-1.027 -2.543 -0.082
-1.055 -2.513 -0.011
-0.995 -2.510 -0.025
-0.920 -2.549 -0.141
-0.912 -2.455 -0.006
-0.853 -2.481  0.008
-0.933 -2.493  0.028
-0.928 -2.508 -0.006
-1.018 -2.522 -0.054
-1.104 -2.639 -0.078
-1.139 -2.683 -0.094
-1.109 -2.728 -0.126
-1.037 -2.739 -0.138
-1.042 -2.745 -0.196
-1.001 -2.759 -0.211
-1.090 -2.828 -0.194
-1.166 -2.855 -0.153
-1.199 -2.886 -0.167
-1.142 -2.864 -0.185
-0.982 -2.801 -0.257
-1.005 -2.757 -0.082
-0.987 -2.681 -0.054
-1.013 -2.735 -0.082
-0.986 -2.695 -0.020
-0.977 -2.710  0.020
-1.033 -2.749  0.031
-1.054 -2.729  0.023
-1.048 -2.721 -0.019
-0.980 -2.699 -0.029
-0.986 -2.746 -0.141
-1.001 -2.726 -0.056
-0.969 -2.687 -0.013
-0.985 -2.685 -0.037
-1.023 -2.735 -0.049
-1.063 -2.796 -0.134
-1.124 -2.834 -0.037
-1.028 -2.769  0.006
-1.022 -2.768  0.016
-1.002 -2.741  0.009
-0.982 -2.701  0.024
-0.985 -2.708  0.015
-0.967 -2.677  0.016
-1.013 -2.690  0.042
-0.909 -2.590  0.118
-0.823 -2.529  0.148
-0.803 -2.536  0.127
-0.827 -2.531  0.074
-0.860 -2.576 -0.005
-0.950 -2.579 -0.003
-1.039 -2.633 -0.064
-1.155 -2.723 -0.079
-1.159 -2.676 -0.100
-1.120 -2.639 -0.085
-1.067 -2.648 -0.100
-1.055 -2.647 -0.144
-1.050 -2.713 -0.315
-1.108 -2.671 -0.219
-1.198 -2.691 -0.219
-1.262 -2.754 -0.217
-1.263 -2.758 -0.241
-1.186 -2.747 -0.303
-1.168 -2.717 -0.281
-1.124 -2.697 -0.306
-1.196 -2.722 -0.313
-1.175 -2.703 -0.300
-1.205 -2.708 -0.264
-1.186 -2.653 -0.179
-1.115 -2.638 -0.150
-1.023 -2.600 -0.232
-1.019 -2.569 -0.167
-0.970 -2.532 -0.136
-1.004 -2.565 -0.126
-1.020 -2.593 -0.127
-1.073 -2.580 -0.080
-1.102 -2.583 -0.083
-1.077 -2.581 -0.086
-1.045 -2.621 -0.207
-1.052 -2.547 -0.040
-1.025 -2.553 -0.082
-1.095 -2.634 -0.144
-1.108 -2.587 -0.175
-1.111 -2.565 -0.145
-1.139 -2.548 -0.092
-1.111 -2.527 -0.057
-1.055 -2.449 -0.033
-0.983 -2.385  0.004
-0.937 -2.362  0.009
-0.905 -2.327 -0.050
-0.996 -2.383 -0.007
-1.087 -2.434 -0.061
-1.167 -2.513 -0.128
-1.169 -2.552 -0.181
-1.088 -2.485 -0.175
-1.054 -2.486 -0.157
-1.007 -2.446 -0.101
-0.984 -2.464 -0.206
-1.131 -2.526 -0.175
-1.176 -2.530 -0.147
-1.210 -2.569 -0.125
-1.103 -2.461 -0.127
-1.102 -2.492 -0.137
-1.085 -2.470 -0.133
-1.087 -2.449 -0.120
-1.110 -2.506 -0.194
-1.171 -2.545 -0.155
-1.172 -2.541 -0.184
-1.207 -2.597 -0.240
-1.151 -2.522 -0.174
-1.064 -2.418 -0.112
-1.081 -2.491 -0.227
-1.119 -2.486 -0.161
-1.105 -2.504 -0.176
-1.166 -2.468 -0.096
-1.187 -2.471 -0.082
-1.129 -2.480 -0.146
-1.138 -2.509 -0.133
-1.105 -2.449 -0.122
-1.086 -2.416 -0.083
-1.125 -2.479 -0.046
-1.143 -2.492 -0.000
-1.162 -2.485  0.023
-1.095 -2.421  0.061
-1.035 -2.398  0.043
-1.031 -2.358  0.059
-0.986 -2.333  0.078
-0.988 -2.312  0.107
-1.052 -2.295  0.105
-1.049 -2.318  0.120
-1.001 -2.286  0.156
-0.925 -2.247  0.132
-0.898 -2.199  0.119
-0.882 -2.231  0.114
-0.929 -2.258  0.056
-0.993 -2.294  0.071
-1.053 -2.322  0.013
-1.101 -2.366 -0.112
-1.137 -2.351 -0.040
-1.048 -2.342 -0.075
-1.083 -2.375 -0.083
-1.156 -2.457 -0.115
-1.156 -2.427 -0.137
-1.233 -2.490 -0.148
-1.292 -2.509 -0.184
-1.305 -2.544 -0.202
-1.239 -2.538 -0.231
-1.236 -2.531 -0.257
-1.275 -2.588 -0.273
-1.282 -2.545 -0.273
-1.329 -2.592 -0.290
-1.365 -2.580 -0.268
-1.320 -2.602 -0.201
-1.217 -2.495 -0.189
-1.172 -2.513 -0.292
-1.198 -2.555 -0.246
-1.174 -2.500 -0.265
-1.181 -2.489 -0.213
-1.164 -2.493 -0.178
-1.176 -2.451 -0.101
-1.191 -2.456 -0.077
-1.172 -2.472 -0.070
-1.141 -2.474 -0.084
-1.101 -2.458 -0.054
-1.149 -2.482 -0.086
-1.192 -2.502 -0.111
-1.205 -2.514 -0.085
-1.199 -2.500 -0.069
-1.192 -2.520 -0.166
-1.139 -2.475 -0.032
-0.961 -2.302  0.027
-1.039 -2.399 -0.007
-1.044 -2.396 -0.009
-1.099 -2.401 -0.058
-1.129 -2.384 -0.026
-1.142 -2.400 -0.025
-1.208 -2.457 -0.008
-1.105 -2.390 -0.023
-1.073 -2.412 -0.053
-1.085 -2.427 -0.067
-1.099 -2.429 -0.080
-1.173 -2.470 -0.138
-1.261 -2.523 -0.168
-1.304 -2.572 -0.158
-1.321 -2.634 -0.229
-1.274 -2.597 -0.193
-1.210 -2.531 -0.208
-1.281 -2.618 -0.260
-1.293 -2.600 -0.286
-1.314 -2.640 -0.304
-1.354 -2.644 -0.290
-1.338 -2.609 -0.283
-1.403 -2.689 -0.229
-1.366 -2.765 -0.243
-1.271 -2.655 -0.212
-1.218 -2.628 -0.177
-1.181 -2.590 -0.154
-1.146 -2.631 -0.217
-1.151 -2.615 -0.157
-1.134 -2.564 -0.117
-1.163 -2.547 -0.111
-1.167 -2.553 -0.105
-1.235 -2.551 -0.060
-1.246 -2.610 -0.107
-1.228 -2.591 -0.168
-1.170 -2.539 -0.167
-1.161 -2.601 -0.181
-1.201 -2.646 -0.218
-1.187 -2.623 -0.243
-1.165 -2.676 -0.259
-1.168 -2.688 -0.206
-1.158 -2.602 -0.164
-1.148 -2.577 -0.099
-1.093 -2.559 -0.070
-0.979 -2.396 -0.077
-0.997 -2.446 -0.064
-1.002 -2.480 -0.072
-1.020 -2.484 -0.050
-1.079 -2.544 -0.092
-1.123 -2.551 -0.051
-1.211 -2.615 -0.139
-1.197 -2.631 -0.117
-1.110 -2.573 -0.185
-1.193 -2.687 -0.210
-1.196 -2.652 -0.258
-1.228 -2.646 -0.269
-1.307 -2.747 -0.292
-1.362 -2.808 -0.278
-1.372 -2.828 -0.322
-1.363 -2.763 -0.270
-1.234 -2.665 -0.236
-1.250 -2.640 -0.204
-1.265 -2.685 -0.227
-1.248 -2.658 -0.223
-1.270 -2.676 -0.216
-1.211 -2.608 -0.138
-1.179 -2.603 -0.107
-1.142 -2.518 -0.067
-1.094 -2.529 -0.139
-1.134 -2.534 -0.159
-1.104 -2.564 -0.105
-1.118 -2.535 -0.121
-1.095 -2.515 -0.048
-1.141 -2.560 -0.107
-1.115 -2.602 -0.216
-1.119 -2.524 -0.061
-1.056 -2.472 -0.061
-1.119 -2.564 -0.101
-1.169 -2.642 -0.168
-1.194 -2.665 -0.188
-1.213 -2.616 -0.180
-1.206 -2.633 -0.126
-1.181 -2.583 -0.137
-1.093 -2.479 -0.072
-1.029 -2.403 -0.073
-0.974 -2.453 -0.177
-1.014 -2.472 -0.041
-1.006 -2.475 -0.032
-1.060 -2.511 -0.036
-1.131 -2.546 -0.066
-1.212 -2.599 -0.085
-1.131 -2.624 -0.106
-1.050 -2.598 -0.108
-1.062 -2.587 -0.240
-1.119 -2.622 -0.146
-1.129 -2.689 -0.151
-1.252 -2.809 -0.164
-1.309 -2.770 -0.158
-1.352 -2.816 -0.156
-1.295 -2.798 -0.212
-1.225 -2.834 -0.255
-1.253 -2.788 -0.251
-1.252 -2.810 -0.251
-1.257 -2.786 -0.222
-1.307 -2.827 -0.180
-1.307 -2.849 -0.144
-1.291 -2.819 -0.179
-1.242 -2.819 -0.173
-1.207 -2.789 -0.156
-1.202 -2.881 -0.162
-1.223 -2.765 -0.158
-1.256 -2.819 -0.129
-1.273 -2.895 -0.113
-1.290 -2.926 -0.136
-1.247 -2.842 -0.153
-1.233 -2.854 -0.117
-1.243 -2.884 -0.123
-1.217 -2.864 -0.082
-1.241 -2.853 -0.049
-1.292 -2.858 -0.082
-1.301 -2.811 -0.021
-1.168 -2.728  0.039
-1.137 -2.690  0.018
-1.130 -2.678  0.037
-1.077 -2.716  0.010
-1.125 -2.766 -0.105
-1.242 -2.766  0.027
-1.123 -2.687  0.024
-1.104 -2.702  0.034
-1.058 -2.698 -0.031
-1.036 -2.674 -0.044
-1.033 -2.688 -0.018
-1.019 -2.714 -0.042
-0.551 -2.444  0.189
 1.399 -1.486  1.048
-0.019 -1.999  0.691
-0.405 -1.944  0.837
-0.002 -1.513  1.438
 0.454 -1.144  2.240
 1.110 -0.611  3.140
 2.329  0.456  4.540
 3.288  1.415  5.926
 2.703  1.301  6.291
 2.007  1.085  6.271
 1.188  0.777  6.134
 1.259  0.453  6.217
 0.980  0.462  6.363
 0.870  0.454  6.354
 0.768  0.208  6.133
 0.595 -0.067  5.704
 0.525 -0.136  5.554
 0.502 -0.113  5.520
 0.509 -0.038  5.418
 0.370 -0.051  5.137
 0.153 -0.237  4.713
 0.146 -0.319  4.259
 0.041 -0.469  3.824
-0.299 -0.731  3.270
-0.534 -0.942  2.816
-0.616 -0.927  2.689
 0.031 -0.289  3.397
 1.054  0.056  4.237
 1.349 -0.301  3.053
 1.420  0.179  2.991
 1.672  0.667  3.180
 1.904  0.705  3.138
 1.994  0.678  3.286
 2.100  0.711  3.195
 2.095  0.690  3.094
 2.026  0.675  2.926
 2.008  0.566  2.767
 2.059  0.560  2.614
 1.983  0.428  2.429
 1.922  0.339  2.204
 1.966  0.252  1.992
 2.025  0.197  1.812
 2.073  0.173  1.675
 2.005  0.088  1.470
 2.014  0.045  1.300
 2.002  0.003  1.101
 2.052  0.003  0.934
 2.353  0.403  1.280
 3.274  1.067  2.249
 3.416  1.086  2.337
 3.216  1.178  2.355
 3.251  1.269  2.251
 3.168  1.319  2.057
 3.003  1.214  1.828
 2.881  1.195  1.596
 2.838  1.199  1.367
 2.669  1.090  1.144
 2.560  1.077  0.983
 2.376  0.956  0.763
 2.255  0.845  0.531
 2.314  0.922  0.417
 2.398  1.072  0.400
 2.332  1.122  0.371
 2.232  1.110  0.261
 2.103  0.974  0.097
 2.004  0.822 -0.128
 1.805  0.642 -0.385
 1.637  0.486 -0.594
 1.521  0.386 -0.819
 1.282  0.216 -1.037
 1.110  0.119 -1.137
 1.001  0.111 -1.244
 1.014  0.336 -1.172
 1.122  0.607 -1.019
 1.049  0.447 -0.978
 0.911  0.369 -1.043
 0.722  0.259 -1.184
 0.511  0.049 -1.517
 0.210 -0.114 -1.596
 0.132 -0.205 -1.817
 0.011 -0.408 -2.094
-0.106 -0.521 -2.113
-0.165 -0.622 -2.227
-0.272 -0.716 -2.375
-0.368 -0.705 -2.243
-0.431 -0.726 -2.211
-0.553 -0.802 -2.247
-0.588 -0.869 -2.305
-0.679 -0.951 -2.391
-0.811 -1.032 -2.487
-0.870 -1.094 -2.529
-0.894 -1.146 -2.528
-0.881 -1.141 -2.517
-0.941 -1.219 -2.509
-0.977 -1.270 -2.457
-0.932 -1.265 -2.448
-1.045 -1.357 -2.497
-1.082 -1.363 -2.398
-1.069 -1.364 -2.387
-1.017 -1.355 -2.413
-1.000 -1.382 -2.453
-0.997 -1.393 -2.460
-1.050 -1.442 -2.528
-1.058 -1.396 -2.530
-1.065 -1.143 -2.314
-1.037 -0.936 -2.098
-1.036 -0.781 -2.014
-1.106 -0.758 -1.952
-1.241 -0.875 -2.004
-1.286 -0.970 -2.091
-1.384 -1.083 -2.147
-1.392 -1.132 -2.144
-1.365 -1.174 -2.136
-1.411 -1.232 -2.159
-1.404 -1.319 -2.236
-1.373 -1.338 -2.117
-1.246 -1.311 -2.059
-1.212 -1.350 -2.121
-1.205 -1.349 -2.016
-1.205 -1.371 -2.024
-1.237 -1.399 -2.026
-1.293 -1.462 -2.005
-1.378 -1.516 -1.997
-1.334 -1.485 -1.965
-1.252 -1.474 -1.921
-1.252 -1.481 -1.935
-1.230 -1.465 -1.906
-1.218 -1.485 -1.906
-1.206 -1.534 -2.009
-1.301 -1.562 -1.900
-1.292 -1.558 -1.854
-1.278 -1.572 -1.883
-1.216 -1.544 -1.818
-1.135 -1.507 -1.764
-1.110 -1.516 -1.788
-1.217 -1.567 -1.684
-1.239 -1.545 -1.672
-1.265 -1.564 -1.648
-1.237 -1.550 -1.603
-1.153 -1.532 -1.554
-1.047 -1.444 -1.480
-1.045 -1.454 -1.452
-1.062 -1.433 -1.423
-1.092 -1.435 -1.396
-1.086 -1.449 -1.366
-1.128 -1.485 -1.293
-1.146 -1.492 -1.262
-1.037 -1.395 -1.180
-0.964 -1.394 -1.212
-1.031 -1.385 -1.086
-0.967 -1.350 -1.039
-0.956 -1.371 -1.106
-0.979 -1.332 -0.950
-0.920 -1.279 -0.857
-0.966 -1.315 -0.824
-0.998 -1.309 -0.849
-0.937 -1.263 -0.800
-0.831 -1.199 -0.718
-0.755 -1.153 -0.631
-0.738 -1.139 -0.571
-0.777 -1.176 -0.572
-0.826 -1.172 -0.547
-0.763 -1.207 -0.549
-0.744 -1.247 -0.581
-0.759 -1.282 -0.558
-0.720 -1.296 -0.522
-0.727 -1.312 -0.482
-0.729 -1.338 -0.455
-0.745 -1.362 -0.449
-0.789 -1.403 -0.431
-0.856 -1.420 -0.436
-0.843 -1.472 -0.429
-0.890 -1.534 -0.471
-0.843 -1.552 -0.423
-0.824 -1.557 -0.409
-0.845 -1.585 -0.424
-0.854 -1.569 -0.388
-0.848 -1.561 -0.344
-0.898 -1.602 -0.310
-0.891 -1.611 -0.244
-0.769 -1.537 -0.213
-0.673 -1.464 -0.147
-0.662 -1.493 -0.127
-0.633 -1.462 -0.106
-0.632 -1.471 -0.104
-0.623 -1.465 -0.067
-0.616 -1.453 -0.039
-0.586 -1.445 -0.049
-0.570 -1.402 -0.052
-0.516 -1.399 -0.008
-0.535 -1.416 -0.009
-0.527 -1.341  0.104
-0.514 -1.344  0.122
-0.570 -1.328  0.118
-0.602 -1.334  0.113
-0.575 -1.350  0.105
-0.542 -1.368  0.098
-0.510 -1.376  0.072
-0.476 -1.365  0.075
-0.509 -1.393  0.095
-0.486 -1.361  0.152
-0.518 -1.332  0.182
-0.511 -1.332  0.223
-0.412 -1.293  0.247
-0.419 -1.283  0.226
-0.437 -1.324  0.188
-0.445 -1.328  0.177
-0.489 -1.310  0.169
-0.537 -1.344  0.188
-0.541 -1.392  0.177
-0.519 -1.391  0.130
-0.487 -1.417  0.101
-0.497 -1.428  0.085
-0.543 -1.426  0.031
-0.561 -1.431  0.035
-0.540 -1.442  0.059
-0.599 -1.513  0.075
-0.606 -1.512  0.147
-0.587 -1.496  0.093
-0.555 -1.460  0.057
-0.516 -1.430  0.057
-0.487 -1.390  0.111
-0.534 -1.408  0.051
-0.579 -1.414  0.070
-0.604 -1.431  0.069
-0.602 -1.400  0.110
-0.542 -1.402  0.119
-0.473 -1.343  0.127
-0.419 -1.322  0.169
-0.461 -1.328  0.163
-0.481 -1.327  0.154
-0.489 -1.306  0.190
-0.474 -1.237  0.222
-0.491 -1.226  0.223
-0.496 -1.252  0.265
-0.463 -1.269  0.220
-0.408 -1.244  0.216
-0.460 -1.257  0.229
-0.475 -1.315  0.188
-0.426 -1.276  0.189
-0.426 -1.294  0.261
-0.401 -1.272  0.306
-0.314 -1.278  0.247
-0.311 -1.341  0.075
-0.372 -1.350  0.156
-0.380 -1.370  0.115
-0.382 -1.470  0.008
-0.470 -1.496  0.122
-0.469 -1.460  0.114
-0.456 -1.467  0.027
-0.525 -1.583  0.050
-0.455 -1.581 -0.003
-0.491 -1.629 -0.021
-0.471 -1.613 -0.023
-0.519 -1.668 -0.041
-0.596 -1.778 -0.059
-0.669 -1.812 -0.053
-0.689 -1.858 -0.072
-0.643 -1.901 -0.117
-0.612 -1.909 -0.124
-0.609 -1.898 -0.107
-0.580 -1.866 -0.064
-0.616 -1.864 -0.080
-0.662 -1.899 -0.051
-0.689 -1.904 -0.066
-0.649 -1.881 -0.037
-0.614 -1.860 -0.046
-0.560 -1.858 -0.012
-0.550 -1.839  0.019
-0.517 -1.715  0.105
-0.495 -1.693  0.171
-0.527 -1.714  0.188
-0.623 -1.743  0.121
-0.628 -1.784  0.092
-0.623 -1.781  0.044
-0.626 -1.757 -0.010
-0.627 -1.774 -0.020
-0.619 -1.726 -0.000
-0.629 -1.787 -0.132
-0.701 -1.717 -0.016
-0.644 -1.712 -0.033
-0.619 -1.730 -0.104
-0.630 -1.748 -0.052
-0.627 -1.738 -0.046
-0.670 -1.815 -0.170
-0.708 -1.773 -0.042
-0.755 -1.805 -0.100
-0.827 -1.823 -0.169
-0.789 -1.794 -0.097
-0.749 -1.801 -0.132
-0.768 -1.840 -0.167
-0.793 -1.784 -0.156
-0.791 -1.789 -0.161
-0.855 -1.886 -0.244
-0.902 -1.886 -0.124
-0.808 -1.834 -0.159
-0.827 -1.833 -0.219
-0.824 -1.849 -0.177
-0.779 -1.801 -0.149
-0.739 -1.789 -0.243
-0.815 -1.794 -0.144
-0.837 -1.813 -0.050
-0.836 -1.805 -0.016
-0.807 -1.836 -0.059
-0.762 -1.817 -0.096
-0.746 -1.854 -0.101
-0.747 -1.832 -0.063
-0.777 -1.836 -0.062
-0.823 -1.895 -0.066
-0.897 -1.924 -0.061
-0.905 -1.909  0.006
-0.852 -1.913 -0.041
-0.804 -1.914 -0.037
-0.818 -1.965 -0.164
-0.822 -1.997 -0.100
-0.803 -1.978 -0.102
-0.826 -2.034 -0.046
-0.799 -1.984  0.011
-0.699 -1.928  0.025
-0.600 -1.927 -0.001
-0.622 -1.952  0.010
-0.629 -1.968 -0.039
-0.688 -1.972  0.012
-0.724 -1.971  0.001
-0.757 -2.017 -0.056
-0.876 -2.014 -0.023
-0.772 -2.015 -0.095
-0.797 -2.064 -0.205
-0.775 -2.093 -0.139
-0.668 -2.039 -0.068
-0.743 -2.086 -0.067
-0.818 -2.107 -0.049
-0.845 -2.119 -0.043
-0.739 -2.076 -0.140
-0.742 -2.054 -0.008
-0.634 -2.005  0.015
-0.649 -2.063 -0.096
-0.716 -2.067 -0.005
-0.756 -2.043 -0.004
-0.769 -2.090 -0.116
-0.819 -2.051  0.028
-0.684 -2.049 -0.028
-0.689 -2.031 -0.066
-0.670 -2.038 -0.040
-0.640 -2.007 -0.031
-0.636 -2.058 -0.156
-0.790 -2.108 -0.061
-0.741 -2.064 -0.057
-0.710 -2.071 -0.080
-0.642 -2.036 -0.013
-0.599 -2.069 -0.000
-0.623 -2.065 -0.030
-0.640 -2.103 -0.014
-0.585 -2.072  0.038
-0.580 -2.083 -0.041
-0.674 -2.108  0.096
-0.523 -2.052  0.100
-0.491 -2.031  0.108
-0.490 -2.024  0.099
-0.457 -1.980  0.104
-0.478 -2.075 -0.091
-0.564 -2.141  0.010
-0.623 -2.202 -0.069
-0.609 -2.235 -0.096
-0.568 -2.210 -0.073
-0.602 -2.198 -0.050
-0.729 -2.276 -0.110
-0.790 -2.252 -0.134
-0.836 -2.298 -0.130
-0.870 -2.320 -0.080
-0.870 -2.337 -0.037
-0.785 -2.272 -0.045
-0.758 -2.253 -0.057
-0.764 -2.252 -0.082
-0.760 -2.187 -0.065
-0.804 -2.234 -0.079
-0.911 -2.326 -0.077
-0.975 -2.371 -0.079
-0.879 -2.302 -0.116
-0.852 -2.361 -0.267
-0.845 -2.314 -0.133
-0.807 -2.307 -0.132
-0.793 -2.329 -0.156
-0.835 -2.363 -0.160
-0.824 -2.318 -0.123
-0.858 -2.341 -0.126
-0.817 -2.336 -0.142
-0.808 -2.323 -0.121
-0.887 -2.355 -0.158
-0.849 -2.300 -0.119
-0.848 -2.331 -0.040
-0.900 -2.339 -0.031
-0.857 -2.336 -0.053
-0.726 -2.292 -0.010
-0.739 -2.304 -0.069
-0.695 -2.283 -0.011
-0.661 -2.248  0.015
-0.650 -2.229  0.059
-0.698 -2.292  0.065
-0.655 -2.287  0.069
-0.519 -2.180  0.094
-0.502 -2.211 -0.035
-0.572 -2.239  0.054
-0.525 -2.204  0.050
-0.665 -2.251  0.059
-0.835 -2.349  0.001
-0.799 -2.366 -0.055
-0.768 -2.381 -0.160
-0.788 -2.353 -0.094
-0.743 -2.302 -0.094
-0.809 -2.339 -0.066
-0.838 -2.419 -0.095
-0.912 -2.426 -0.105
-0.972 -2.427 -0.069
-0.935 -2.437 -0.153
-0.856 -2.392 -0.142
-0.816 -2.372 -0.176
-0.870 -2.388 -0.111
-0.884 -2.418 -0.128
-0.906 -2.461 -0.133
-0.905 -2.446 -0.065
-0.819 -2.375  0.002
-0.745 -2.363 -0.019
-0.695 -2.334  0.017
-0.714 -2.367  0.023
-0.710 -2.381 -0.002
-0.652 -2.324 -0.053
-0.761 -2.343 -0.047
-0.786 -2.368 -0.016
-0.779 -2.400 -0.085
-0.809 -2.410 -0.143
-0.729 -2.325 -0.042
-0.744 -2.317 -0.006
-0.670 -2.274  0.079
-0.672 -2.247  0.103
-0.707 -2.254  0.111
-0.765 -2.259  0.105
-0.744 -2.282  0.106
-0.716 -2.231  0.066
-0.716 -2.220  0.082
-0.673 -2.188  0.048
-0.743 -2.251  0.033
-0.710 -2.243  0.063
-0.726 -2.261  0.077
-0.775 -2.276  0.055
-0.727 -2.252  0.064
-0.623 -2.239  0.109
-0.641 -2.263  0.069
-0.635 -2.232  0.072
-0.667 -2.282  0.062
-0.695 -2.351  0.013
-0.715 -2.358  0.009
-0.773 -2.458 -0.151
-0.915 -2.497 -0.060
-0.813 -2.469 -0.092
-0.831 -2.492 -0.087
-0.794 -2.467 -0.045
-0.813 -2.443 -0.053
-0.839 -2.476 -0.096
-0.887 -2.447 -0.107
-0.986 -2.511 -0.203
-1.004 -2.486 -0.161
-0.921 -2.438 -0.217
-0.860 -2.405 -0.302
-0.891 -2.398 -0.142
-0.944 -2.369 -0.159
-0.902 -2.409 -0.139
-0.832 -2.359 -0.038
-0.902 -2.376  0.082
-0.926 -2.316  0.213
-0.917 -2.265  0.261
-0.836 -2.209  0.306
-0.787 -2.151  0.353
-0.904 -2.224  0.280
-0.911 -2.255  0.283
-0.908 -2.291  0.221
-0.988 -2.358  0.185
-1.079 -2.439  0.132
-1.037 -2.370  0.118
-0.996 -2.402  0.124
-0.933 -2.419  0.135
-0.934 -2.427  0.159
-0.919 -2.420  0.152
-0.882 -2.634  0.147
-0.870 -2.888  0.047
-0.982 -3.084  0.082
-0.932 -3.188  0.060
-0.906 -3.266  0.122
-0.874 -3.344  0.105
-0.900 -3.423  0.084
-0.934 -3.528  0.051
-0.925 -3.648  0.033
-0.921 -3.788 -0.125
-1.065 -3.949 -0.076
-1.127 -4.028 -0.105
-1.155 -4.120 -0.129
-1.095 -4.170 -0.138
-1.075 -4.263 -0.148
-1.040 -4.276 -0.140
-1.029 -4.349 -0.135
-1.015 -4.424 -0.282
-1.129 -4.481 -0.155
-1.158 -4.509 -0.133
-1.169 -4.622 -0.158
-1.090 -4.592 -0.181
-1.086 -4.557 -0.199
-1.105 -4.568 -0.223
-1.081 -4.557 -0.200
-1.108 -4.541 -0.197
-1.174 -4.599 -0.159
-1.172 -4.913 -0.134
-1.167 -5.090 -0.126
-1.145 -5.232 -0.201
-1.161 -5.327 -0.242
-1.171 -5.474 -0.263
-1.173 -5.490 -0.281
-1.182 -5.505 -0.383
-1.264 -5.474 -0.251
-1.171 -5.362 -0.157
-1.224 -5.403 -0.141
-1.156 -5.394 -0.114
-1.096 -5.330 -0.078
-1.151 -5.336 -0.127
-1.135 -5.324 -0.104
-1.206 -5.384 -0.181
-1.205 -5.393 -0.150
-1.127 -5.268 -0.094
-1.052 -5.205 -0.162
-1.043 -5.158 -0.027
-1.034 -5.091 -0.055
-1.058 -5.115 -0.046
-1.030 -5.078 -0.023
-1.050 -5.085 -0.014
-1.049 -5.066  0.014
-1.015 -5.006  0.010
-1.024 -5.033 -0.074
-0.999 -5.018  0.044
-0.947 -4.943  0.045
-1.012 -5.017  0.003
-1.019 -5.001 -0.025
-1.054 -5.050 -0.061
-1.126 -5.059 -0.101
-1.196 -5.060 -0.139
-1.205 -5.045 -0.155
-1.144 -4.880 -0.161
-1.138 -4.888 -0.183
-1.197 -4.872 -0.235
-1.218 -4.874 -0.264
-1.214 -4.851 -0.264
-1.340 -4.895 -0.278
-1.376 -4.817 -0.248
-1.373 -4.741 -0.279
-1.314 -4.637 -0.267
-1.232 -4.507 -0.222
-1.226 -4.418 -0.231
-1.213 -4.352 -0.225
-1.147 -4.252 -0.230
-1.253 -4.262 -0.186
-1.276 -4.296 -0.145
-1.270 -4.333 -0.160
-1.248 -4.322 -0.210
-1.214 -4.258 -0.218
-1.234 -4.250 -0.217
-1.212 -4.288 -0.205
-1.242 -4.260 -0.195
-1.256 -4.227 -0.158
-1.317 -4.217 -0.148
-1.322 -4.150 -0.153
-1.347 -4.193 -0.346
-1.379 -4.139 -0.220
-1.361 -4.114 -0.212
-1.369 -4.056 -0.199
-1.345 -3.926 -0.204
-1.272 -3.959 -0.288
-1.347 -3.886 -0.157
-1.299 -3.713 -0.089
-1.249 -3.688 -0.065
-1.183 -3.639 -0.046
-1.194 -3.691 -0.081
-1.167 -3.670 -0.069
-1.121 -3.615 -0.049
-1.149 -3.675 -0.104
-1.207 -3.668 -0.032
-1.263 -3.687 -0.175
-1.233 -3.641 -0.100
-1.189 -3.602 -0.122
-1.191 -3.560 -0.114
-1.201 -3.582 -0.114
-1.244 -3.564 -0.129
-1.275 -3.633 -0.296
-1.366 -3.647 -0.164
-1.373 -3.623 -0.205
-1.340 -3.612 -0.192
-1.337 -3.628 -0.214
-1.359 -3.618 -0.221
-1.377 -3.630 -0.239
-1.358 -3.667 -0.279
-1.436 -3.742 -0.271
-1.470 -3.814 -0.260
-1.490 -3.836 -0.258
-1.440 -3.819 -0.167
-1.271 -3.747 -0.173
-1.267 -3.820 -0.171
-1.252 -3.831 -0.180
-1.256 -3.804 -0.190
-1.242 -3.776 -0.152
-1.195 -3.766 -0.096
-1.276 -3.821 -0.068
-1.270 -3.809 -0.034
-1.200 -3.739  0.039
-1.209 -3.754  0.003
-1.201 -3.738 -0.012
-1.210 -3.753 -0.062
-1.231 -3.785 -0.128
-1.224 -3.794 -0.152
-1.177 -3.792 -0.197
-1.253 -3.775 -0.101
-1.182 -3.738 -0.015
-1.170 -3.737  0.014
-1.110 -3.736  0.026
-1.099 -3.726 -0.003
-1.114 -3.723 -0.024
-1.120 -3.713 -0.021
-1.172 -3.746 -0.055
-1.231 -3.730 -0.050
-1.206 -3.754 -0.045
-1.243 -3.809 -0.185
-1.269 -3.817 -0.104
-1.189 -3.743 -0.102
-1.151 -3.705 -0.151
-1.207 -3.719 -0.081
-1.191 -3.697 -0.084
-1.305 -3.752 -0.122
-1.362 -3.763 -0.132
-1.398 -3.756 -0.135
-1.393 -3.768 -0.171
-1.335 -3.677 -0.170
-1.318 -3.751 -0.231
-1.293 -3.738 -0.175
-1.245 -3.681 -0.166
-1.293 -3.729 -0.179
-1.311 -3.670 -0.146
-1.313 -3.696 -0.130
-1.305 -3.663 -0.081
-1.218 -3.645 -0.108
-1.240 -3.610 -0.075
-1.214 -3.618 -0.079
-1.204 -3.620 -0.094
-1.129 -3.574 -0.048
-1.177 -3.631 -0.017
-1.180 -3.781  0.012
-1.196 -3.883  0.130
-1.005 -3.880  0.236
-0.952 -3.982  0.101
-0.977 -4.046  0.216
-1.003 -4.143  0.166
-0.998 -4.170  0.210
-1.008 -4.212  0.218
-1.100 -4.289  0.174
-1.142 -4.344  0.173
-1.103 -4.397  0.154
-1.002 -4.371  0.007
-1.042 -4.404  0.099
-1.072 -4.467  0.047
-1.079 -4.480  0.028
-1.047 -4.445  0.004
-1.100 -4.475  0.011
-1.111 -4.492 -0.036
-1.104 -4.497 -0.082
-1.087 -4.541 -0.139
-1.075 -4.543 -0.167
-1.089 -4.535 -0.238
-1.123 -4.584 -0.184
-1.145 -4.615 -0.223
-1.210 -4.597 -0.215
-1.256 -4.629 -0.238
-1.317 -4.652 -0.246
-1.289 -4.616 -0.261
-1.186 -4.586 -0.266
-1.137 -4.618 -0.392
-1.210 -4.597 -0.277
-1.228 -4.552 -0.284
-1.235 -4.586 -0.263
-1.213 -4.502 -0.151
-1.205 -4.455 -0.244
-1.271 -4.359 -0.090
-1.232 -4.385 -0.107
-1.267 -4.335 -0.103
-1.259 -4.282 -0.074
-1.199 -4.259 -0.170
-1.279 -4.284 -0.086
-1.305 -4.331 -0.092
-1.325 -4.348 -0.106
-1.300 -4.347 -0.120
-1.279 -4.340 -0.120
-1.328 -4.412 -0.128
-1.264 -4.370 -0.111
-1.261 -4.416 -0.110
-1.282 -4.443 -0.112
-1.288 -4.444 -0.107
-1.297 -4.468 -0.104
-1.264 -4.458 -0.121
-1.342 -4.470 -0.110
-1.370 -4.460 -0.111
-1.391 -4.469 -0.085
-1.342 -4.402 -0.119
-1.273 -4.293 -0.153
-1.243 -4.307 -0.272
-1.313 -4.272 -0.158
-1.312 -4.218 -0.168
-1.332 -4.173 -0.170
-1.351 -4.170 -0.136
-1.379 -4.140 -0.100
-1.352 -4.078 -0.027
-1.237 -3.951 -0.067
-1.223 -3.949 -0.213
-1.327 -3.949 -0.194
-1.330 -3.947 -0.224
-1.377 -3.910 -0.210
-1.417 -3.869 -0.183
-1.472 -3.874 -0.190
-1.456 -3.833 -0.195
-1.377 -3.776 -0.215
-1.365 -3.727 -0.194
-1.425 -3.738 -0.180
-1.428 -3.678 -0.169
-1.427 -3.649 -0.100
-1.378 -3.582 -0.002
-1.312 -3.502  0.039
-1.243 -3.448  0.042
-1.169 -3.381  0.009
-1.151 -3.352 -0.028
-1.153 -3.342 -0.002
-1.066 -3.256  0.056
-1.116 -3.248  0.132
-1.145 -3.199  0.189
-1.206 -3.180  0.165
-1.194 -3.170  0.151
-1.116 -3.150  0.168
-1.099 -3.136  0.135
-1.075 -3.102  0.123
-1.007 -3.010  0.137
-1.049 -3.038  0.168
-1.111 -3.100  0.166
-1.139 -3.178  0.169
-1.101 -3.238  0.113
-1.046 -3.273  0.132
-1.039 -3.364  0.056
-1.046 -3.466  0.085
-1.052 -3.475  0.026
-1.086 -3.526  0.044
-1.120 -3.537  0.043
-1.162 -3.570  0.024
-1.096 -3.540 -0.007
-1.009 -3.472  0.034
-1.005 -3.531 -0.100
-1.075 -3.538 -0.036
-1.106 -3.570 -0.076
-1.184 -3.632 -0.113
-1.261 -3.674 -0.137
-1.281 -3.734 -0.135
-1.266 -3.763 -0.200
-1.208 -3.721 -0.215
-1.204 -3.783 -0.311
-1.232 -3.815 -0.252
-1.242 -3.810 -0.255
-1.261 -3.795 -0.211
-1.261 -3.790 -0.170
-1.244 -3.801 -0.190
-1.221 -3.807 -0.225
-1.159 -3.749 -0.221
-1.111 -3.717 -0.310
-1.153 -3.688 -0.188
-1.161 -3.653 -0.161
-1.183 -3.650 -0.117
-1.190 -3.637 -0.127
-1.165 -3.990 -0.164
-1.091 -4.194 -0.173
-1.095 -4.338 -0.175
-1.086 -4.444 -0.131
-1.103 -4.508 -0.124
-1.039 -4.508 -0.032
-1.162 -4.564  0.025
-1.163 -4.650 -0.030
-1.129 -4.714 -0.037
-1.140 -4.757 -0.074
-1.162 -4.744 -0.084
-1.195 -4.808 -0.102
-1.208 -4.791 -0.086
-1.213 -4.817 -0.073
-1.244 -4.847 -0.152
-1.230 -4.796 -0.027
-1.164 -4.816 -0.062
-1.200 -4.845 -0.050
-1.200 -4.822 -0.054
-1.244 -4.914 -0.097
-1.293 -4.918 -0.070
-1.346 -4.955 -0.098
-1.394 -4.982 -0.137
-1.367 -4.985 -0.185
-1.322 -4.990 -0.207
-1.343 -4.985 -0.281
-1.348 -4.916 -0.182
-1.320 -4.853 -0.176
-1.385 -4.970 -0.161
-1.408 -4.975 -0.143
-1.372 -4.977 -0.161
-1.345 -4.992 -0.174
-1.322 -4.951 -0.144
-1.344 -4.959 -0.175
-1.337 -4.988 -0.143
-1.236 -4.923 -0.135
-1.319 -5.031 -0.135
-1.325 -4.990 -0.104
-1.295 -4.977 -0.080
-1.285 -5.043 -0.100
-1.316 -5.056 -0.154
-1.366 -5.063 -0.193
-1.401 -5.163 -0.205
-1.358 -5.105 -0.175
-1.410 -5.114 -0.079
-1.421 -5.083 -0.016
-1.413 -5.060 -0.044
-1.362 -5.024 -0.069
-1.337 -4.946 -0.039
-1.346 -4.962 -0.064
-1.327 -4.987 -0.076
-1.322 -4.973 -0.091
-1.300 -5.012 -0.194
-1.331 -5.057 -0.011
-1.279 -4.999 -0.025
-1.273 -5.033 -0.017
-1.254 -4.995  0.033
-1.296 -5.051  0.009
-1.301 -5.081 -0.037
-1.288 -5.040 -0.033
-1.363 -5.081 -0.009
-1.390 -5.153 -0.090
-1.327 -5.115 -0.100
-1.344 -5.186 -0.118
-1.339 -5.134 -0.077
-1.369 -5.165 -0.077
-1.421 -5.167 -0.078
-1.476 -5.148 -0.042
-1.481 -5.171 -0.033
-1.452 -5.172 -0.069
-1.410 -5.149 -0.085
-1.420 -5.206 -0.111
-1.411 -5.208 -0.104
-1.355 -5.160 -0.099
-1.309 -5.115 -0.094
-1.388 -5.147  0.021
-1.319 -5.127 -0.065
-1.309 -5.196 -0.107
-1.329 -5.193 -0.075
-1.337 -5.208 -0.126
-1.391 -5.282 -0.119
-1.357 -5.206 -0.088
-1.315 -5.062 -0.016
-1.344 -5.056 -0.005
-1.276 -5.134 -0.048
-1.231 -5.099 -0.013
-1.191 -5.009  0.048
-1.230 -5.104  0.041
-1.240 -5.074  0.087
-1.253 -5.126  0.084
-1.224 -5.116  0.085
-1.209 -5.029  0.064
-1.190 -5.095  0.062
-1.182 -5.101  0.038
-1.182 -5.159  0.029
-1.176 -5.103  0.060
-1.135 -5.019  0.106
-1.204 -5.121  0.081
-1.208 -5.099  0.122
-1.182 -5.032  0.074
-1.214 -5.109  0.011
-1.234 -5.115  0.039
-1.226 -5.029  0.015
-1.232 -5.157 -0.083
-1.282 -5.131  0.033
-1.167 -5.075  0.005
-1.139 -5.106 -0.110
-1.241 -5.167 -0.035
-1.233 -5.180 -0.066
-1.311 -5.253 -0.048
-1.338 -5.270 -0.066
-1.300 -5.173 -0.039
-1.257 -5.203 -0.021
-1.218 -5.214 -0.043
-1.203 -5.243 -0.039
-1.213 -5.254 -0.064
-1.212 -5.222 -0.041
-1.275 -5.262 -0.015
-1.249 -5.191  0.037
-1.262 -5.175 -0.008
-1.263 -5.258 -0.080
-1.250 -5.324 -0.118
-1.215 -5.309 -0.104
-1.206 -5.354 -0.145
-1.257 -5.315 -0.084
-1.280 -5.349 -0.129
-1.286 -5.316 -0.142
-1.306 -5.364 -0.029
-1.223 -5.260 -0.015
-1.246 -5.320 -0.090
-1.300 -5.288  0.017
-1.250 -5.254  0.040
-1.289 -5.363 -0.085
-1.348 -5.369  0.015
-1.292 -5.273 -0.026
-1.250 -5.278 -0.115
-1.255 -5.259 -0.034
-1.201 -5.215 -0.030
-1.219 -5.237 -0.145
-1.306 -5.179 -0.010
-1.283 -5.158 -0.020
-1.266 -5.104 -0.032
-1.216 -5.036  0.035
-1.148 -4.919  0.040
-1.164 -4.894  0.051
-1.196 -5.019  0.015
-1.216 -4.953  0.018
-1.319 -5.032  0.005
-1.390 -5.066 -0.029
-1.347 -5.062 -0.070
-1.341 -5.083 -0.088
-1.323 -5.073 -0.074
-1.346 -5.053 -0.102
-1.365 -5.037 -0.107
-1.389 -5.061 -0.094
-1.406 -5.059 -0.110
-1.402 -5.004 -0.094
-1.350 -4.991 -0.133
-1.365 -5.001 -0.242
-1.373 -4.971 -0.130
-1.317 -4.972 -0.113
-1.405 -4.937 -0.128
-1.464 -5.015 -0.182
-1.443 -4.915 -0.398
-1.421 -4.928 -0.434
-1.378 -4.955 -0.408
-1.449 -5.001 -0.460
-1.470 -4.977 -0.470
-1.544 -4.942 -0.457
-1.601 -4.983 -0.443
-1.637 -4.981 -0.443
-1.560 -4.871 -0.396
-1.510 -4.945 -0.431
-1.469 -4.964 -0.395
-1.396 -4.953 -0.363
-1.395 -4.986 -0.471
-1.452 -4.989 -0.291
-1.410 -4.940 -0.283
-1.363 -4.971 -0.399
-1.426 -5.029 -0.271
-1.368 -5.052 -0.270
-1.419 -5.103 -0.326
-1.449 -5.119 -0.276
-1.440 -5.186 -0.272
-1.551 -5.272 -0.325
-1.550 -5.265 -0.328
-1.537 -5.295 -0.340
-1.572 -5.355 -0.342
-1.573 -5.394 -0.332
-1.571 -5.398 -0.341
-1.607 -5.468 -0.316
-1.619 -5.520 -0.246
-1.571 -5.562 -0.266
-1.548 -5.546 -0.313
-1.544 -5.604 -0.295
-1.530 -5.610 -0.278
-1.533 -5.776 -0.336
-1.634 -5.839 -0.310
-1.633 -5.796 -0.287
-1.653 -5.868 -0.234
-1.614 -5.872 -0.298
-1.577 -5.975 -0.354
-1.554 -5.955 -0.291
-1.535 -5.977 -0.255
-1.534 -6.072 -0.247
-1.555 -6.209 -0.199
-1.528 -6.211 -0.187
-1.382 -6.211 -0.162
-1.374 -6.313 -0.244
-1.452 -6.312 -0.099
-1.409 -6.345 -0.077
-1.480 -6.342 -0.088
-1.516 -6.442 -0.075
-1.538 -6.472 -0.056
-1.424 -6.507 -0.053
-1.404 -6.482 -0.059
-1.411 -6.489 -0.069
-1.438 -6.534 -0.074
-1.458 -6.586 -0.078
-1.478 -6.584 -0.068
-1.501 -6.550 -0.076
-1.451 -6.500 -0.080
-1.403 -6.558 -0.110
-1.430 -6.568 -0.089
-1.448 -6.532 -0.125
-1.450 -6.603 -0.108
-1.545 -6.614 -0.089
-1.551 -6.665 -0.125
-1.436 -6.587 -0.154
-1.422 -6.610 -0.088
-1.407 -6.586 -0.121
-1.452 -6.582 -0.170
-1.493 -6.619 -0.197
-1.535 -6.610 -0.208
-1.554 -6.609 -0.248
-1.555 -6.589 -0.182
-1.481 -6.576 -0.191
-1.533 -6.603 -0.287
-1.549 -6.605 -0.236
-1.542 -6.611 -0.230
-1.612 -6.619 -0.168
-1.628 -6.649 -0.162
-1.547 -6.657 -0.137
-1.512 -6.660 -0.094
-1.480 -6.698 -0.106
-1.457 -6.661 -0.117
-1.466 -6.661 -0.124
-1.514 -6.598 -0.114
-1.570 -6.568 -0.089
-1.555 -6.572 -0.048
-1.486 -6.570 -0.086
-1.464 -6.568 -0.113
-1.432 -6.569 -0.070
-1.383 -6.579 -0.024
-1.404 -6.531 -0.022
-1.432 -6.518  0.042
-1.370 -6.519  0.033
-1.362 -6.533 -0.102
-1.387 -6.448 -0.027
-1.340 -6.496 -0.027
-1.352 -6.492  0.018
-1.336 -6.536  0.022
-1.373 -6.563 -0.005
-1.412 -6.505 -0.001
-1.399 -6.469  0.054
-1.423 -6.528 -0.025
-1.433 -6.494  0.027
-1.377 -6.496  0.013
-1.402 -6.444 -0.184
-1.458 -6.427 -0.109
-1.430 -6.435 -0.098
-1.451 -6.411 -0.086
-1.469 -6.336 -0.086
-1.487 -6.370 -0.030
-1.514 -6.331 -0.104
-1.530 -6.307 -0.168
-1.554 -6.293 -0.221
-1.552 -6.288 -0.227
-1.541 -6.267 -0.326
-1.535 -6.264 -0.221
-1.527 -6.293 -0.180
-1.555 -6.206 -0.122
-1.582 -6.243 -0.089
-1.578 -6.246 -0.123
-1.573 -6.211 -0.148
-1.563 -6.163 -0.153
-1.596 -6.180 -0.249
-1.618 -6.160 -0.150
-1.619 -6.140 -0.158
-1.619 -6.127 -0.006
-1.584 -6.115  0.031
-1.511 -6.082 -0.010
-1.524 -6.030 -0.012
-1.525 -6.022 -0.040
-1.559 -5.984 -0.043
-1.605 -5.990 -0.038
-1.621 -5.984 -0.051
-1.603 -5.955 -0.068
-1.515 -5.930 -0.006
-1.494 -5.909  0.013
-1.486 -5.798  0.012
-1.484 -5.787  0.043
-1.446 -5.716  0.072
-1.425 -5.674  0.035
-1.480 -5.604  0.125
-1.347 -5.517  0.128
-1.370 -5.519 -0.015
-1.438 -5.453  0.072
-1.444 -5.386  0.043
-1.536 -5.258  0.014
-1.567 -5.174  0.015
-1.532 -5.112  0.010
-1.508 -5.086 -0.004
-1.476 -5.020 -0.012
-1.440 -5.010  0.024
-1.479 -5.014  0.002
-1.513 -4.974 -0.053
-1.571 -4.920 -0.126
-1.580 -4.948 -0.173
-1.592 -4.969 -0.146
-1.424 -4.973 -0.066
-1.445 -4.924 -0.070
-1.449 -4.921 -0.043
-1.409 -4.965 -0.069
-1.385 -4.959 -0.113
-1.480 -4.896  0.005
-1.419 -4.851  0.031
-1.364 -4.816 -0.070
-1.391 -4.772  0.092
-1.375 -4.702  0.050
-1.377 -4.663 -0.073
-1.484 -4.692  0.035
-1.486 -4.766  0.048
-1.534 -4.765 -0.047
-1.498 -4.632  0.073
-1.421 -4.713  0.062
-1.429 -4.772 -0.000
-1.423 -4.781  0.059
-1.392 -4.781  0.055
-1.444 -4.825 -0.052
-1.507 -4.935  0.047
-1.406 -4.910  0.063
-1.381 -4.906  0.014
-1.409 -4.976  0.053
-1.358 -5.021  0.054
-1.442 -5.145  0.060
-1.502 -5.076  0.044
-1.554 -5.117  0.037
-1.513 -5.186 -0.131
-1.534 -5.224  0.013
-1.497 -5.133 -0.045
-1.486 -5.207 -0.172
-1.560 -5.243 -0.109
-1.569 -5.244 -0.140
-1.609 -5.230 -0.081
-1.622 -5.258 -0.091
-1.511 -5.293 -0.118
-1.516 -5.397 -0.221
-1.556 -5.385 -0.069
-1.504 -5.458 -0.064
-1.561 -5.447 -0.063
-1.611 -5.508 -0.042
-1.588 -5.530 -0.042
-1.575 -5.502 -0.202
-1.599 -5.544 -0.075
-1.545 -5.558 -0.068
-1.582 -5.558 -0.078
-1.575 -5.501 -0.052
-1.560 -5.504 -0.032
-1.613 -5.566 -0.020
-1.628 -5.627  0.017
-1.593 -5.533  0.001
-1.531 -5.652 -0.014
-1.506 -5.843 -0.154
-1.589 -5.906 -0.060
-1.578 -5.976 -0.031
-1.565 -6.068 -0.084
-1.640 -6.192  0.017
-1.505 -6.239  0.042
-1.483 -6.214 -0.026
-1.503 -6.292  0.051
-1.445 -6.348  0.051
-1.446 -6.372  0.039
-1.506 -6.339  0.119
-1.459 -6.409  0.125
-1.464 -6.443 -0.013
-1.499 -6.477  0.042
-1.462 -6.492 -0.025
-1.536 -6.527 -0.066
-1.550 -6.588 -0.053
-1.564 -6.549 -0.018
-1.579 -6.602  0.035
-1.585 -6.608 -0.006
-1.549 -6.633 -0.051
-1.517 -6.684 -0.088
-1.510 -6.683 -0.124
-1.556 -6.617 -0.195
-1.588 -6.657 -0.167
-1.578 -6.658 -0.136
-1.672 -6.735 -0.136
-1.661 -6.684 -0.164
-1.631 -6.637 -0.190
-1.634 -6.726 -0.235
-1.595 -6.726 -0.203
-1.526 -6.652 -0.119
-1.553 -6.709 -0.114
-1.599 -6.720 -0.113
-1.503 -6.733 -0.063
-1.466 -6.773 -0.071
-1.488 -6.676 -0.042
-1.490 -6.732 -0.050
-1.497 -6.752 -0.135
-1.538 -6.789  0.002
-1.492 -6.706  0.021
-1.447 -6.695  0.073
-1.381 -6.752  0.085
-1.369 -6.761  0.075
-1.398 -6.710  0.036
-1.405 -6.726 -0.000
-1.483 -6.710 -0.090
-1.526 -6.768 -0.093
-1.468 -6.705 -0.081
-1.403 -6.693 -0.048
-1.402 -6.693 -0.096
-1.406 -6.706 -0.107
-1.418 -6.697 -0.086
-1.437 -6.657 -0.136
-1.466 -6.671 -0.094
-1.368 -6.727 -0.098
-1.373 -6.704 -0.159
-1.367 -6.669 -0.123
-1.293 -6.684 -0.120
-1.334 -6.697 -0.240
-1.513 -6.687 -0.179
-1.442 -6.669 -0.218
-1.422 -6.681 -0.301
-1.409 -6.632 -0.202
-1.340 -6.714 -0.222
-1.377 -6.699 -0.215
-1.388 -6.690 -0.233
-1.457 -6.674 -0.227
-1.520 -6.694 -0.225
-1.554 -6.707 -0.213
-1.541 -6.673 -0.277
-1.553 -6.674 -0.324
-1.553 -6.689 -0.362
-1.484 -6.722 -0.451
-1.555 -6.618 -0.316
-1.573 -6.667 -0.313
-1.635 -6.693 -0.288
-1.611 -6.683 -0.282
-1.563 -6.664 -0.304
-1.579 -6.664 -0.313
-1.537 -6.678 -0.267
-1.569 -6.697 -0.273
-1.584 -6.742 -0.247
-1.613 -6.584 -0.203
-1.601 -6.649 -0.163
-1.535 -6.677 -0.155
-1.479 -6.713 -0.152
-1.457 -6.631 -0.199
-1.451 -6.657 -0.133
-1.391 -6.668 -0.123
-1.476 -6.670 -0.135
-1.497 -6.678 -0.093
-1.409 -6.651 -0.024
-1.362 -6.610 -0.031
-1.314 -6.636 -0.037
-1.300 -6.629 -0.089
-1.336 -6.660 -0.116
-1.344 -6.596 -0.124
-1.414 -6.595 -0.147
-1.512 -6.532 -0.171
-1.469 -6.429 -0.156
-1.431 -6.481 -0.134
-1.406 -6.368 -0.127
-1.380 -6.298 -0.074
-1.357 -6.223 -0.235
-1.438 -6.239 -0.119
-1.520 -6.181 -0.178
-1.603 -6.233 -0.185
-1.613 -6.177 -0.202
-1.570 -6.193 -0.211
-1.520 -6.135 -0.184
-1.471 -6.099 -0.125
-1.443 -6.034 -0.112
-1.459 -6.052 -0.113
-1.416 -6.021 -0.079
-1.433 -6.048 -0.093
-1.422 -6.091 -0.054
-1.348 -6.073 -0.053
-1.342 -6.048 -0.158
-1.356 -6.022 -0.084
-1.321 -6.049 -0.096
-1.368 -6.011 -0.111
-1.379 -6.014 -0.081
-1.381 -6.040 -0.187
-1.457 -6.026 -0.071
-1.395 -6.020 -0.046
-1.350 -6.027 -0.040
-1.300 -5.997 -0.038
-1.270 -5.990 -0.076
-1.259 -5.930  0.011
-1.241 -5.969  0.016
-1.261 -5.979  0.004
-1.222 -5.996  0.029
-1.219 -5.991 -0.061
-1.331 -6.011  0.034
-1.266 -5.964 -0.026
-1.321 -5.984 -0.037
-1.313 -5.924 -0.097
-1.306 -5.928 -0.071
-1.309 -5.972 -0.057
-1.288 -6.001 -0.027
-1.293 -5.977 -0.063
-1.348 -5.920 -0.036
-1.321 -5.931 -0.056
-1.330 -5.903 -0.148
-1.340 -5.940 -0.041
-1.343 -5.961 -0.080
-1.416 -5.927 -0.006
-1.460 -5.960 -0.006
-1.477 -5.960  0.020
-1.428 -5.901  0.029
-1.443 -5.903  0.025
-1.410 -5.889  0.019
-1.429 -5.897 -0.040
-1.473 -5.924 -0.087
-1.447 -5.955 -0.125
-1.472 -5.977 -0.074
-1.474 -5.997  0.014
-1.544 -5.981 -0.012
-1.536 -5.998 -0.036
-1.527 -5.905 -0.097
-1.518 -5.956 -0.090
-1.501 -5.961 -0.036
-1.473 -5.961 -0.060
-1.547 -5.942 -0.089
-1.585 -5.961 -0.075
-1.601 -5.931 -0.050
-1.589 -5.915 -0.044
-1.526 -5.919 -0.004
-1.518 -5.943 -0.085
-1.523 -5.965 -0.044
-1.480 -5.944 -0.042
-1.484 -5.924 -0.088
-1.439 -5.907 -0.012
-1.464 -5.918 -0.037
-1.516 -5.910 -0.079
-1.402 -5.911 -0.033
-1.375 -5.940 -0.018
-1.318 -5.868  0.009
-1.347 -5.926 -0.029
-1.361 -5.852  0.003
-1.341 -5.913  0.034
-1.448 -5.892  0.011
-1.472 -5.872  0.014
-1.455 -5.880 -0.049
-1.454 -5.861 -0.086
-1.452 -5.904 -0.105
-1.481 -5.888 -0.175
-1.462 -5.891 -0.168
-1.468 -5.876 -0.164
-1.559 -5.873 -0.168
-1.607 -5.798 -0.185
-1.576 -5.789 -0.201
-1.531 -5.837 -0.202
-1.529 -5.879 -0.252
-1.502 -5.902 -0.359
-1.536 -5.826 -0.250
-1.555 -5.862 -0.216
-1.585 -5.890 -0.205
-1.607 -5.883 -0.194
-1.556 -5.928 -0.228
-1.542 -5.856 -0.245
-1.516 -5.849 -0.243
-1.567 -5.871 -0.256
-1.603 -5.864 -0.196
-1.627 -5.847 -0.217
-1.675 -5.896 -0.151
-1.637 -5.924 -0.041
-1.534 -5.904  0.058
-1.488 -5.881 -0.029
-1.521 -5.872 -0.191
-1.550 -5.840 -0.293
-1.490 -5.805 -0.327
-1.529 -5.848 -0.369
-1.573 -5.810 -0.413
-1.685 -5.823 -0.545
-1.784 -5.783 -0.633
-1.745 -5.896 -0.720
-1.752 -5.836 -0.675
-1.733 -5.789 -0.703
-1.748 -5.824 -0.721
-1.734 -5.876 -0.724
-1.712 -5.833 -0.743
-1.753 -5.780 -0.705
-1.801 -5.795 -0.710
-1.804 -5.864 -0.703
-1.782 -5.879 -0.730
-1.771 -5.871 -0.768
-1.797 -5.768 -0.794
-1.805 -5.848 -0.773
-1.813 -5.827 -0.850
-1.933 -5.782 -0.859
-2.028 -5.794 -0.862
-2.072 -5.784 -0.885
-2.034 -5.735 -0.885
-2.012 -5.773 -0.883
-2.038 -5.743 -0.911
-2.047 -5.721 -0.905
-2.046 -5.671 -0.904
-2.144 -5.641 -0.851
-2.148 -5.634 -0.787
-2.064 -5.622 -0.714
-2.085 -5.546 -0.798
-2.095 -5.667 -0.821
-2.073 -5.659 -0.762
-2.055 -5.638 -0.680
-2.069 -5.640 -0.612
-2.028 -5.633 -0.662
-2.049 -5.595 -0.473
-1.961 -5.528 -0.448
-1.985 -5.576 -0.433
-1.914 -5.601 -0.372
-1.975 -5.610 -0.376
-2.000 -5.604 -0.372
-2.065 -5.601 -0.417
