-1.953 -5.551 -0.279
-1.982 -5.523 -0.298
-2.015 -5.580 -0.306
-2.057 -5.539 -0.326
-2.109 -5.546 -0.343
-2.149 -5.515 -0.314
-2.152 -5.478 -0.348
-2.089 -5.475 -0.344
-2.061 -5.537 -0.356
-2.075 -5.551 -0.356
-2.016 -5.495 -0.322
-1.982 -5.467 -0.271
-2.006 -5.508 -0.224
-1.997 -5.501 -0.216
-1.898 -5.507 -0.208
-1.854 -5.497 -0.174
-1.827 -5.530 -0.187
-1.812 -5.494 -0.210
-1.773 -5.471 -0.206
-1.847 -5.481 -0.139
-1.813 -5.524 -0.153
-1.809 -5.506 -0.215
-1.793 -5.515 -0.135
-1.714 -5.507 -0.156
-1.713 -5.522 -0.247
-1.725 -5.536 -0.156
-1.679 -5.506 -0.152
-1.723 -5.531 -0.140
-1.834 -5.549 -0.126
-1.775 -5.519 -0.145
-1.674 -5.514 -0.232
-1.706 -5.551 -0.137
-1.633 -5.566 -0.144
-1.684 -5.575 -0.141
-1.662 -5.480 -0.136
-1.700 -5.497 -0.143
-1.746 -5.523 -0.130
-1.663 -5.509 -0.101
-1.624 -5.499 -0.143
-1.663 -5.536 -0.166
-1.675 -5.573 -0.168
-1.702 -5.553 -0.165
-1.757 -5.567 -0.186
-1.827 -5.621 -0.196
-1.883 -5.606 -0.242
-1.799 -5.628 -0.239
-1.755 -5.621 -0.221
-1.718 -5.655 -0.227
-1.765 -5.658 -0.209
-1.769 -5.633 -0.230
-1.806 -5.585 -0.251
-1.837 -5.622 -0.210
-1.842 -5.613 -0.255
-1.775 -5.637 -0.303
-1.754 -5.621 -0.403
-1.836 -5.594 -0.290
-1.812 -5.616 -0.274
-1.846 -5.579 -0.276
-1.869 -5.579 -0.280
-1.900 -5.558 -0.265
-1.873 -5.519 -0.241
-1.827 -5.531 -0.233
-1.806 -5.544 -0.214
-1.798 -5.543 -0.209
-1.791 -5.552 -0.197
-1.770 -5.535 -0.254
-1.793 -5.523 -0.155
-1.747 -5.497 -0.121
-1.815 -5.465 -0.079
-1.686 -5.484 -0.059
-1.598 -5.476 -0.064
-1.605 -5.498 -0.067
-1.593 -5.524 -0.076
-1.590 -5.493 -0.061
-1.599 -5.512 -0.037
-1.648 -5.487 -0.014
-1.671 -5.533  0.002
-1.620 -5.422 -0.041
-1.575 -5.472 -0.103
-1.606 -5.471 -0.150
-1.634 -5.497 -0.145
-1.608 -5.491 -0.182
-1.700 -5.467 -0.148
-1.782 -5.444 -0.157
-1.831 -5.484 -0.193
-1.791 -5.429 -0.195
-1.783 -5.508 -0.217
-1.798 -5.451 -0.202
-1.814 -5.459 -0.207
-1.827 -5.467 -0.229
-1.870 -5.473 -0.195
-1.932 -5.493 -0.164
-1.915 -5.438 -0.160
-1.851 -5.488 -0.153
-1.786 -5.487 -0.112
-1.713 -5.521 -0.075
-1.701 -5.491 -0.179
-1.766 -5.477 -0.009
-1.796 -5.483  0.001
-1.851 -5.504  0.004
-1.853 -5.496 -0.005
-1.811 -5.561 -0.007
-1.792 -5.533  0.010
-1.777 -5.517  0.029
-1.810 -5.550  0.014
-1.831 -5.566 -0.034
-1.863 -5.502 -0.062
-1.931 -5.491 -0.034
-1.951 -5.527  0.025
-1.892 -5.534  0.047
-1.841 -5.565  0.054
-1.795 -5.546  0.050
-1.753 -5.492  0.029
-1.778 -5.529  0.013
-1.779 -5.540  0.003
-1.801 -5.552  0.040
-1.822 -5.511  0.084
-1.809 -5.509  0.087
-1.828 -5.537  0.040
-1.849 -5.547  0.066
-1.834 -5.564  0.055
-1.869 -5.488  0.065
-1.851 -5.530  0.081
-1.837 -5.530  0.076
-1.835 -5.572  0.128
-1.825 -5.540  0.119
-1.923 -5.515  0.144
-1.996 -5.572  0.097
-1.895 -5.590  0.091
-1.909 -5.468  0.109
-1.906 -5.520  0.065
-1.927 -5.495  0.035
-1.939 -5.518  0.038
-1.916 -5.561  0.041
-1.969 -5.535  0.070
-2.024 -5.447  0.075
-2.046 -5.543  0.014
-2.004 -5.593 -0.002
-1.919 -5.605  0.027
-1.866 -5.551  0.061
-1.826 -5.515  0.101
-1.738 -5.538  0.134
-1.777 -5.524  0.154
-1.769 -5.556  0.147
-1.760 -5.525  0.123
-1.786 -5.511  0.134
-1.807 -5.502  0.116
-1.861 -5.528  0.136
-1.849 -5.463  0.149
-1.811 -5.467  0.135
-1.787 -5.503  0.119
-1.696 -5.476  0.094
-1.728 -5.342  0.092
-1.691 -5.355  0.084
-1.692 -5.337  0.047
-1.710 -5.335  0.046
-1.710 -5.297  0.045
-1.739 -5.243  0.082
-1.802 -5.170  0.048
-1.789 -5.171  0.008
-1.751 -5.167 -0.002
-1.731 -5.268 -0.039
-1.717 -5.243 -0.104
-1.780 -5.248 -0.070
-1.814 -5.263 -0.076
-1.807 -5.316 -0.060
-1.878 -5.322 -0.118
-1.954 -5.284 -0.259
-1.999 -5.288 -0.169
-1.853 -5.305 -0.147
-1.857 -5.282 -0.146
-1.812 -5.266 -0.126
-1.861 -5.231 -0.115
-1.964 -5.289 -0.124
-1.990 -5.381 -0.138
-1.917 -5.394 -0.094
-1.747 -5.266  0.028
-1.786 -5.251  0.120
-1.784 -5.181  0.178
-1.806 -5.264  0.533
-1.851 -5.295  0.653
-1.787 -5.283  0.720
-1.711 -5.288  0.753
-1.623 -5.302  0.867
-1.562 -5.254  1.140
-1.181 -4.886  1.879
 0.210 -3.583  3.570
 1.163 -2.702  4.729
 1.333 -2.475  4.929
 1.325 -2.452  4.857
 1.329 -2.471  4.705
 1.222 -2.533  4.431
 1.121 -2.542  4.250
 1.050 -2.596  4.026
 0.928 -2.712  3.748
 0.900 -2.735  3.568
 0.828 -2.757  3.421
 0.806 -2.763  3.308
 0.768 -2.762  3.135
 0.726 -2.787  2.933
 0.644 -2.900  2.569
 0.487 -2.970  2.464
 0.460 -3.010  2.205
 0.378 -3.071  1.998
 0.262 -3.168  1.790
 0.175 -3.213  1.601
 0.062 -3.271  1.448
 0.059 -3.201  1.488
 0.060 -3.148  1.492
 0.072 -3.133  1.420
 0.121 -3.110  1.296
 0.095 -3.122  1.060
-0.016 -3.166  0.805
-0.123 -3.261  0.598
-0.244 -3.353  0.372
-0.400 -3.426  0.266
-0.555 -3.494  0.145
-0.650 -3.562  0.028
-0.651 -3.594 -0.115
-0.736 -3.696 -0.236
-0.791 -3.738 -0.364
-0.910 -3.832 -0.462
-0.942 -3.855 -0.544
-1.042 -3.938 -0.643
-1.206 -4.047 -0.758
-1.270 -4.080 -0.891
-1.273 -4.110 -0.986
-1.318 -4.158 -1.069
-1.347 -4.200 -1.128
-1.398 -4.254 -1.199
-1.460 -4.305 -1.233
-1.550 -4.350 -1.269
-1.684 -4.451 -1.336
-1.685 -4.513 -1.385
-1.660 -4.569 -1.452
-1.692 -4.611 -1.495
-1.694 -4.622 -1.514
-1.688 -4.640 -1.532
-1.712 -4.676 -1.526
-1.696 -4.652 -1.427
-1.660 -4.644 -1.445
-1.643 -4.659 -1.509
-1.686 -4.688 -1.515
-1.659 -4.692 -1.490
-1.734 -4.753 -1.441
-1.744 -4.778 -1.409
-1.759 -4.761 -1.344
-1.825 -4.827 -1.356
-1.803 -4.847 -1.388
-1.769 -4.856 -1.391
-1.766 -4.871 -1.417
-1.761 -4.861 -1.370
-1.790 -4.888 -1.362
-1.835 -4.949 -1.311
-1.921 -5.000 -1.323
-1.950 -5.050 -1.435
-1.924 -5.019 -1.256
-1.759 -4.902 -1.173
-1.746 -4.969 -1.243
-1.763 -4.944 -1.068
-1.728 -4.885 -1.080
-1.766 -4.929 -0.994
-1.815 -4.891 -0.881
-1.831 -4.892 -0.793
-1.802 -4.875 -0.725
-1.699 -4.785 -0.688
-1.653 -4.793 -0.709
-1.659 -4.836 -0.769
-1.638 -4.845 -0.733
-1.645 -4.892 -0.780
-1.729 -4.911 -0.737
-1.712 -4.838 -0.685
-1.765 -4.929 -0.705
-1.751 -4.963 -0.670
-1.674 -4.962 -0.677
-1.700 -4.991 -0.672
-1.678 -4.967 -0.618
-1.733 -5.042 -0.682
-1.749 -5.057 -0.662
-1.733 -5.038 -0.597
-1.697 -5.015 -0.646
-1.735 -5.002 -0.461
-1.580 -4.922 -0.444
-1.591 -4.933 -0.417
-1.592 -4.921 -0.419
-1.613 -4.939 -0.449
-1.644 -4.963 -0.460
-1.668 -4.986 -0.457
-1.733 -4.999 -0.354
-1.772 -5.052 -0.411
-1.643 -5.008 -0.368
-1.650 -5.019 -0.378
-1.627 -5.019 -0.360
-1.623 -5.014 -0.323
-1.619 -5.019 -0.299
-1.632 -4.982 -0.274
-1.742 -5.056 -0.331
-1.806 -5.111 -0.324
-1.707 -5.084 -0.316
-1.690 -5.120 -0.352
-1.711 -5.104 -0.367
-1.729 -5.113 -0.370
-1.765 -5.153 -0.366
-1.850 -5.212 -0.355
-1.851 -5.213 -0.377
-1.810 -5.187 -0.391
-1.798 -5.235 -0.407
-1.777 -5.221 -0.364
-1.784 -5.271 -0.471
-1.847 -5.274 -0.360
-1.890 -5.250 -0.357
-1.922 -5.276 -0.322
-1.886 -5.279 -0.310
-1.860 -5.265 -0.322
-1.847 -5.264 -0.311
-1.826 -5.214 -0.244
-1.884 -5.253 -0.241
-1.961 -5.287 -0.227
-1.998 -5.284 -0.218
-1.988 -5.259 -0.144
-1.872 -5.187 -0.058
-1.830 -5.175 -0.044
-1.822 -5.169 -0.031
-1.780 -5.169  0.008
-1.710 -5.067  0.029
-1.678 -5.060  0.006
-1.766 -5.077  0.116
-1.751 -5.045  0.069
-1.915 -5.162 -0.011
-2.044 -5.206 -0.044
-1.835 -5.124 -0.007
-1.699 -5.107  0.003
-1.697 -5.104 -0.006
-1.669 -5.064 -0.003
-1.791 -5.095  0.030
-1.831 -5.094  0.034
-1.850 -5.082  0.033
-1.900 -5.057  0.030
-1.965 -5.010 -0.073
-2.002 -5.053 -0.162
-2.031 -5.047 -0.144
-1.999 -5.048 -0.191
-2.001 -5.031 -0.275
-2.088 -5.081 -0.171
-2.119 -5.067 -0.148
-2.162 -5.149 -0.186
-2.166 -5.115 -0.163
-2.220 -5.157 -0.191
-2.268 -5.188 -0.167
-2.217 -5.165 -0.153
-2.194 -5.199 -0.168
-2.176 -5.183 -0.151
-2.127 -5.136 -0.115
-2.120 -5.140 -0.194
-2.130 -5.084 -0.100
-2.154 -5.028 -0.091
-2.216 -5.023 -0.055
-2.256 -5.031 -0.061
-2.272 -5.035 -0.091
-2.245 -5.069 -0.124
-2.245 -5.096 -0.152
-2.239 -5.123 -0.183
-2.218 -5.127 -0.160
-2.131 -5.106 -0.158
-2.137 -5.121 -0.157
-2.123 -5.107 -0.134
-2.138 -5.086 -0.128
-2.096 -5.090 -0.150
-2.072 -5.135 -0.191
-2.072 -5.150 -0.227
-2.064 -5.140 -0.241
-1.991 -5.074 -0.230
-2.029 -5.107 -0.219
-2.047 -5.100 -0.183
-2.113 -5.138 -0.200
-2.158 -5.144 -0.226
-2.100 -5.073 -0.220
-2.098 -5.049 -0.221
-2.093 -5.084 -0.238
-2.060 -5.093 -0.243
-2.121 -5.122 -0.324
-2.123 -5.114 -0.369
-2.099 -5.140 -0.412
-2.140 -5.184 -0.471
-2.260 -5.234 -0.354
-2.150 -5.140 -0.384
-2.056 -5.098 -0.474
-2.125 -5.136 -0.368
-2.076 -5.146 -0.389
-2.153 -5.199 -0.387
-2.150 -5.188 -0.378
-2.183 -5.123 -0.335
-2.233 -5.135 -0.347
-2.174 -5.139 -0.333
-2.092 -5.082 -0.303
-2.102 -5.108 -0.328
-2.072 -5.078 -0.345
-2.059 -5.069 -0.325
-2.064 -5.078 -0.314
-2.085 -5.094 -0.331
-2.094 -5.172 -0.374
-2.067 -5.091 -0.220
-1.973 -5.018 -0.220
-1.899 -4.989 -0.190
-1.945 -5.012 -0.093
-1.891 -4.834  0.138
-1.625 -4.468  0.561
-1.235 -4.006  1.037
-0.747 -3.421  1.635
-0.399 -3.192  1.851
-0.293 -3.124  1.944
-0.295 -3.130  1.824
-0.403 -3.261  1.702
-0.502 -3.376  1.559
-0.616 -3.498  1.422
-0.732 -3.578  1.336
-0.796 -3.663  1.222
-0.862 -3.780  1.057
-0.927 -3.859  1.002
-0.893 -3.858  0.906
-1.002 -3.961  0.821
-1.045 -4.015  0.725
-1.137 -4.099  0.619
-1.278 -4.201  0.470
-1.382 -4.253  0.352
-1.419 -4.314  0.237
-1.409 -4.353  0.131
-1.426 -4.399  0.050
-1.482 -4.446 -0.038
-1.515 -4.497 -0.082
-1.553 -4.515 -0.123
-1.688 -4.587 -0.180
-1.761 -4.591 -0.214
-1.777 -4.633 -0.267
-1.787 -4.680 -0.339
-1.823 -4.742 -0.416
-1.855 -4.693 -0.454
-1.903 -4.740 -0.479
-1.919 -4.744 -0.463
-1.955 -4.787 -0.454
-1.921 -4.717 -0.360
-1.901 -4.744 -0.356
-1.866 -4.740 -0.361
-1.829 -4.747 -0.357
-1.841 -4.728 -0.349
-1.840 -4.742 -0.395
-1.829 -4.762 -0.396
-1.830 -4.750 -0.349
-1.800 -4.695 -0.318
-1.820 -4.734 -0.340
-1.757 -4.698 -0.321
-1.684 -4.677 -0.323
-1.698 -4.681 -0.326
-1.724 -4.722 -0.312
-1.763 -4.741 -0.309
-1.797 -4.718 -0.271
-1.876 -4.727 -0.292
-1.918 -4.775 -0.323
-1.864 -4.757 -0.315
-1.786 -4.702 -0.333
-1.869 -4.749 -0.328
-1.886 -4.764 -0.356
-1.920 -4.820 -0.393
-2.011 -4.832 -0.387
-2.119 -4.884 -0.446
-2.102 -4.903 -0.461
-2.056 -4.914 -0.479
-2.035 -4.923 -0.462
-2.045 -4.921 -0.459
-2.021 -4.939 -0.434
-1.972 -4.904 -0.420
-2.029 -4.912 -0.347
-2.038 -4.887 -0.318
-1.995 -4.865 -0.320
-1.974 -4.882 -0.331
-1.982 -4.897 -0.335
-1.923 -4.848 -0.350
-1.919 -4.844 -0.279
-1.899 -4.756 -0.097
-1.838 -4.650 -0.016
-1.876 -4.548  0.163
-1.895 -4.479  0.206
-1.952 -4.491  0.241
-1.956 -4.524  0.143
-1.951 -4.553  0.029
-2.011 -4.603  0.003
-2.034 -4.666 -0.074
-2.036 -4.692 -0.111
-2.001 -4.688 -0.119
-1.935 -4.636 -0.076
-1.878 -4.589 -0.054
-1.940 -4.634 -0.013
-1.805 -4.591 -0.003
-1.812 -4.597  0.050
-1.738 -4.492  0.139
-1.611 -4.364  0.252
-1.362 -4.118  0.531
-1.114 -3.809  0.837
-1.114 -3.641  1.097
-1.099 -3.646  1.093
-1.085 -3.658  1.014
-1.169 -3.796  0.798
-1.245 -3.912  0.623
-1.280 -4.002  0.364
-1.382 -4.031  0.413
-1.431 -3.946  0.502
-1.394 -3.771  0.691
-1.389 -3.718  0.667
-1.377 -3.729  0.615
-1.426 -3.823  0.502
-1.502 -3.952  0.404
-1.594 -4.127  0.228
-1.674 -4.166  0.260
-1.745 -4.215  0.200
-1.743 -4.225  0.221
-1.704 -4.237  0.245
-1.650 -4.186  0.278
-1.630 -4.199  0.241
-1.602 -4.184  0.213
-1.550 -4.173  0.212
-1.591 -4.220  0.150
-1.604 -4.228  0.101
-1.692 -4.284  0.067
-1.658 -4.277  0.077
-1.520 -4.190  0.103
-1.523 -4.201  0.021
-1.593 -4.247  0.045
-1.608 -4.265 -0.000
-1.643 -4.299 -0.033
-1.700 -4.285 -0.011
-1.732 -4.302 -0.010
-1.686 -4.310 -0.038
-1.583 -4.255 -0.014
-1.533 -4.328 -0.187
-1.574 -4.309 -0.078
-1.611 -4.353 -0.118
-1.601 -4.356 -0.112
-1.629 -4.363 -0.140
-1.748 -4.443 -0.204
-1.743 -4.441 -0.192
-1.632 -4.425 -0.156
-1.582 -4.418 -0.160
-1.596 -4.412 -0.199
-1.636 -4.478 -0.259
-1.619 -4.470 -0.220
-1.611 -4.463 -0.248
-1.643 -4.473 -0.181
-1.778 -4.455 -0.083
-1.837 -4.387  0.017
-1.856 -4.332  0.017
-1.878 -4.330 -0.048
-1.872 -4.332 -0.083
-1.860 -4.352 -0.109
-1.824 -4.330 -0.134
-1.793 -4.334 -0.127
-1.818 -4.414 -0.244
-1.847 -4.406 -0.081
-1.718 -4.362 -0.084
-1.664 -4.401 -0.187
-1.690 -4.379 -0.058
-1.630 -4.376 -0.054
-1.713 -4.447 -0.079
-1.731 -4.468 -0.090
-1.738 -4.498 -0.156
-1.666 -4.478 -0.197
-1.701 -4.489 -0.114
-1.705 -4.499 -0.161
-1.781 -4.538 -0.211
-1.811 -4.563 -0.200
-1.866 -4.582 -0.201
-1.855 -4.579 -0.185
-1.765 -4.544 -0.166
-1.703 -4.527 -0.145
-1.709 -4.540 -0.133
-1.706 -4.555 -0.152
-1.678 -4.530 -0.188
-1.713 -4.565 -0.196
-1.700 -4.573 -0.252
-1.809 -4.628 -0.189
-1.766 -4.594 -0.182
-1.738 -4.603 -0.192
-1.742 -4.578 -0.181
-1.721 -4.593 -0.224
-1.687 -4.555 -0.195
-1.684 -4.558 -0.149
-1.670 -4.533 -0.140
-1.717 -4.567 -0.162
-1.731 -4.575 -0.210
-1.842 -4.646 -0.221
-1.909 -4.666 -0.235
-1.841 -4.655 -0.224
-1.780 -4.647 -0.358
-1.807 -4.654 -0.195
-1.752 -4.615 -0.205
-1.791 -4.645 -0.211
-1.805 -4.648 -0.204
-1.860 -4.658 -0.185
-1.928 -4.705 -0.185
-1.847 -4.678 -0.156
-1.749 -4.620 -0.156
-1.728 -4.604 -0.214
-1.796 -4.640 -0.160
-1.749 -4.593 -0.160
-1.805 -4.613 -0.125
-1.858 -4.617 -0.109
-1.778 -4.640 -0.100
-1.655 -4.600 -0.157
-1.689 -4.614 -0.088
-1.655 -4.600 -0.092
-1.664 -4.641 -0.069
-1.676 -4.660 -0.073
-1.752 -4.676 -0.073
-1.810 -4.700 -0.073
-1.707 -4.663 -0.067
-1.682 -4.670 -0.084
-1.677 -4.661 -0.111
-1.662 -4.680 -0.106
-1.677 -4.687 -0.087
-1.755 -4.723 -0.110
-1.809 -4.735 -0.122
-1.735 -4.799 -0.262
-1.744 -4.771 -0.134
-1.712 -4.775 -0.167
-1.740 -4.792 -0.224
-1.756 -4.784 -0.162
-1.801 -4.756 -0.132
-1.864 -4.843 -0.140
-1.833 -4.819 -0.153
-1.742 -4.787 -0.159
-1.753 -4.828 -0.150
-1.736 -4.859 -0.171
-1.714 -4.789 -0.172
-1.757 -4.846 -0.127
-1.799 -4.834 -0.084
-1.798 -4.842 -0.079
-1.757 -4.832 -0.105
-1.709 -4.824 -0.075
-1.684 -4.795 -0.085
-1.710 -4.826 -0.068
-1.706 -4.811 -0.071
-1.746 -4.833 -0.067
-1.771 -4.849 -0.056
-1.795 -4.871 -0.085
-1.751 -4.861 -0.101
-1.740 -4.897 -0.113
-1.761 -4.894 -0.135
-1.778 -4.872 -0.164
-1.776 -4.898 -0.173
-1.811 -4.889 -0.144
-1.808 -4.875 -0.111
-1.750 -4.887 -0.121
-1.689 -4.851 -0.083
-1.687 -4.810 -0.075
-1.659 -4.841 -0.066
-1.642 -4.828 -0.037
-1.700 -4.878 -0.125
-1.782 -4.869 -0.064
-1.749 -4.848 -0.097
-1.713 -4.887 -0.151
-1.715 -4.856 -0.096
-1.711 -4.880 -0.154
-1.711 -4.930 -0.212
-1.719 -4.910 -0.125
-1.697 -4.848 -0.105
-1.757 -4.968 -0.244
-1.750 -4.931 -0.132
-1.672 -4.917 -0.180
-1.699 -4.958 -0.217
-1.702 -4.958 -0.182
-1.672 -4.899 -0.177
-1.760 -4.961 -0.150
-1.772 -4.933 -0.102
-1.752 -4.948 -0.107
-1.709 -4.926 -0.106
-1.682 -4.932 -0.141
-1.672 -4.899 -0.143
-1.712 -4.923 -0.160
-1.726 -4.954 -0.166
-1.785 -4.947 -0.164
-1.840 -4.948 -0.158
-1.791 -4.934 -0.155
-1.801 -4.991 -0.206
-1.811 -4.986 -0.234
-1.791 -4.987 -0.224
-1.772 -4.971 -0.230
-1.813 -4.987 -0.226
-1.808 -4.989 -0.236
-1.878 -5.020 -0.264
-1.860 -5.000 -0.213
-8.218 -5.726 -7.532
-1.658 -4.980 -0.414
-1.595 -4.998  0.341
-1.592 -4.948  0.439
-1.488 -4.768  0.605
-1.366 -4.545  0.804
-1.227 -4.317  1.019
-1.105 -4.230  0.992
-1.051 -4.268  0.721
-1.121 -4.301  0.729
-1.200 -4.341  0.611
-1.283 -4.416  0.508
-1.419 -4.496  0.421
-1.501 -4.563  0.367
-1.441 -4.550  0.333
-1.399 -4.532  0.317
-1.013 -4.415  0.409
-1.308 -4.527  0.263
-1.366 -4.545  0.182
-1.581 -4.622  0.135
-1.653 -4.669  0.112
-1.667 -4.681  0.080
-1.569 -4.655  0.049
-1.582 -4.688  0.011
-1.573 -4.683  0.040
-1.580 -4.704  0.031
-1.638 -4.774  0.016
-1.696 -4.815 -0.007
-1.674 -4.775  0.003
-1.562 -4.715 -0.000
-1.494 -4.733 -0.053
-1.580 -4.749  0.019
-1.534 -4.717  0.019
-1.628 -4.803 -0.045
-1.699 -4.839 -0.041
-1.706 -4.856 -0.091
-1.689 -4.840 -0.097
-1.681 -4.839 -0.115
-1.697 -4.864 -0.123
-1.700 -4.867 -0.122
-1.721 -4.865 -0.140
-1.722 -4.844 -0.086
-1.639 -4.812 -0.095
-1.556 -4.802 -0.177
-1.541 -4.757 -0.049
-1.537 -4.742 -0.047
-1.544 -4.758 -0.080
-1.597 -4.801 -0.091
-1.658 -4.798 -0.088
-1.701 -4.815 -0.127
-1.665 -4.829 -0.158
-1.659 -4.823 -0.181
-1.668 -4.836 -0.187
-1.698 -4.842 -0.220
-1.653 -4.836 -0.229
-1.676 -4.877 -0.313
-1.703 -4.787 -0.074
-1.516 -4.641 -0.001
-1.453 -4.593  0.046
-1.407 -4.535  0.167
-1.344 -4.516  0.144
-1.469 -4.618  0.003
-1.602 -4.611  0.068
-1.682 -4.681 -0.086
-1.656 -4.720 -0.155
-1.615 -4.735 -0.176
-1.557 -4.728 -0.158
-1.573 -4.736 -0.169
-1.616 -4.741 -0.126
-1.662 -4.795 -0.196
-1.728 -4.847 -0.304
-1.710 -4.844 -0.321
-1.703 -4.819 -0.349
-1.730 -4.845 -0.347
-1.732 -4.850 -0.369
-1.720 -4.818 -0.345
-1.766 -4.822 -0.278
-1.730 -4.771 -0.149
-1.578 -4.645 -0.007
-1.387 -4.514  0.131
-1.325 -4.458  0.194
-1.312 -4.439  0.217
-1.366 -4.476  0.164
-1.488 -4.539  0.066
-1.525 -4.505  0.146
-1.382 -4.402  0.202
-1.149 -4.295  0.169
-1.128 -4.194  0.388
-0.799 -3.770  0.856
-0.560 -3.474  0.976
-0.557 -3.234  1.199
-0.442 -3.099  1.280
-0.568 -3.089  1.315
-0.638 -3.275  1.179
-0.690 -3.482  1.036
-0.764 -3.600  0.900
-0.796 -3.674  0.818
-0.904 -3.766  0.700
-1.278 -3.857  0.668
-1.373 -3.901  0.623
-1.469 -3.954  0.545
-1.532 -4.019  0.386
-1.564 -4.118  0.248
-0.353 -3.615  0.849
-1.485 -4.062  0.355
-1.794 -4.231  0.136
-1.813 -4.177  0.225
-1.788 -4.161  0.182
-1.756 -4.174  0.126
-1.759 -4.177  0.083
-1.749 -4.175  0.071
-1.722 -4.163  0.057
-1.738 -4.157  0.065
-1.770 -4.176  0.046
-1.722 -4.139  0.004
-1.718 -4.211 -0.159
-1.786 -4.226 -0.119
-1.819 -4.258 -0.209
-1.897 -4.300 -0.261
-1.921 -4.286 -0.289
-1.956 -4.296 -0.313
-1.937 -4.257 -0.299
-1.862 -4.207 -0.255
-1.777 -4.161 -0.262
-1.713 -4.131 -0.276
-1.692 -4.174 -0.395
-1.780 -4.187 -0.309
-1.727 -4.072 -0.212
-1.636 -3.738  0.140
-1.449 -3.344  0.384
-1.272 -3.118  0.464
-1.282 -3.126  0.419
-1.359 -3.229  0.320
-1.442 -3.395  0.196
-1.540 -3.546  0.116
-1.571 -3.707 -0.033
-1.653 -3.898 -0.128
-1.596 -4.006 -0.194
-1.630 -4.088 -0.213
-1.634 -4.178 -0.198
-1.675 -4.242 -0.216
-1.738 -4.318 -0.223
-1.705 -4.366 -0.209
-1.668 -4.399 -0.234
-1.621 -4.416 -0.232
-1.630 -4.455 -0.219
-1.642 -4.499 -0.239
-1.651 -4.545 -0.272
-1.701 -4.569 -0.270
-1.720 -4.587 -0.273
-1.627 -4.602 -0.300
-1.660 -4.701 -0.407
-1.676 -4.691 -0.310
-1.642 -4.673 -0.284
-1.695 -4.733 -0.301
-1.733 -4.699 -0.224
-1.767 -4.695 -0.196
-1.768 -4.743 -0.220
-1.740 -4.806 -0.245
-1.789 -4.882 -0.295
-1.810 -4.924 -0.323
-1.829 -4.942 -0.363
-1.869 -4.970 -0.355
-1.879 -5.001 -0.346
-1.823 -5.002 -0.278
-1.758 -4.993 -0.293
-1.721 -4.982 -0.264
-1.718 -4.971 -0.255
-1.728 -4.957 -0.249
-1.795 -4.978 -0.324
-1.816 -4.956 -0.284
-1.827 -4.936 -0.241
-1.791 -4.905 -0.240
-1.748 -4.891 -0.263
-1.742 -4.855 -0.266
-1.761 -4.833 -0.281
-1.795 -4.837 -0.268
-1.806 -4.777 -0.169
-1.783 -4.717 -0.134
-1.753 -4.715 -0.171
-1.752 -4.705 -0.196
-1.710 -4.655 -0.200
-1.776 -4.684 -0.184
-1.796 -4.673 -0.174
-1.846 -4.639 -0.146
-1.852 -4.599 -0.120
-1.806 -4.608 -0.157
-1.745 -4.577 -0.164
-1.771 -4.591 -0.178
-1.785 -4.585 -0.195
-1.792 -4.552 -0.162
-1.865 -4.562 -0.124
-1.913 -4.550 -0.126
-1.839 -4.537 -0.174
-1.808 -4.549 -0.266
-1.847 -4.504 -0.164
-1.819 -4.537 -0.225
-1.816 -4.549 -0.265
-1.929 -4.570 -0.173
-1.916 -4.521 -0.170
-1.915 -4.544 -0.209
-1.912 -4.575 -0.192
-1.920 -4.601 -0.221
-1.927 -4.596 -0.225
-1.905 -4.587 -0.203
-1.880 -4.568 -0.181
-1.918 -4.607 -0.178
-1.938 -4.589 -0.108
-1.911 -4.584 -0.125
-1.907 -4.587 -0.172
-1.910 -4.603 -0.186
-1.909 -4.579 -0.168
-1.919 -4.620 -0.290
-1.938 -4.581 -0.146
-1.923 -4.548 -0.103
-1.959 -4.551 -0.039
-1.923 -4.590 -0.083
-1.817 -4.534 -0.093
-1.776 -4.517 -0.148
-1.813 -4.528 -0.061
-1.788 -4.505 -0.045
-1.855 -4.512 -0.017
-1.881 -4.500  0.024
-1.838 -4.448  0.010
-1.818 -4.461 -0.007
-1.808 -4.489 -0.032
-1.767 -4.524 -0.020
-1.803 -4.557 -0.033
-1.808 -4.617 -0.016
-1.879 -4.636 -0.027
-1.912 -4.646 -0.026
-1.868 -4.627 -0.056
-1.811 -4.609 -0.081
-1.794 -4.616 -0.072
-1.854 -4.654 -0.129
-1.836 -4.631 -0.152
-1.905 -4.622 -0.091
-1.941 -4.599 -0.077
-1.869 -4.565 -0.139
-1.916 -4.586 -0.197
-1.905 -4.545 -0.147
-1.950 -4.555 -0.177
-1.958 -4.571 -0.228
-2.055 -4.586 -0.163
-2.045 -4.557 -0.129
-2.004 -4.560 -0.124
-1.927 -4.540 -0.071
-1.884 -4.509 -0.047
-1.866 -4.497 -0.052
-1.813 -4.442 -0.008
-1.802 -4.395  0.038
-1.845 -4.399  0.025
-1.838 -4.409  0.015
-1.814 -4.408  0.002
-1.798 -4.466 -0.014
-1.774 -4.543  0.003
-1.755 -4.602  0.005
-1.833 -4.666  0.035
-1.879 -4.708  0.038
-1.873 -4.755 -0.025
-1.866 -4.776 -0.062
-1.831 -4.778 -0.040
-1.838 -4.785 -0.032
-1.861 -4.812 -0.090
-1.864 -4.778 -0.059
-1.895 -4.764 -0.018
-1.926 -4.743 -0.020
-1.855 -4.753 -0.076
-1.843 -4.765 -0.094
-1.782 -4.712 -0.072
-1.834 -4.711 -0.127
-1.879 -4.711 -0.151
-1.872 -4.689 -0.096
-1.834 -4.646 -0.056
-1.822 -4.649 -0.114
-1.768 -4.621 -0.145
-1.759 -4.635 -0.201
-1.740 -4.580 -0.084
-1.672 -4.515 -0.023
-1.720 -4.503  0.014
-1.820 -4.525 -0.000
-1.729 -4.495 -0.070
-1.657 -4.509 -0.124
-1.757 -4.533 -0.051
-1.689 -4.468 -0.044
-1.812 -4.546 -0.072
-1.921 -4.563 -0.111
-1.955 -4.558 -0.173
-1.911 -4.572 -0.288
-1.962 -4.567 -0.173
-1.898 -4.511 -0.174
-1.902 -4.564 -0.283
-1.920 -4.525 -0.173
-1.866 -4.491 -0.163
-1.962 -4.524 -0.140
-1.967 -4.539 -0.157
-1.893 -4.520 -0.198
-1.840 -4.532 -0.278
-1.903 -4.542 -0.208
-1.881 -4.531 -0.232
-1.950 -4.556 -0.216
-1.967 -4.544 -0.223
-2.008 -4.551 -0.248
-2.047 -4.548 -0.233
-2.001 -4.540 -0.257
-1.944 -4.515 -0.276
-1.931 -4.481 -0.216
-1.896 -4.476 -0.210
-1.851 -4.437 -0.191
-1.860 -4.447 -0.178
-1.866 -4.447 -0.155
-1.877 -4.419 -0.160
-1.869 -4.385 -0.136
-1.827 -4.397 -0.199
-1.759 -4.386 -0.193
-1.782 -4.383 -0.187
-1.813 -4.428 -0.189
-1.818 -4.411 -0.191
-1.860 -4.420 -0.235
-1.926 -4.454 -0.204
-1.825 -4.436 -0.167
-1.843 -4.449 -0.166
-1.871 -4.475 -0.195
-1.894 -4.478 -0.182
-1.952 -4.497 -0.234
-2.036 -4.546 -0.285
-2.058 -4.536 -0.308
-2.084 -4.598 -0.342
-2.051 -4.587 -0.294
-1.981 -4.536 -0.256
-1.969 -4.560 -0.269
-1.964 -4.551 -0.235
-1.912 -4.522 -0.203
-1.917 -4.539 -0.237
-2.032 -4.552 -0.132
-1.961 -4.534 -0.193
-1.949 -4.570 -0.237
-1.943 -4.579 -0.158
-1.937 -4.586 -0.163
-1.961 -4.595 -0.196
-1.985 -4.594 -0.141
-1.994 -4.575 -0.113
-1.984 -4.601 -0.150
-1.936 -4.601 -0.151
-1.905 -4.591 -0.124
-1.921 -4.626 -0.157
-1.915 -4.657 -0.150
-1.957 -4.646 -0.147
-1.944 -4.636 -0.105
-1.873 -4.614 -0.092
-1.821 -4.605 -0.101
-1.771 -4.572 -0.131
-1.741 -4.616 -0.246
-1.790 -4.611 -0.140
-1.799 -4.634 -0.164
-1.860 -4.679 -0.168
-1.804 -4.654 -0.177
-1.777 -4.633 -0.177
-1.772 -4.650 -0.171
-1.760 -4.651 -0.147
-1.751 -4.664 -0.143
-1.812 -4.690 -0.133
-1.896 -4.731 -0.194
-1.883 -4.770 -0.184
-1.877 -4.956 -0.218
-1.929 -5.042 -0.302
-1.973 -5.065 -0.310
-2.006 -5.076 -0.329
-2.017 -5.082 -0.343
-2.049 -5.096 -0.318
-1.955 -5.067 -0.243
-1.888 -5.054 -0.209
-1.862 -5.044 -0.167
-1.838 -5.033 -0.161
-1.800 -5.049 -0.121
-1.800 -5.014 -0.100
-1.838 -5.070 -0.076
-1.874 -5.160 -0.076
-1.822 -5.190 -0.125
-1.784 -5.239 -0.130
-1.770 -5.225 -0.151
-1.777 -5.235 -0.174
-1.806 -5.309 -0.173
-1.829 -5.358 -0.177
-1.886 -5.425 -0.161
-1.864 -5.450 -0.153
-1.808 -5.513 -0.211
-1.757 -5.523 -0.279
-1.812 -5.572 -0.214
-1.784 -5.618 -0.214
-1.827 -5.687 -0.176
-1.876 -5.758 -0.147
-1.867 -5.765 -0.149
-1.866 -5.839 -0.181
-1.756 -5.820 -0.125
-1.720 -5.796 -0.131
-1.719 -5.751 -0.118
-1.700 -5.737 -0.128
-1.709 -5.731 -0.106
-1.761 -5.742 -0.101
-1.775 -5.694 -0.045
-1.770 -5.734 -0.088
-1.765 -5.749 -0.115
-1.781 -5.748 -0.097
-1.796 -5.755 -0.096
-1.834 -5.823 -0.198
-1.890 -5.842 -0.145
-1.926 -5.875 -0.199
-2.024 -5.959 -0.237
-2.001 -6.004 -0.217
-1.957 -6.009 -0.217
-1.967 -6.048 -0.230
-1.949 -6.078 -0.250
-1.936 -6.108 -0.296
-1.936 -6.180 -0.436
-2.047 -6.157 -0.308
-2.002 -6.153 -0.302
-1.926 -6.209 -0.385
-1.974 -6.211 -0.289
-1.894 -6.183 -0.292
-1.918 -6.216 -0.282
-1.864 -6.183 -0.253
-1.888 -6.174 -0.209
-1.938 -6.200 -0.187
-1.950 -6.180 -0.168
-1.885 -6.188 -0.202
-1.841 -6.144 -0.211
-1.825 -6.139 -0.235
-1.845 -6.137 -0.242
-1.851 -6.112 -0.219
-1.874 -6.101 -0.226
-1.986 -6.157 -0.205
-1.949 -6.167 -0.223
-1.876 -6.136 -0.225
-1.873 -6.121 -0.178
-1.850 -6.123 -0.150
-1.826 -6.134 -0.105
-1.912 -6.177 -0.157
-1.960 -6.195 -0.159
-1.860 -6.138 -0.113
-1.824 -6.126 -0.105
-1.790 -6.111 -0.026
-1.818 -6.141 -0.041
-1.858 -6.130 -0.061
-1.949 -6.194 -0.140
-2.084 -6.284 -0.250
-2.087 -6.295 -0.227
-2.056 -6.288 -0.244
-2.084 -6.348 -0.324
-2.084 -6.315 -0.234
-2.041 -6.281 -0.242
-2.075 -6.269 -0.212
-2.175 -6.323 -0.198
-2.075 -6.264 -0.192
-1.979 -6.220 -0.165
-2.027 -6.237 -0.143
-2.003 -6.237 -0.184
-2.057 -6.246 -0.201
-2.039 -6.217 -0.178
-2.115 -6.271 -0.205
-2.171 -6.288 -0.195
-2.108 -6.258 -0.196
-2.046 -6.193 -0.204
-2.008 -6.198 -0.213
-1.996 -6.146 -0.191
-2.009 -6.140 -0.215
-2.044 -6.143 -0.180
-2.119 -6.139 -0.155
-2.159 -6.117 -0.072
-2.049 -5.999  0.120
-1.833 -5.770  0.392
-1.750 -5.570  0.514
-1.708 -5.517  0.541
-1.669 -5.519  0.558
-1.757 -5.645  0.539
-1.844 -5.680  0.514
-1.859 -5.714  0.442
-1.812 -5.753  0.409
-1.790 -5.762  0.416
-1.799 -5.779  0.372
-1.819 -5.811  0.330
-1.758 -5.806  0.308
-1.831 -5.872  0.279
-1.886 -5.827  0.289
-1.934 -5.840  0.284
-1.856 -5.802  0.282
-1.851 -5.820  0.226
-1.877 -5.855  0.168
-1.926 -5.863  0.098
-1.958 -5.896  0.022
-2.027 -5.946 -0.038
-2.054 -5.921 -0.066
-2.054 -5.903 -0.071
-2.040 -5.912 -0.076
-1.985 -5.864 -0.062
-1.978 -5.875 -0.066
-1.945 -5.843 -0.060
-1.896 -5.800 -0.071
-1.948 -5.831 -0.076
-1.991 -5.828 -0.116
-2.098 -5.866 -0.147
-2.114 -5.897 -0.085
-2.086 -5.913 -0.144
-2.061 -5.924 -0.188
-2.025 -5.887 -0.171
-1.971 -5.815 -0.141
-1.940 -5.878 -0.309
-2.008 -5.850 -0.220
-2.070 -5.905 -0.291
-2.123 -5.912 -0.238
-2.064 -5.893 -0.193
-2.016 -5.846 -0.246
-2.043 -5.854 -0.240
-2.005 -5.841 -0.216
-2.019 -5.886 -0.237
-2.052 -5.900 -0.224
-2.086 -5.892 -0.180
-2.084 -5.882 -0.157
-1.994 -5.805 -0.129
-1.961 -5.813 -0.166
-1.962 -5.839 -0.192
-1.926 -5.804 -0.167
-1.879 -5.778 -0.194
-1.952 -5.782 -0.139
-2.018 -5.774 -0.139
-1.975 -5.761 -0.129
-1.988 -5.776 -0.150
-1.965 -5.742 -0.166
-1.958 -5.781 -0.208
-2.018 -5.827 -0.233
-2.042 -5.800 -0.244
-2.074 -5.812 -0.275
-2.108 -5.777 -0.214
-2.130 -5.771 -0.257
-2.069 -5.772 -0.280
-2.064 -5.708 -0.211
-2.059 -5.709 -0.230
-2.108 -5.737 -0.228
-2.104 -5.718 -0.199
-2.140 -5.732 -0.236
-2.203 -5.768 -0.234
-2.207 -5.733 -0.222
-2.160 -5.700 -0.175
-2.110 -5.629 -0.073
-2.070 -5.581 -0.073
-2.065 -5.581 -0.122
-2.135 -5.585 -0.115
-2.152 -5.577 -0.154
-2.233 -5.638 -0.155
-2.279 -5.653 -0.206
-2.140 -5.592 -0.194
-2.087 -5.635 -0.324
-2.103 -5.580 -0.190
-2.029 -5.539 -0.184
-2.057 -5.556 -0.204
-2.123 -5.556 -0.068
-2.112 -5.515 -0.055
-2.043 -5.512 -0.182
-2.039 -5.475 -0.076
-1.949 -5.436 -0.110
-1.953 -5.466 -0.203
-1.922 -5.391 -0.038
-1.870 -5.355 -0.068
-1.970 -5.372 -0.095
-2.050 -5.369 -0.134
-2.096 -5.408 -0.196
-2.100 -5.452 -0.254
-2.039 -5.378 -0.199
-2.053 -5.368 -0.200
-2.115 -5.369 -0.245
-2.193 -5.378 -0.278
-2.313 -5.439 -0.341
-2.353 -5.439 -0.372
-2.365 -5.429 -0.358
-2.255 -5.347 -0.339
-2.226 -5.292 -0.321
-2.206 -5.251 -0.307
-2.210 -5.247 -0.313
-2.221 -5.263 -0.316
-2.268 -5.258 -0.301
-2.334 -5.267 -0.351
-2.246 -5.190 -0.270
-2.192 -5.150 -0.238
-2.204 -5.174 -0.271
-2.205 -5.158 -0.297
-2.209 -5.167 -0.296
-2.227 -5.212 -0.407
-2.340 -5.199 -0.289
-2.298 -5.187 -0.327
-2.193 -5.177 -0.370
-2.263 -5.160 -0.253
-2.237 -5.117 -0.315
-2.289 -5.120 -0.277
-2.275 -5.113 -0.288
-2.329 -5.149 -0.318
-2.407 -5.171 -0.319
-2.298 -5.095 -0.216
-2.223 -5.042 -0.223
-2.220 -5.058 -0.250
-2.223 -5.058 -0.281
-2.186 -5.038 -0.215
-2.222 -5.085 -0.234
-2.279 -5.080 -0.237
-2.267 -5.056 -0.237
-2.176 -5.034 -0.226
-2.160 -4.990 -0.203
-2.183 -5.015 -0.246
-2.173 -4.990 -0.218
-2.139 -4.930 -0.152
-2.174 -4.955 -0.177
-2.247 -4.939 -0.103
-2.193 -4.853  0.016
-2.103 -4.767  0.151
-2.081 -4.732  0.207
-2.105 -4.698  0.204
-2.187 -4.719  0.092
-2.252 -4.768  0.019
-2.278 -4.803 -0.036
-2.342 -4.797 -0.003
-2.303 -4.820 -0.044
-2.198 -4.785 -0.056
-2.199 -4.791 -0.046
-2.181 -4.743 -0.024
-2.193 -4.749 -0.015
-2.211 -4.763 -0.022
-2.270 -4.799 -0.075
-2.292 -4.849 -0.133
-2.232 -4.813 -0.120
-2.202 -4.801 -0.099
-2.206 -4.785 -0.085
-2.195 -4.802 -0.058
-2.206 -4.784 -0.042
-2.260 -4.796 -0.057
-2.252 -4.788 -0.059
-2.146 -4.725 -0.028
-2.073 -4.693  0.026
-2.074 -4.716 -0.018
-2.072 -4.751 -0.043
-2.141 -4.824 -0.085
-2.177 -4.850 -0.073
-2.188 -4.888 -0.074
-2.137 -4.922 -0.095
-2.114 -4.907 -0.099
-2.099 -4.894 -0.126
-2.081 -4.920 -0.126
-2.072 -4.952 -0.168
-2.082 -4.961 -0.141
-2.091 -4.948 -0.092
-2.054 -4.981 -0.128
-1.970 -5.013 -0.102
-1.936 -5.001  0.011
-1.827 -4.931  0.158
-1.740 -4.895  0.212
-1.749 -4.923  0.233
-1.884 -5.017  0.198
-1.808 -5.077  0.146
-1.847 -5.185  0.105
-1.874 -5.290  0.098
-1.872 -5.373  0.100
-1.884 -5.446  0.095
-1.944 -5.540  0.014
-2.051 -5.674 -0.099
-2.105 -5.653 -0.042
-2.028 -5.556 -0.042
-2.074 -5.542 -0.082
-2.091 -5.496 -0.094
-2.071 -5.438 -0.102
-2.126 -5.438 -0.199
-2.141 -5.357 -0.052
-2.046 -5.270 -0.019
-2.026 -5.242 -0.011
-2.009 -5.188  0.033
-1.949 -5.139  0.052
-1.945 -5.123 -0.052
-1.983 -5.099  0.022
-1.965 -5.054  0.027
-1.936 -5.090 -0.075
-1.951 -5.051  0.026
-1.864 -4.976 -0.003
-1.882 -4.944  0.015
-1.906 -4.942  0.018
-1.948 -4.915  0.003
-2.021 -4.945 -0.033
-2.013 -4.963 -0.045
-1.939 -4.898 -0.021
-1.925 -4.914 -0.030
-1.917 -4.874 -0.044
-1.920 -4.869 -0.077
-1.921 -4.841 -0.053
-1.896 -4.803  0.004
-1.930 -4.798 -0.019
-1.877 -4.760 -0.001
-1.826 -4.741 -0.024
-1.862 -4.759 -0.022
-1.853 -4.741 -0.017
-1.942 -4.777 -0.087
-2.133 -4.848 -0.102
-2.225 -4.891 -0.176
-2.173 -4.866 -0.233
-2.174 -4.882 -0.314
-2.221 -4.890 -0.297
-2.198 -4.841 -0.316
-2.289 -4.892 -0.358
-2.375 -4.859 -0.306
-2.389 -4.850 -0.234
-2.364 -4.827 -0.207
-2.348 -4.808 -0.225
-2.290 -4.766 -0.224
-2.295 -4.745 -0.196
-2.263 -4.731 -0.152
-2.299 -4.738 -0.145
-2.323 -4.740 -0.136
-2.258 -4.719 -0.159
-2.162 -4.671 -0.111
-2.161 -4.676 -0.144
-2.153 -4.654 -0.133
-2.171 -4.686 -0.173
-2.210 -4.688 -0.153
-2.255 -4.710 -0.162
-2.282 -4.689 -0.140
-2.198 -4.675 -0.143
-2.162 -4.625 -0.123
-2.188 -4.654 -0.157
-2.154 -4.619 -0.127
-2.141 -4.623 -0.132
-2.195 -4.669 -0.229
-2.229 -4.632 -0.100
-2.116 -4.582 -0.084
-2.128 -4.606 -0.111
-2.131 -4.587 -0.032
-2.079 -4.552 -0.064
-2.128 -4.578 -0.043
-2.136 -4.609 -0.061
-2.188 -4.629 -0.062
-2.232 -4.638 -0.060
-2.176 -4.639 -0.063
-2.147 -4.628 -0.087
-2.124 -4.621 -0.082
-2.101 -4.610 -0.114
-2.051 -4.572 -0.109
-2.135 -4.622 -0.058
-2.170 -4.627 -0.075
-2.251 -4.681 -0.081
-2.239 -4.697 -0.061
-2.191 -4.656 -0.060
-2.152 -4.654 -0.082
-2.116 -4.629 -0.075
-2.078 -4.617 -0.077
-2.101 -4.636 -0.054
-2.154 -4.664 -0.082
-2.199 -4.639 -0.057
-2.207 -4.613 -0.044
-2.264 -4.653 -0.076
-2.248 -4.672 -0.115
-2.231 -4.691 -0.129
-2.220 -4.661 -0.086
-2.174 -4.558  0.018
-2.211 -4.459  0.099
-2.170 -4.334  0.104
-2.217 -4.328 -0.022
-2.309 -4.280  0.104
-2.335 -4.299  0.089
-2.360 -4.343  0.039
-2.371 -4.368 -0.004
-2.380 -4.426 -0.147
-2.386 -4.413 -0.086
-2.390 -4.367 -0.094
-2.399 -4.342 -0.068
-2.356 -4.262 -0.000
-2.345 -4.241  0.061
-2.388 -4.273  0.110
-2.341 -4.293  0.072
-2.278 -4.292  0.033
-2.221 -4.266  0.055
-2.180 -4.237  0.046
-2.158 -4.247  0.087
-2.135 -4.234  0.071
-2.185 -4.276  0.057
-2.239 -4.312  0.034
-2.279 -4.350 -0.025
-2.245 -4.366 -0.096
-2.211 -4.347 -0.107
-2.174 -4.369 -0.194
-2.202 -4.362 -0.050
-2.224 -4.386 -0.099
-2.327 -4.487 -0.192
-2.392 -4.556 -0.238
-2.404 -4.541 -0.231
-2.311 -4.493 -0.195
-2.324 -4.508 -0.246
-2.328 -4.519 -0.266
-2.327 -4.537 -0.258
-2.343 -4.561 -0.286
-2.366 -4.579 -0.264
-2.270 -4.524 -0.220
-2.255 -4.543 -0.267
-2.291 -4.555 -0.303
-2.271 -4.560 -0.264
-2.282 -4.569 -0.260
-2.286 -4.596 -0.257
-2.274 -4.613 -0.259
-2.262 -4.618 -0.242
-2.205 -4.583 -0.231
-2.251 -4.594 -0.205
-2.274 -4.553 -0.115
-2.215 -4.488 -0.063
-2.103 -4.465 -0.016
-2.059 -4.441  0.003
-2.047 -4.440 -0.000
-2.023 -4.445 -0.058
-2.091 -4.491 -0.078
-2.133 -4.512 -0.106
-2.130 -4.528 -0.169
-2.089 -4.542 -0.223
-2.048 -4.564 -0.165
-1.989 -4.573 -0.106
-1.977 -4.574 -0.083
-1.973 -4.580 -0.065
-2.024 -4.604 -0.067
-2.076 -4.609 -0.069
-2.022 -4.602 -0.102
-2.002 -4.608 -0.111
-2.044 -4.642 -0.147
-2.083 -4.665 -0.150
-2.098 -4.673 -0.164
-2.184 -4.739 -0.198
-2.276 -4.779 -0.158
-2.206 -4.745 -0.170
-2.155 -4.724 -0.144
-2.167 -4.706 -0.155
-2.192 -4.705 -0.161
-2.204 -4.779 -0.318
-2.350 -4.809 -0.241
-2.353 -4.829 -0.318
-2.317 -4.850 -0.409
-2.321 -4.804 -0.287
-2.263 -4.739 -0.293
-2.286 -4.722 -0.249
-2.307 -4.729 -0.253
-2.346 -4.758 -0.289
-2.419 -4.781 -0.295
-2.433 -4.818 -0.326
-2.335 -4.785 -0.308
-2.310 -4.799 -0.326
-2.305 -4.787 -0.331
-2.337 -4.810 -0.328
-2.351 -4.807 -0.344
-2.452 -4.824 -0.364
-2.526 -4.854 -0.341
-2.498 -4.859 -0.388
-2.418 -4.813 -0.381
-2.385 -4.821 -0.350
-2.373 -4.819 -0.364
-2.359 -4.804 -0.359
-2.386 -4.847 -0.477
-2.494 -4.879 -0.419
-2.449 -4.832 -0.412
-2.400 -4.801 -0.413
-2.322 -4.767 -0.364
-2.300 -4.760 -0.379
-2.279 -4.764 -0.429
-2.315 -4.762 -0.366
-2.339 -4.750 -0.355
-2.410 -4.800 -0.357
-2.364 -4.805 -0.390
-2.355 -4.801 -0.375
-2.329 -4.801 -0.382
-2.357 -4.812 -0.387
-2.415 -4.791 -0.383
-2.489 -4.836 -0.411
-2.554 -4.876 -0.426
-2.592 -4.914 -0.450
-2.523 -4.912 -0.449
-2.484 -4.898 -0.468
-2.477 -4.933 -0.501
-2.466 -4.924 -0.509
-2.491 -4.926 -0.528
-2.554 -4.941 -0.537
-2.630 -4.970 -0.541
-2.640 -4.969 -0.538
-2.583 -4.999 -0.577
-2.563 -4.979 -0.529
-2.550 -4.965 -0.490
-2.540 -4.960 -0.465
-2.512 -4.975 -0.493
-2.532 -5.050 -0.635
-2.601 -5.023 -0.477
-2.488 -4.945 -0.450
-2.406 -4.975 -0.538
-2.488 -4.967 -0.443
-2.445 -4.938 -0.430
-2.490 -4.974 -0.436
-2.518 -4.999 -0.461
-2.562 -5.013 -0.431
-2.632 -5.050 -0.443
-2.563 -5.041 -0.454
-2.523 -5.022 -0.462
-2.518 -5.030 -0.446
-2.501 -5.012 -0.414
-2.567 -5.057 -0.446
-2.612 -5.074 -0.457
-2.627 -5.061 -0.399
-2.638 -5.084 -0.408
-2.598 -5.097 -0.526
-2.471 -4.982 -0.441
-2.469 -4.976 -0.426
-2.479 -5.009 -0.452
-2.469 -4.986 -0.419
-2.492 -4.999 -0.376
-2.542 -5.019 -0.340
-2.536 -5.034 -0.338
-2.493 -5.029 -0.348
-2.490 -5.072 -0.410
-2.496 -5.092 -0.458
-2.490 -5.068 -0.460
-2.445 -5.029 -0.432
-2.506 -5.060 -0.423
-2.517 -5.048 -0.393
-2.463 -5.002 -0.382
-2.427 -4.974 -0.399
-2.379 -4.972 -0.418
-2.346 -4.975 -0.425
-2.330 -4.956 -0.369
-2.350 -4.971 -0.326
-2.436 -4.999 -0.323
-2.472 -5.033 -0.412
-2.413 -5.022 -0.414
-2.378 -4.993 -0.424
-2.356 -5.004 -0.495
-2.362 -4.966 -0.341
-2.147 -4.750 -0.075
-1.914 -4.443  0.241
-1.811 -4.195  0.591
-1.706 -4.067  0.641
-1.806 -4.127  0.574
-1.896 -4.209  0.503
-1.925 -4.261  0.485
-1.976 -4.303  0.397
-2.034 -4.331  0.318
-2.109 -4.419  0.227
-2.070 -4.424  0.238
-2.032 -4.437  0.155
-2.091 -4.484  0.112
-2.113 -4.488  0.163
-2.076 -4.471  0.136
-2.162 -4.498  0.151
-2.220 -4.519  0.084
-2.198 -4.501  0.055
-2.194 -4.531 -0.036
-2.182 -4.557 -0.058
-2.195 -4.578 -0.093
-2.171 -4.609 -0.128
-2.138 -4.583 -0.151
-2.276 -4.657 -0.167
-2.330 -4.679 -0.209
-2.270 -4.651 -0.210
-2.278 -4.681 -0.247
-2.289 -4.705 -0.286
-2.281 -4.709 -0.324
-2.280 -4.680 -0.301
-2.284 -4.685 -0.326
-2.340 -4.719 -0.349
-2.335 -4.711 -0.294
-2.242 -4.686 -0.300
-2.232 -4.746 -0.397
-2.238 -4.749 -0.315
-2.196 -4.728 -0.340
-2.267 -4.765 -0.317
-2.342 -4.776 -0.319
-2.364 -4.788 -0.342
-2.318 -4.789 -0.364
-2.259 -4.767 -0.374
-2.273 -4.765 -0.396
-2.251 -4.780 -0.385
-2.215 -4.734 -0.354
-2.268 -4.776 -0.391
-2.325 -4.782 -0.366
-2.267 -4.762 -0.404
-2.212 -4.790 -0.475
-2.213 -4.760 -0.365
-2.161 -4.711 -0.363
-2.242 -4.762 -0.359
-2.245 -4.760 -0.367
-2.342 -4.792 -0.387
-2.430 -4.814 -0.419
-2.399 -4.798 -0.424
-2.370 -4.783 -0.416
-2.345 -4.780 -0.400
-2.335 -4.753 -0.401
-2.311 -4.738 -0.421
-2.326 -4.749 -0.386
-2.398 -4.773 -0.418
-2.480 -4.799 -0.375
-2.445 -4.783 -0.399
-2.391 -4.757 -0.398
-2.414 -4.798 -0.433
-2.429 -4.832 -0.450
-2.459 -4.874 -0.473
-2.476 -4.898 -0.444
-2.492 -4.889 -0.448
-2.541 -4.950 -0.543
-2.544 -4.898 -0.422
-2.433 -4.841 -0.408
-2.439 -4.890 -0.501
-2.440 -4.850 -0.402
-2.388 -4.805 -0.382
-2.450 -4.820 -0.362
-2.474 -4.809 -0.292
-2.488 -4.804 -0.327
-2.446 -4.787 -0.277
-2.382 -4.765 -0.273
-2.388 -4.770 -0.270
-2.395 -4.761 -0.274
-2.379 -4.761 -0.268
-2.432 -4.852 -0.357
-2.479 -4.877 -0.326
-2.472 -4.869 -0.336
-2.440 -4.896 -0.343
-2.404 -4.902 -0.348
-2.379 -4.854 -0.333
-2.401 -4.884 -0.319
-2.392 -4.878 -0.319
-2.397 -4.898 -0.292
-2.403 -4.916 -0.322
-2.404 -4.982 -0.413
-2.435 -4.958 -0.340
-2.414 -4.947 -0.347
-2.461 -4.962 -0.382
-2.492 -4.992 -0.406
-2.554 -5.025 -0.415
-2.598 -5.051 -0.446
-2.521 -5.006 -0.417
-2.415 -4.971 -0.402
-2.305 -4.915 -0.334
-2.341 -4.923 -0.308
-2.333 -4.941 -0.339
-2.332 -4.912 -0.363
-2.371 -4.918 -0.350
-2.420 -4.903 -0.348
-2.445 -4.921 -0.344
-2.383 -4.893 -0.296
-2.404 -4.895 -0.320
-2.441 -4.883 -0.380
-2.438 -4.869 -0.351
-2.419 -4.864 -0.344
-2.433 -4.894 -0.380
-2.472 -4.893 -0.387
-2.507 -4.889 -0.366
-2.516 -4.883 -0.356
-2.453 -4.866 -0.353
-2.435 -4.895 -0.425
-2.441 -4.938 -0.451
-2.423 -4.931 -0.430
-2.444 -4.936 -0.457
-2.504 -4.956 -0.483
-2.559 -5.000 -0.493
-2.613 -5.064 -0.509
-2.646 -5.123 -0.511
-2.558 -5.205 -0.529
-2.459 -5.294 -0.468
-2.450 -5.310 -0.442
-2.459 -5.302 -0.420
-2.491 -5.287 -0.459
-2.526 -5.296 -0.476
-2.581 -5.320 -0.505
-2.628 -5.336 -0.507
-2.578 -5.283 -0.462
-2.480 -5.225 -0.484
-2.435 -5.201 -0.538
-2.423 -5.126 -0.388
-2.405 -5.097 -0.354
-2.392 -5.087 -0.359
-2.421 -5.038 -0.389
-2.443 -5.058 -0.503
-2.532 -5.060 -0.415
-2.399 -5.010 -0.417
-2.427 -5.011 -0.429
-2.409 -4.969 -0.420
-2.403 -4.968 -0.473
-2.420 -4.969 -0.447
-2.455 -4.950 -0.446
-2.509 -4.998 -0.451
-2.524 -4.978 -0.467
-2.430 -4.933 -0.463
-2.403 -4.913 -0.411
-2.285 -4.819 -0.389
-2.340 -4.865 -0.434
-2.422 -4.926 -0.413
-2.488 -4.943 -0.452
-2.596 -4.972 -0.471
-2.641 -4.969 -0.486
-2.588 -4.965 -0.502
-2.595 -4.986 -0.557
-2.571 -4.964 -0.561
-2.564 -4.975 -0.561
-2.536 -4.982 -0.583
-2.533 -4.972 -0.586
-2.686 -5.038 -0.627
-2.686 -5.009 -0.641
-2.560 -4.958 -0.616
-2.526 -4.963 -0.589
-2.510 -4.981 -0.602
-2.528 -4.995 -0.629
-2.518 -4.967 -0.575
-2.549 -4.978 -0.571
-2.618 -5.035 -0.595
-2.591 -5.045 -0.605
-2.542 -5.027 -0.624
-2.537 -4.980 -0.613
-2.489 -4.961 -0.637
-2.469 -4.990 -0.743
-2.574 -4.991 -0.641
-2.621 -4.982 -0.652
-2.698 -4.991 -0.622
-2.635 -5.000 -0.672
-2.515 -4.977 -0.658
-2.510 -4.963 -0.647
-2.541 -4.976 -0.682
-2.532 -4.965 -0.688
-2.582 -4.977 -0.693
-2.624 -4.998 -0.672
-2.656 -5.024 -0.650
-2.592 -5.010 -0.657
-2.531 -5.002 -0.638
-2.545 -5.004 -0.677
-2.515 -4.993 -0.659
-2.481 -4.969 -0.643
-2.569 -4.975 -0.627
-2.645 -5.048 -0.681
-2.643 -5.022 -0.726
-2.618 -5.028 -0.713
-2.578 -5.001 -0.702
-2.595 -5.031 -0.698
-2.613 -5.032 -0.694
-2.617 -5.001 -0.663
-2.687 -5.018 -0.695
-2.739 -5.024 -0.663
-2.700 -5.012 -0.681
-2.594 -5.060 -0.797
-2.598 -4.987 -0.659
-2.546 -4.947 -0.647
-2.555 -4.961 -0.609
-2.553 -4.963 -0.603
-2.627 -5.025 -0.684
-2.658 -5.019 -0.628
-2.561 -4.957 -0.647
-2.492 -4.969 -0.772
-2.542 -4.964 -0.628
-2.521 -4.968 -0.682
-2.598 -5.015 -0.705
-2.621 -5.048 -0.764
-2.697 -5.072 -0.786
-2.773 -5.102 -0.825
-2.738 -5.103 -0.817
-2.684 -5.131 -0.825
-2.643 -5.118 -0.782
-2.608 -5.118 -0.780
-2.618 -5.115 -0.788
-2.634 -5.153 -0.792
-2.662 -5.191 -0.817
-2.766 -5.297 -0.925
-2.783 -5.325 -0.848
-2.638 -5.309 -0.841
-2.626 -5.334 -0.879
-2.654 -5.349 -0.838
-2.645 -5.349 -0.981
-2.615 -5.384 -0.980
-2.606 -5.384 -0.939
-2.627 -5.371 -0.930
-2.627 -5.375 -0.867
-2.566 -5.363 -0.905
-2.569 -5.388 -0.955
-2.562 -5.408 -0.939
-2.541 -5.364 -0.921
-2.525 -5.402 -1.053
-2.582 -5.359 -0.943
-2.622 -5.359 -0.946
-2.703 -5.387 -0.884
-2.706 -5.407 -0.939
-2.654 -5.373 -0.960
-2.676 -5.378 -0.930
-2.678 -5.419 -1.016
-2.677 -5.423 -0.938
-2.656 -5.436 -0.914
-2.678 -5.386 -0.894
-2.699 -5.374 -0.829
-2.628 -5.373 -0.808
-2.662 -5.395 -0.874
-2.645 -5.395 -0.876
-2.659 -5.416 -0.872
-2.629 -5.404 -0.830
-2.682 -5.392 -0.832
-2.738 -5.407 -0.872
-2.751 -5.398 -0.876
-2.665 -5.391 -0.880
-2.662 -5.410 -0.917
-2.656 -5.382 -0.881
-2.629 -5.339 -0.816
-2.638 -5.345 -0.775
-2.677 -5.349 -0.758
-2.723 -5.386 -0.761
-2.683 -5.386 -0.796
-2.598 -5.329 -0.750
-2.606 -5.339 -0.785
-2.612 -5.324 -0.824
-2.583 -5.299 -0.783
-2.563 -5.304 -0.838
-2.653 -5.374 -0.822
-2.711 -5.374 -0.847
-2.758 -5.390 -0.848
-2.670 -5.337 -0.844
-2.629 -5.337 -0.814
-2.625 -5.339 -0.823
-2.629 -5.282 -0.791
-2.637 -5.306 -0.790
-2.703 -5.306 -0.799
-2.695 -5.275 -0.768
-2.738 -5.309 -0.785
-2.729 -5.329 -0.816
-2.732 -5.335 -0.904
-2.813 -5.439 -1.022
-2.879 -5.498 -1.027
-2.851 -5.422 -1.054
-2.938 -5.485 -1.110
-2.954 -5.452 -1.080
-2.930 -5.450 -1.053
-2.849 -5.447 -1.095
-2.819 -5.435 -1.091
-2.804 -5.424 -1.065
-2.794 -5.369 -1.054
-2.727 -5.285 -1.053
-2.801 -5.338 -1.168
-2.937 -5.343 -1.104
-2.798 -5.271 -1.120
-2.783 -5.275 -1.085
-2.739 -5.256 -1.045
-2.718 -5.212 -1.002
-2.717 -5.201 -1.024
-2.731 -5.221 -1.040
-2.796 -5.253 -1.036
-2.828 -5.224 -1.015
-2.776 -5.206 -1.039
-2.727 -5.173 -1.032
-2.713 -5.143 -1.030
-2.680 -5.151 -1.020
-2.716 -5.148 -1.068
-2.769 -5.207 -1.061
-2.770 -5.152 -1.060
-2.847 -5.195 -1.216
-2.812 -5.223 -1.108
-2.693 -5.132 -1.081
-2.641 -5.123 -1.124
-2.693 -5.129 -1.014
-2.701 -5.123 -1.012
-2.747 -5.193 -1.057
-2.763 -5.175 -1.054
-2.699 -5.090 -1.013
-2.635 -5.064 -1.006
-2.592 -5.043 -0.967
-2.550 -5.072 -1.124
-2.664 -5.085 -1.085
-2.725 -5.108 -1.191
-2.811 -5.186 -1.239
-2.881 -5.254 -1.290
-2.846 -5.283 -1.296
-2.797 -5.291 -1.299
-2.783 -5.266 -1.315
-2.759 -5.238 -1.267
-2.749 -5.245 -1.280
-2.741 -5.161 -1.256
-2.867 -5.311 -1.252
-2.885 -5.328 -1.263
-2.802 -5.277 -1.310
-2.801 -5.295 -1.362
-2.807 -5.289 -1.428
-2.831 -5.295 -1.417
-2.870 -5.270 -1.440
-2.884 -5.244 -1.430
-2.894 -5.249 -1.573
-2.921 -5.247 -1.437
-2.819 -5.184 -1.428
-2.864 -5.234 -1.403
-2.872 -5.246 -1.445
-2.883 -5.264 -1.456
-2.938 -5.259 -1.437
-2.978 -5.250 -1.399
-2.999 -5.277 -1.394
-2.933 -5.300 -1.414
-2.841 -5.243 -1.377
-2.834 -5.279 -1.456
-2.836 -5.260 -1.376
-2.807 -5.214 -1.331
-2.889 -5.250 -1.324
-2.900 -5.229 -1.286
-2.873 -5.244 -1.320
-2.832 -5.226 -1.315
-2.830 -5.230 -1.321
-2.800 -5.245 -1.455
-2.877 -5.247 -1.324
-2.920 -5.261 -1.243
-3.014 -5.331 -1.248
-3.058 -5.309 -1.245
-3.059 -5.348 -1.291
-3.007 -5.328 -1.316
-2.972 -5.328 -1.354
-2.989 -5.347 -1.427
-3.002 -5.341 -1.397
-2.945 -5.349 -1.388
-3.011 -5.367 -1.362
-2.995 -5.368 -1.356
-2.883 -5.365 -1.386
-2.873 -5.366 -1.372
-2.865 -5.357 -1.381
-2.852 -5.378 -1.385
-2.835 -5.377 -1.359
-2.812 -5.378 -1.330
-2.797 -5.394 -1.300
-2.810 -5.408 -1.239
-2.697 -5.334 -1.224
-2.653 -5.332 -1.254
-2.664 -5.368 -1.320
-2.688 -5.393 -1.344
-2.685 -5.368 -1.267
-2.710 -5.360 -1.265
-2.772 -5.388 -1.240
-2.765 -5.388 -1.224
-2.740 -5.393 -1.258
-2.738 -5.420 -1.273
-2.711 -5.393 -1.248
-2.697 -5.402 -1.285
-2.728 -5.393 -1.271
-2.776 -5.386 -1.289
-2.813 -5.386 -1.296
-2.790 -5.406 -1.268
-2.774 -5.434 -1.314
-2.748 -5.436 -1.358
-2.721 -5.416 -1.349
-2.713 -5.410 -1.447
-2.746 -5.399 -1.383
-2.757 -5.410 -1.368
-2.770 -5.419 -1.318
-2.736 -5.408 -1.260
-2.733 -5.421 -1.311
-2.729 -5.405 -1.330
-2.771 -5.402 -1.395
-2.700 -5.384 -1.453
-2.770 -5.400 -1.392
-2.825 -5.409 -1.380
-2.865 -5.428 -1.317
-2.837 -5.418 -1.293
-2.785 -5.401 -1.326
-2.755 -5.406 -1.282
-2.705 -5.381 -1.283
-2.733 -5.375 -1.226
-2.734 -5.381 -1.199
-2.815 -5.401 -1.201
-2.838 -5.394 -1.129
-2.846 -5.403 -1.130
-2.808 -5.398 -1.166
-2.810 -5.388 -1.119
-2.770 -5.396 -1.060
-2.830 -5.419 -1.023
-2.875 -5.462 -1.019
-2.948 -5.475 -1.001
-3.010 -5.466 -0.991
-3.012 -5.473 -1.017
-2.994 -5.410 -1.058
-2.998 -5.408 -1.029
-2.947 -5.422 -0.970
-3.020 -5.430 -0.978
-2.999 -5.436 -0.928
-3.031 -5.416 -0.924
-3.083 -5.415 -0.897
-3.060 -5.393 -0.861
-3.088 -5.422 -0.801
-3.082 -5.442 -0.800
-3.023 -5.457 -0.781
-3.017 -5.445 -0.778
-3.015 -5.447 -0.759
-2.981 -5.458 -0.807
-2.998 -5.473 -0.708
-2.971 -5.465 -0.628
-3.017 -5.487 -0.597
-3.009 -5.506 -0.581
-2.997 -5.490 -0.703
-3.040 -5.544 -0.602
-3.043 -5.543 -0.652
-3.088 -5.535 -0.658
-3.101 -5.530 -0.723
-3.058 -5.526 -0.850
-3.130 -5.529 -0.698
-3.126 -5.520 -0.639
-3.108 -5.513 -0.568
-3.044 -5.513 -0.561
-3.020 -5.519 -0.738
-2.991 -5.528 -0.796
-2.952 -5.526 -0.901
-2.953 -5.494 -1.012
-2.904 -5.497 -1.072
-2.966 -5.490 -1.153
-3.014 -5.475 -1.222
-3.065 -5.477 -1.270
-3.123 -5.487 -1.313
-3.042 -5.466 -1.399
-3.060 -5.461 -1.411
-3.035 -5.469 -1.423
-3.028 -5.461 -1.483
-3.031 -5.434 -1.488
-3.016 -5.432 -1.521
-3.083 -5.426 -1.505
-3.138 -5.418 -1.538
-3.142 -5.416 -1.509
-3.110 -5.426 -1.526
-3.082 -5.430 -1.588
-3.051 -5.446 -1.588
-3.026 -5.443 -1.535
-3.004 -5.442 -1.490
-3.037 -5.437 -1.478
-3.056 -5.425 -1.436
-3.055 -5.410 -1.512
-3.045 -5.410 -1.417
-2.993 -5.392 -1.464
-3.061 -5.398 -1.478
-3.054 -5.408 -1.467
-3.090 -5.399 -1.510
-3.145 -5.400 -1.495
-3.126 -5.414 -1.488
-3.103 -5.413 -1.543
-3.104 -5.402 -1.440
-3.020 -5.417 -1.410
-3.008 -5.408 -1.377
-2.951 -5.422 -1.294
-2.971 -5.428 -1.290
-3.016 -5.417 -1.282
-2.994 -5.406 -1.260
-2.993 -5.406 -1.263
-3.024 -5.418 -1.201
-2.976 -5.418 -1.180
-2.982 -5.418 -1.205
-2.972 -5.418 -1.209
-2.940 -5.424 -1.312
-3.024 -5.450 -1.165
-3.033 -5.492 -1.128
-3.029 -5.576 -1.053
-3.002 -5.622 -1.113
-3.009 -5.661 -1.169
-3.013 -5.676 -1.187
-2.991 -5.734 -1.189
-2.937 -5.806 -1.200
-2.988 -5.852 -1.144
-3.012 -5.935 -1.161
-3.027 -6.034 -1.149
-2.988 -6.116 -1.211
-2.946 -6.182 -1.286
-2.944 -6.225 -1.179
-2.890 -6.274 -1.119
-2.903 -6.293 -1.095
-2.942 -6.321 -1.080
-2.979 -6.368 -1.089
-2.985 -6.421 -1.104
-2.893 -6.449 -1.137
-2.910 -6.490 -1.115
-2.909 -6.513 -1.119
-2.879 -6.539 -1.061
-2.868 -6.552 -1.012
-2.806 -6.559 -0.958
-2.891 -6.577 -0.891
-2.895 -6.605 -0.911
-2.887 -6.660 -0.957
-2.866 -6.689 -0.972
-2.868 -6.695 -0.988
-2.859 -6.691 -1.062
-2.893 -6.679 -0.934
-2.900 -6.676 -0.885
-2.887 -6.669 -0.811
-2.867 -6.655 -0.764
-2.859 -6.668 -0.783
-2.880 -6.671 -0.747
-2.834 -6.668 -0.754
-2.898 -6.674 -0.747
-2.906 -6.665 -0.716
-2.971 -6.659 -0.718
-2.998 -6.653 -0.645
-2.968 -6.664 -0.629
-2.913 -6.684 -0.681
-2.886 -6.695 -0.630
-2.831 -6.710 -0.655
-2.905 -6.743 -0.627
-2.922 -6.753 -0.636
-2.949 -6.756 -0.703
-2.996 -6.767 -0.597
-2.991 -6.760 -0.540
-2.996 -6.762 -0.590
-2.989 -6.793 -0.617
-3.002 -6.803 -0.639
-3.014 -6.819 -0.653
-2.992 -6.833 -0.634
-2.975 -6.826 -0.544
-2.952 -6.818 -0.502
-3.001 -6.822 -0.480
-3.055 -6.842 -0.449
-3.094 -6.846 -0.468
-3.067 -6.864 -0.488
-3.017 -6.862 -0.477
-2.971 -6.899 -0.584
-3.018 -6.892 -0.433
-3.049 -6.885 -0.447
-3.046 -6.883 -0.461
-2.996 -6.879 -0.415
-3.099 -6.889 -0.470
-3.142 -6.895 -0.454
-3.143 -6.871 -0.537
-3.158 -6.862 -0.433
-3.113 -6.834 -0.461
-3.112 -6.829 -0.507
-3.087 -6.834 -0.485
-3.142 -6.835 -0.484
-3.134 -6.834 -0.489
-3.154 -6.811 -0.539
-3.217 -6.803 -0.441
-3.237 -6.777 -0.444
-3.241 -6.772 -0.404
-3.192 -6.777 -0.449
-3.161 -6.772 -0.491
-3.155 -6.768 -0.433
-3.121 -6.750 -0.439
-3.095 -6.741 -0.399
-3.057 -6.737 -0.381
-3.112 -6.718 -0.324
-3.166 -6.701 -0.342
-3.197 -6.666 -0.318
-3.166 -6.622 -0.354
-3.140 -6.576 -0.410
-3.076 -6.533 -0.527
-3.133 -6.486 -0.398
-3.129 -6.445 -0.397
-3.146 -6.433 -0.460
-3.104 -6.388 -0.440
-3.184 -6.377 -0.432
-3.194 -6.359 -0.403
-3.143 -6.346 -0.469
-3.207 -6.308 -0.429
-3.173 -6.266 -0.473
-3.181 -6.233 -0.496
-3.118 -6.203 -0.548
-3.203 -6.157 -0.543
-3.210 -6.120 -0.563
-3.251 -6.061 -0.597
-3.273 -6.021 -0.614
-3.294 -5.999 -0.630
-3.326 -5.959 -0.571
-3.328 -5.941 -0.567
-3.334 -5.896 -0.527
-3.317 -5.869 -0.573
-3.290 -5.835 -0.587
-3.280 -5.800 -0.587
-3.153 -5.772 -0.539
-3.172 -5.765 -0.496
-3.142 -5.745 -0.464
-3.164 -5.750 -0.500
-3.155 -5.731 -0.414
-3.147 -5.715 -0.403
-3.138 -5.714 -0.354
-3.112 -5.715 -0.433
-3.094 -5.693 -0.514
-3.082 -5.690 -0.488
-3.087 -5.675 -0.502
-3.126 -5.660 -0.533
-3.131 -5.642 -0.546
-3.248 -5.632 -0.551
-3.279 -5.619 -0.575
-3.279 -5.611 -0.622
-3.264 -5.576 -0.656
-3.214 -5.571 -0.673
-3.287 -5.549 -0.678
-3.279 -5.531 -0.709
-3.298 -5.525 -0.745
-3.331 -5.530 -0.694
-3.299 -5.520 -0.646
-3.281 -5.530 -0.590
-3.226 -5.543 -0.588
-3.190 -5.523 -0.642
-3.166 -5.520 -0.610
-3.140 -5.519 -0.624
-3.144 -5.508 -0.660
-3.115 -5.478 -0.705
-3.182 -5.478 -0.728
-3.197 -5.490 -0.663
-3.216 -5.495 -0.688
-3.238 -5.490 -0.752
-3.189 -5.483 -0.785
-3.308 -5.456 -0.844
-3.293 -5.448 -0.822
-3.340 -5.452 -0.882
-3.371 -5.450 -0.906
-3.435 -5.457 -0.915
-3.491 -5.447 -0.893
-3.472 -5.443 -0.872
-3.434 -5.443 -0.886
-3.395 -5.461 -0.832
-3.348 -5.429 -0.864
-3.355 -5.435 -0.874
-3.319 -5.428 -0.862
-3.377 -5.431 -0.921
-3.404 -5.425 -0.828
-3.358 -5.427 -0.783
-3.318 -5.415 -0.766
-3.265 -5.420 -0.740
-3.249 -5.406 -0.837
-3.255 -5.424 -0.777
-3.253 -5.437 -0.797
-3.264 -5.425 -0.803
-3.221 -5.412 -0.755
-3.266 -5.399 -0.683
-3.275 -5.397 -0.698
-3.243 -5.405 -0.730
-3.198 -5.398 -0.740
-3.131 -5.414 -0.763
-3.188 -5.421 -0.770
-3.170 -5.443 -0.732
-3.178 -5.454 -0.747
-3.185 -5.437 -0.710
-3.153 -5.445 -0.676
-3.200 -5.437 -0.653
-3.186 -5.444 -0.683
-3.164 -5.415 -0.703
-3.136 -5.437 -0.700
-3.038 -5.411 -0.634
-3.016 -5.435 -0.684
-3.127 -5.410 -0.616
-3.132 -5.404 -0.544
-3.137 -5.398 -0.518
-3.188 -5.405 -0.596
-3.184 -5.404 -0.685
-3.153 -5.405 -0.643
-3.169 -5.396 -0.721
-3.289 -5.406 -0.774
-3.323 -5.409 -0.730
-3.271 -5.417 -0.822
-3.231 -5.406 -0.664
-3.147 -5.402 -0.626
-3.110 -5.404 -0.584
-3.075 -5.403 -0.577
-3.034 -5.398 -0.684
-3.127 -5.408 -0.526
-3.173 -5.398 -0.513
-3.205 -5.397 -0.462
-3.183 -5.387 -0.503
-3.116 -5.393 -0.656
-3.093 -5.375 -0.496
-3.033 -5.356 -0.468
-3.051 -5.346 -0.498
-3.050 -5.361 -0.570
-3.108 -5.369 -0.587
-3.178 -5.359 -0.606
-3.237 -5.375 -0.628
-3.226 -5.369 -0.645
-3.123 -5.356 -0.729
-3.183 -5.374 -0.749
-3.164 -5.364 -0.775
-3.183 -5.365 -0.857
-3.163 -5.377 -0.847
-3.135 -5.361 -0.797
-3.127 -5.367 -0.729
-3.098 -5.371 -0.682
-3.064 -5.378 -0.692
-3.083 -5.375 -0.760
-3.031 -5.360 -0.809
-3.072 -5.352 -0.777
-3.051 -5.350 -0.780
-3.055 -5.342 -0.969
-3.168 -5.326 -0.863
-3.224 -5.335 -0.856
-3.268 -5.333 -0.832
-3.222 -5.340 -0.904
-3.305 -5.322 -0.937
-3.308 -5.343 -0.936
-3.332 -5.340 -0.962
-3.302 -5.356 -0.948
-3.219 -5.341 -0.913
-3.305 -5.343 -0.892
-3.351 -5.330 -0.872
-3.376 -5.337 -0.881
-3.333 -5.337 -0.856
-3.274 -5.335 -0.905
-3.290 -5.328 -0.887
-3.276 -5.303 -0.867
-3.269 -5.334 -0.939
-3.311 -5.350 -0.940
-3.343 -5.346 -0.936
-3.401 -5.349 -0.939
-3.382 -5.341 -0.930
-3.324 -5.361 -0.987
-3.327 -5.357 -0.948
-3.286 -5.365 -0.938
-3.270 -5.352 -0.888
-3.200 -5.360 -0.872
-3.252 -5.360 -0.883
-3.268 -5.352 -0.871
-3.269 -5.358 -1.003
-3.337 -5.359 -0.867
-3.325 -5.352 -0.863
-3.288 -5.330 -0.897
-3.251 -5.331 -0.909
-3.180 -5.326 -1.004
-3.242 -5.347 -0.894
-3.251 -5.345 -0.847
-3.261 -5.374 -0.831
-3.260 -5.415 -0.883
-3.372 -5.453 -0.847
-3.318 -5.504 -0.841
