-0.583 -3.419  0.164
-0.585 -3.418  0.132
-0.582 -3.460  0.064
-0.620 -3.459  0.052
-0.567 -3.396  0.060
-0.601 -3.407  0.050
-0.620 -3.336  0.133
-0.601 -3.301  0.165
-0.595 -3.266  0.089
-0.469 -3.226  0.045
-0.446 -3.225  0.019
-0.495 -3.215 -0.007
-0.499 -3.175  0.009
-0.532 -3.152  0.042
-0.569 -3.091  0.122
-0.665 -3.016  0.123
-0.706 -2.960  0.223
-0.554 -3.251 -0.087
-0.476 -3.380  0.021
-0.493 -3.344  0.050
-0.480 -3.397  0.046
-0.413 -3.407 -0.168
-0.542 -3.544 -0.261
-0.586 -3.546 -0.285
-0.572 -3.516 -0.263
-0.576 -3.458 -0.248
-0.527 -3.485 -0.238
-0.577 -3.546 -0.256
-0.564 -3.492 -0.185
-0.665 -3.417 -0.128
-0.540 -3.493 -0.189
-0.471 -3.615 -0.318
-0.536 -3.606 -0.233
-0.511 -3.518 -0.201
-0.497 -3.483 -0.262
-0.510 -3.465 -0.107
-0.446 -3.376 -0.072
-0.470 -3.326 -0.056
-0.567 -3.379  0.078
-0.516 -3.287  0.163
-0.555 -3.366  0.115
-0.553 -3.373  0.101
-0.571 -3.348  0.093
-0.591 -3.301  0.095
-0.603 -3.208  0.095
-0.554 -3.096  0.085
-0.573 -3.086  0.131
-0.648 -3.089  0.128
-0.607 -3.119  0.082
-0.579 -3.170  0.013
-0.460 -3.141  0.041
-0.422 -3.027  0.123
-0.522 -3.005  0.122
-0.604 -2.869  0.161
-0.772 -2.873  0.182
-0.738 -2.720  0.351
-0.894 -2.695  0.355
-0.844 -2.778  0.265
-0.772 -2.837  0.242
-0.726 -2.831  0.245
-0.704 -2.852  0.230
-0.704 -2.902  0.216
-0.707 -3.013  0.167
-0.795 -3.091  0.159
-0.801 -3.055  0.211
-0.721 -3.113  0.084
-0.681 -3.123  0.184
-0.560 -3.088  0.173
-0.565 -3.043  0.260
-0.407 -2.766  0.307
-0.194 -2.551  0.632
-0.339 -2.623  0.790
-0.406 -2.440  0.755
-0.373 -2.305  0.868
-0.202 -2.300  0.992
-0.041 -2.375  1.021
 0.038 -2.440  1.081
 0.098 -2.432  1.119
 0.156 -2.481  1.024
 0.116 -2.479  1.155
 0.081 -2.510  1.161
 0.018 -2.527  1.217
-0.024 -2.494  1.253
 0.043 -2.579  1.150
 0.037 -2.629  1.045
 0.026 -2.677  0.950
-0.016 -2.719  0.878
-0.033 -2.772  0.819
-0.042 -2.766  0.773
-0.195 -2.820  0.773
-0.200 -2.901  0.632
-0.103 -2.902  0.566
-0.001 -2.678  0.792
-0.025 -2.682  0.761
-0.135 -2.677  0.718
-0.204 -2.640  0.753
-0.294 -2.655  0.803
-0.381 -2.661  0.865
-0.445 -2.657  0.853
-0.369 -2.789  0.690
-0.408 -2.874  0.541
-0.472 -2.970  0.431
-0.521 -3.037  0.331
-0.606 -3.109  0.264
-0.689 -3.113  0.259
-0.754 -2.993  0.323
-0.778 -2.822  0.378
-0.713 -2.639  0.415
-0.813 -2.708  0.153
-1.015 -2.802 -0.004
-1.136 -2.776 -0.007
-1.217 -2.772  0.038
-1.347 -2.789  0.074
-1.266 -2.923 -0.043
-1.215 -3.038 -0.189
-1.233 -3.126 -0.274
-1.250 -3.179 -0.327
-1.147 -3.165 -0.333
-1.098 -3.132 -0.229
-1.088 -2.985 -0.067
-0.924 -2.914 -0.057
-0.776 -2.816 -0.111
-0.743 -2.845 -0.265
-0.686 -2.796 -0.126
-0.630 -2.744 -0.138
-0.643 -2.782 -0.138
-0.704 -2.723 -0.071
-0.674 -2.689 -0.079
-0.605 -2.708 -0.151
-0.561 -2.592 -0.145
-0.499 -2.434 -0.132
-0.575 -2.429 -0.168
-0.589 -2.429 -0.174
-0.655 -2.382 -0.110
-0.723 -2.336 -0.048
-0.648 -2.445 -0.192
-0.543 -2.422 -0.252
-0.528 -2.486 -0.426
-0.533 -2.480 -0.284
-0.559 -2.489 -0.297
-0.548 -2.462 -0.235
-0.561 -2.391 -0.149
-0.551 -2.407 -0.167
-0.504 -2.488 -0.295
-0.457 -2.487 -0.353
-0.472 -2.494 -0.407
-0.468 -2.490 -0.400
-0.409 -2.391 -0.381
-0.456 -2.441 -0.441
-0.527 -2.343 -0.221
-0.455 -2.344 -0.272
-0.486 -2.449 -0.381
-0.529 -2.480 -0.423
-0.488 -2.471 -0.430
-0.471 -2.442 -0.474
-0.432 -2.376 -0.330
-0.430 -2.295 -0.253
-0.476 -2.228 -0.131
-0.453 -2.276 -0.188
-0.373 -2.242 -0.200
-0.373 -2.232 -0.174
-0.360 -2.195 -0.134
-0.329 -2.159 -0.089
-0.324 -2.144 -0.078
-0.319 -2.092  0.012
-0.401 -2.054  0.053
-0.317 -2.060  0.042
-0.276 -2.090 -0.032
-0.271 -2.104 -0.085
-0.284 -2.121 -0.122
-0.303 -2.139 -0.158
-0.323 -2.168 -0.254
-0.402 -2.159 -0.101
-0.441 -2.097 -0.083
-0.407 -2.197 -0.278
-0.422 -2.228 -0.198
-0.414 -2.218 -0.241
-0.438 -2.284 -0.348
-0.475 -2.251 -0.226
-0.485 -2.203 -0.191
-0.572 -2.196 -0.182
-0.543 -2.284 -0.264
-0.526 -2.315 -0.314
-0.488 -2.308 -0.293
-0.556 -2.402 -0.364
-0.659 -2.475 -0.465
-0.641 -2.431 -0.484
-0.768 -2.427 -0.294
-0.726 -2.324 -0.230
-0.628 -2.421 -0.382
-0.585 -2.405 -0.293
-0.481 -2.321 -0.205
-0.484 -2.349 -0.270
-0.495 -2.282 -0.150
-0.492 -2.262 -0.115
-0.570 -2.212  0.014
-0.642 -2.153  0.036
-0.488 -2.193 -0.046
-0.411 -2.192 -0.177
-0.420 -2.156 -0.041
-0.355 -2.095 -0.019
-0.412 -2.115  0.016
-0.378 -2.063  0.070
-0.508 -2.098  0.045
-0.550 -2.046  0.124
-0.465 -2.017  0.179
-0.424 -2.054  0.082
-0.408 -2.079  0.021
-0.382 -2.068  0.013
-0.415 -2.103 -0.041
-0.448 -2.106 -0.050
-0.460 -2.074 -0.009
-0.539 -2.060 -0.025
-0.609 -2.066  0.073
-0.481 -2.078 -0.028
-0.484 -2.129 -0.123
-0.491 -2.162 -0.098
-0.471 -2.142 -0.114
-0.483 -2.139 -0.134
-0.633 -2.203 -0.046
-0.640 -2.092  0.057
-0.495 -2.145 -0.097
-0.547 -2.170 -0.065
-0.541 -2.121 -0.020
-0.587 -2.197 -0.113
-0.664 -2.207 -0.091
-0.605 -2.219 -0.176
-0.640 -2.268 -0.190
-0.656 -2.285 -0.206
-0.623 -2.240 -0.207
-0.738 -2.281 -0.166
-0.762 -2.209 -0.056
-0.777 -2.130  0.028
-0.696 -2.137 -0.008
-0.571 -2.073  0.024
-0.531 -2.026  0.059
-0.510 -1.994  0.105
-0.449 -1.954  0.157
-0.415 -1.858  0.192
-0.461 -1.622  0.481
-0.586 -1.467  0.585
-0.653 -1.600  0.474
-0.705 -1.605  0.523
-0.673 -1.593  0.485
-0.684 -1.661  0.366
-0.770 -1.745  0.320
-0.715 -1.725  0.293
-0.719 -1.849  0.124
-0.729 -1.872  0.115
-0.675 -1.878  0.092
-0.742 -1.919  0.088
-0.733 -1.827  0.243
-0.621 -1.757  0.314
-0.620 -1.817  0.279
-0.557 -1.816  0.225
-0.510 -1.684  0.287
-0.645 -1.462  0.577
-0.732 -1.262  0.828
-0.778 -1.154  0.708
-0.902 -1.172  0.684
-0.884 -1.177  0.690
-0.782 -1.117  0.742
-0.682 -1.077  0.745
-0.603 -1.126  0.589
-0.590 -1.242  0.421
-0.503 -1.238  0.397
-0.530 -1.307  0.297
-0.530 -1.333  0.214
-0.598 -1.188  0.473
-0.605 -0.806  0.861
-0.427 -0.249  1.527
-0.014  0.341  2.229
 0.352  0.895  2.947
 0.476  1.033  3.124
 0.537  1.135  3.233
 0.556  1.338  3.371
 0.557  1.508  3.616
 0.534  1.660  3.753
 0.574  1.715  3.782
 0.593  1.578  3.585
 0.611  1.435  3.381
 0.569  1.256  3.171
 0.517  1.097  2.963
 0.490  0.970  2.768
 0.472  0.858  2.536
 0.291  0.710  2.450
 0.223  0.657  2.327
 0.197  0.465  2.089
 0.175  0.362  1.898
 0.113  0.284  1.747
 0.020  0.172  1.593
-0.099  0.181  1.570
-0.113  0.492  1.888
-0.014  0.524  2.006
-0.103  0.547  1.666
-0.088  0.658  1.744
-0.004  0.636  1.739
 0.056  0.478  1.544
-0.009  0.271  1.289
-0.091  0.038  1.091
-0.238 -0.170  0.861
-0.373 -0.101  0.878
-0.441  0.078  0.925
-0.350  0.310  1.208
-0.378  0.160  1.068
-0.368 -0.048  0.809
-0.400 -0.229  0.567
-0.420 -0.362  0.390
-0.434 -0.515  0.095
-0.468 -0.577  0.142
-0.534 -0.655  0.062
-0.624 -0.702 -0.008
-0.641 -0.716 -0.072
-0.643 -0.724 -0.167
-0.691 -0.513 -0.063
-0.733 -0.402 -0.028
-0.682 -0.419 -0.173
-0.686 -0.415 -0.068
-0.733 -0.478 -0.097
-0.755 -0.508 -0.120
-0.747 -0.510 -0.130
-0.688 -0.643 -0.320
-0.685 -0.777 -0.511
-0.629 -0.833 -0.604
-0.673 -0.914 -0.716
-0.775 -0.778 -0.616
-0.855 -0.591 -0.485
-0.751 -0.594 -0.551
-0.686 -0.542 -0.598
-0.654 -0.608 -0.698
-0.633 -0.643 -0.759
-0.629 -0.664 -0.804
-0.676 -0.756 -0.937
-0.705 -0.807 -0.961
-0.712 -0.832 -0.986
-0.741 -0.852 -0.985
-0.684 -0.913 -1.076
-0.660 -1.002 -1.173
-0.644 -1.066 -1.239
-0.651 -1.143 -1.298
-0.689 -1.144 -1.354
-0.754 -0.976 -1.081
-0.729 -0.860 -0.933
-0.791 -0.866 -0.835
-0.744 -0.934 -0.917
-0.696 -0.957 -0.950
-0.700 -1.040 -1.005
-0.663 -1.051 -1.013
-0.610 -1.093 -1.147
-0.658 -1.041 -0.955
-0.629 -0.880 -0.732
-0.663 -0.811 -0.568
-0.565 -0.756 -0.503
-0.502 -0.775 -0.548
-0.493 -0.766 -0.594
-0.466 -0.694 -0.580
-0.421 -0.695 -0.717
-0.418 -0.651 -0.524
-0.410 -0.681 -0.510
-0.428 -0.717 -0.503
-0.392 -0.665 -0.414
-0.369 -0.643 -0.412
-0.265 -0.675 -0.405
-0.168 -0.677 -0.470
-0.191 -0.748 -0.565
-0.193 -0.771 -0.566
-0.199 -0.772 -0.608
-0.368 -0.709 -0.504
-0.366 -0.329 -0.111
-0.305 -0.159 -0.179
-0.224 -0.210 -0.316
-0.185 -0.135 -0.267
-0.215 -0.163 -0.504
-0.204 -0.155 -0.429
-0.209 -0.189 -0.486
-0.269 -0.252 -0.514
-0.359 -0.284 -0.507
-0.453 -0.319 -0.521
-0.468 -0.445 -0.612
-0.489 -0.535 -0.690
-0.564 -0.648 -0.746
-0.591 -0.689 -0.737
-0.575 -0.697 -0.711
-0.633 -0.778 -0.797
-0.670 -0.729 -0.614
-0.627 -0.677 -0.593
-0.633 -0.797 -0.708
-0.640 -0.836 -0.746
-0.619 -0.812 -0.728
-0.627 -0.823 -0.742
-0.645 -0.826 -0.723
-0.624 -0.754 -0.638
-0.629 -0.670 -0.469
-0.537 -0.649 -0.473
-0.450 -0.644 -0.525
-0.472 -0.693 -0.544
-0.454 -0.692 -0.550
-0.473 -0.709 -0.556
-0.467 -0.684 -0.503
-0.446 -0.618 -0.425
-0.492 -0.574 -0.289
-0.436 -0.588 -0.327
-0.396 -0.605 -0.391
-0.405 -0.638 -0.441
-0.387 -0.634 -0.448
-0.384 -0.692 -0.628
-0.408 -0.638 -0.504
-0.483 -0.611 -0.500
-0.502 -0.585 -0.474
-0.471 -0.617 -0.544
-0.471 -0.678 -0.603
-0.488 -0.727 -0.654
-0.472 -0.733 -0.640
-0.531 -0.779 -0.642
-0.553 -0.784 -0.610
-0.580 -0.782 -0.583
-0.582 -0.739 -0.519
-0.630 -0.597 -0.470
-0.624 -0.582 -0.327
-0.600 -0.688 -0.376
-0.584 -0.484 -0.149
-0.489 -0.257  0.105
-0.450 -0.295  0.119
-0.482 -0.383  0.010
-0.424 -0.401 -0.058
-0.429 -0.461 -0.136
-0.389 -0.441 -0.210
-0.455 -0.490 -0.192
-0.517 -0.489 -0.178
-0.478 -0.589 -0.276
-0.513 -0.704 -0.413
-0.496 -0.746 -0.479
-0.510 -0.789 -0.511
-0.517 -0.842 -0.565
-0.504 -0.826 -0.577
-0.552 -0.860 -0.574
-0.592 -0.923 -0.713
-0.601 -0.858 -0.594
-0.577 -0.752 -0.466
-0.511 -0.671 -0.398
-0.454 -0.684 -0.455
-0.446 -0.675 -0.397
-0.458 -0.684 -0.416
-0.436 -0.664 -0.410
-0.540 -0.677 -0.398
-0.568 -0.641 -0.350
-0.526 -0.640 -0.333
-0.416 -0.639 -0.342
-0.386 -0.624 -0.339
-0.407 -0.669 -0.353
-0.427 -0.690 -0.373
-0.420 -0.652 -0.363
-0.572 -0.703 -0.387
-0.608 -0.673 -0.307
-0.583 -0.659 -0.303
-0.519 -0.692 -0.367
-0.532 -0.721 -0.412
-0.521 -0.714 -0.409
-0.556 -0.740 -0.423
-0.556 -0.741 -0.434
-0.603 -0.699 -0.395
-0.638 -0.728 -0.508
-0.648 -0.722 -0.400
-0.502 -0.712 -0.467
-0.485 -0.770 -0.610
-0.561 -0.778 -0.491
-0.575 -0.771 -0.496
-0.630 -0.751 -0.456
-0.662 -0.685 -0.372
-0.668 -0.659 -0.339
-0.539 -0.692 -0.431
-0.462 -0.691 -0.461
-0.475 -0.702 -0.460
-0.478 -0.715 -0.468
-0.487 -0.648 -0.405
-0.516 -0.650 -0.436
-0.514 -0.591 -0.295
-0.343 -0.583 -0.383
-0.274 -0.609 -0.516
-0.280 -0.535 -0.289
-0.277 -0.511 -0.256
-0.273 -0.485 -0.247
-0.382 -0.411 -0.167
-0.509 -0.413 -0.196
-0.536 -0.420 -0.156
-0.432 -0.451 -0.240
-0.426 -0.543 -0.356
-0.450 -0.587 -0.372
-0.420 -0.579 -0.377
-0.485 -0.651 -0.498
-0.553 -0.581 -0.303
-0.511 -0.530 -0.280
-0.408 -0.610 -0.483
-0.376 -0.614 -0.375
-0.330 -0.609 -0.438
-0.382 -0.668 -0.451
-0.373 -0.664 -0.458
-0.460 -0.696 -0.485
-0.515 -0.672 -0.417
-0.481 -0.642 -0.424
-0.448 -0.787 -0.647
-0.446 -0.794 -0.568
-0.430 -0.778 -0.585
-0.465 -0.814 -0.569
-0.465 -0.799 -0.548
-0.557 -0.790 -0.514
-0.598 -0.770 -0.462
-0.541 -0.739 -0.454
-0.474 -0.808 -0.574
-0.472 -0.840 -0.628
-0.473 -0.855 -0.657
-0.409 -0.852 -0.768
-0.487 -0.860 -0.649
-0.551 -0.819 -0.576
-0.599 -0.793 -0.501
-0.581 -0.804 -0.518
-0.499 -0.840 -0.555
-0.502 -0.865 -0.620
-0.472 -0.843 -0.625
-0.459 -0.828 -0.630
-0.461 -0.791 -0.536
-0.512 -0.709 -0.415
-0.509 -0.614 -0.277
-0.450 -0.563 -0.234
-0.390 -0.621 -0.301
-0.342 -0.636 -0.338
-0.314 -0.627 -0.353
-0.310 -0.635 -0.356
-0.333 -0.647 -0.378
-0.393 -0.609 -0.364
-0.482 -0.675 -0.472
-0.448 -0.656 -0.394
-0.329 -0.652 -0.470
-0.274 -0.719 -0.662
-0.387 -0.772 -0.574
-0.452 -0.826 -0.615
-0.532 -0.838 -0.614
-0.554 -0.784 -0.566
-0.471 -0.755 -0.604
-0.537 -0.818 -0.551
-0.439 -0.833 -0.608
-0.437 -0.872 -0.634
-0.436 -0.877 -0.649
-0.464 -0.927 -0.709
-0.562 -0.920 -0.655
-0.542 -0.858 -0.602
-0.556 -0.849 -0.637
-0.553 -0.944 -0.668
-0.476 -0.939 -0.715
-0.491 -0.970 -0.707
-0.488 -0.965 -0.690
-0.510 -0.985 -0.689
-0.586 -0.976 -0.639
-0.589 -0.896 -0.565
-0.599 -0.912 -0.616
-0.573 -0.965 -0.599
-0.447 -0.925 -0.635
-0.472 -0.939 -0.585
-0.445 -0.936 -0.595
-0.464 -0.928 -0.584
-0.532 -0.896 -0.514
-0.587 -0.857 -0.448
-0.559 -0.852 -0.454
-0.486 -0.873 -0.461
-0.392 -0.851 -0.483
-0.366 -0.836 -0.445
-0.355 -0.814 -0.413
-0.362 -0.811 -0.412
-0.402 -0.795 -0.380
-0.436 -0.762 -0.343
-0.451 -0.796 -0.439
-0.441 -0.818 -0.353
-0.354 -0.825 -0.433
-0.368 -0.901 -0.530
-0.390 -0.910 -0.466
-0.365 -0.889 -0.496
-0.482 -0.942 -0.506
-0.566 -0.935 -0.481
-0.594 -0.921 -0.455
-0.480 -0.983 -0.545
-0.466 -0.996 -0.593
-0.508 -1.048 -0.646
-0.523 -1.075 -0.648
-0.529 -1.054 -0.631
-0.640 -1.028 -0.558
-0.681 -0.998 -0.489
-0.588 -1.015 -0.537
-0.496 -1.040 -0.594
-0.454 -1.033 -0.587
-0.476 -1.068 -0.587
-0.515 -1.088 -0.619
-0.615 -1.067 -0.590
-0.640 -1.041 -0.521
-0.596 -1.057 -0.549
-0.507 -1.082 -0.606
-0.476 -1.136 -0.709
-0.485 -1.124 -0.637
-0.495 -1.120 -0.639
-0.517 -1.117 -0.639
-0.471 -1.060 -0.584
-0.478 -1.045 -0.619
-0.421 -1.025 -0.538
-0.293 -1.027 -0.588
-0.295 -1.071 -0.662
-0.312 -1.044 -0.555
-0.266 -1.010 -0.545
-0.356 -0.976 -0.523
-0.411 -0.935 -0.397
-0.314 -0.863 -0.376
-0.166 -0.882 -0.446
-0.171 -0.887 -0.396
-0.167 -0.889 -0.409
-0.202 -0.927 -0.459
-0.257 -0.887 -0.414
-0.311 -0.879 -0.390
-0.318 -0.882 -0.352
-0.194 -0.930 -0.434
-0.193 -0.992 -0.494
-0.222 -1.007 -0.481
-0.231 -1.014 -0.525
-0.374 -1.079 -0.525
-0.392 -1.030 -0.462
-0.381 -1.002 -0.430
-0.326 -1.095 -0.561
-0.294 -1.124 -0.597
-0.307 -1.145 -0.633
-0.333 -1.178 -0.675
-0.319 -1.135 -0.629
-0.445 -1.147 -0.575
-0.508 -1.177 -0.543
-0.425 -1.221 -0.610
-0.403 -1.316 -0.670
-0.369 -1.327 -0.707
-0.353 -1.319 -0.707
-0.377 -1.341 -0.695
-0.434 -1.308 -0.616
-0.471 -1.293 -0.580
-0.428 -1.332 -0.630
-0.384 -1.379 -0.682
-0.384 -1.405 -0.712
-0.393 -1.419 -0.728
-0.340 -1.380 -0.724
-0.426 -1.392 -0.666
-0.470 -1.344 -0.585
-0.442 -1.308 -0.549
-0.347 -1.355 -0.620
-0.282 -1.376 -0.666
-0.259 -1.360 -0.657
-0.252 -1.350 -0.620
-0.195 -1.295 -0.581
-0.321 -1.311 -0.525
-0.364 -1.275 -0.452
-0.339 -1.241 -0.426
-0.224 -1.238 -0.425
-0.168 -1.244 -0.448
-0.138 -1.226 -0.443
-0.155 -1.277 -0.489
-0.123 -1.248 -0.464
-0.248 -1.263 -0.458
-0.281 -1.225 -0.392
-0.239 -1.233 -0.428
-0.169 -1.312 -0.533
-0.161 -1.341 -0.551
-0.143 -1.329 -0.550
-0.142 -1.370 -0.668
-0.231 -1.372 -0.554
-0.330 -1.356 -0.518
-0.348 -1.335 -0.450
-0.305 -1.384 -0.511
-0.235 -1.422 -0.584
-0.240 -1.453 -0.604
-0.236 -1.461 -0.619
-0.250 -1.490 -0.639
-0.352 -1.513 -0.623
-0.437 -1.503 -0.577
-0.437 -1.501 -0.565
-0.364 -1.563 -0.652
-0.322 -1.588 -0.705
-0.364 -1.642 -0.766
-0.360 -1.659 -0.770
-0.371 -1.636 -0.783
-0.484 -1.631 -0.687
-0.513 -1.578 -0.615
-0.416 -1.594 -0.676
-0.372 -1.640 -0.741
-0.353 -1.647 -0.731
-0.378 -1.647 -0.720
-0.358 -1.628 -0.690
-0.418 -1.580 -0.610
-0.445 -1.533 -0.528
-0.427 -1.520 -0.517
-0.298 -1.529 -0.560
-0.238 -1.538 -0.598
-0.215 -1.514 -0.550
-0.204 -1.500 -0.533
-0.290 -1.469 -0.476
-0.335 -1.431 -0.395
-0.328 -1.391 -0.372
-0.276 -1.450 -0.496
-0.250 -1.511 -0.574
-0.228 -1.496 -0.597
-0.239 -1.512 -0.614
-0.291 -1.509 -0.594
-0.314 -1.434 -0.501
-0.370 -1.432 -0.473
-0.301 -1.481 -0.546
-0.242 -1.517 -0.612
-0.275 -1.564 -0.663
-0.292 -1.590 -0.685
-0.305 -1.588 -0.700
-0.399 -1.630 -0.808
-0.479 -1.590 -0.624
-0.388 -1.540 -0.609
-0.311 -1.649 -0.860
-0.327 -1.636 -0.740
-0.274 -1.579 -0.726
-0.329 -1.619 -0.713
-0.414 -1.617 -0.690
-0.485 -1.594 -0.635
-0.550 -1.622 -0.601
-0.436 -1.633 -0.649
-0.414 -1.711 -0.757
-0.398 -1.729 -0.788
-0.401 -1.735 -0.794
-0.388 -1.736 -0.792
-0.445 -1.672 -0.683
-0.441 -1.585 -0.561
-0.379 -1.566 -0.557
-0.282 -1.612 -0.653
-0.330 -1.653 -0.697
-0.313 -1.645 -0.676
-0.327 -1.593 -0.591
-0.390 -1.561 -0.530
-0.333 -1.494 -0.488
-0.328 -1.592 -0.564
-0.258 -1.598 -0.570
-0.215 -1.558 -0.527
-0.161 -1.555 -0.623
-0.268 -1.512 -0.457
-0.362 -1.461 -0.409
-0.395 -1.443 -0.328
-0.290 -1.457 -0.399
-0.197 -1.471 -0.478
-0.187 -1.547 -0.638
-0.251 -1.555 -0.529
-0.260 -1.547 -0.552
-0.293 -1.505 -0.531
-0.378 -1.530 -0.433
-0.273 -1.525 -0.512
-0.240 -1.573 -0.590
-0.286 -1.595 -0.593
-0.298 -1.600 -0.603
-0.347 -1.639 -0.647
-0.437 -1.622 -0.573
-0.511 -1.631 -0.573
-0.458 -1.645 -0.611
-0.355 -1.668 -0.661
-0.344 -1.668 -0.673
-0.316 -1.657 -0.650
-0.329 -1.652 -0.636
-0.387 -1.639 -0.598
-0.447 -1.610 -0.555
-0.421 -1.602 -0.564
-0.285 -1.608 -0.597
-0.304 -1.629 -0.650
-0.307 -1.647 -0.658
-0.281 -1.617 -0.653
-0.392 -1.657 -0.647
-0.454 -1.611 -0.568
-0.470 -1.587 -0.535
-0.348 -1.561 -0.566
-0.305 -1.609 -0.579
-0.277 -1.591 -0.599
-0.319 -1.672 -0.743
-0.423 -1.640 -0.580
-0.389 -1.535 -0.514
-0.398 -1.521 -0.464
-0.297 -1.508 -0.462
-0.190 -1.513 -0.484
-0.211 -1.538 -0.499
-0.238 -1.555 -0.506
-0.280 -1.500 -0.459
-0.362 -1.503 -0.446
-0.397 -1.464 -0.345
-0.255 -1.455 -0.391
-0.234 -1.530 -0.488
-0.219 -1.540 -0.504
-0.215 -1.530 -0.512
-0.227 -1.574 -0.612
-0.305 -1.569 -0.541
-0.312 -1.491 -0.448
-0.296 -1.543 -0.584
-0.352 -1.599 -0.584
-0.227 -1.549 -0.554
-0.265 -1.594 -0.637
-0.281 -1.585 -0.540
-0.401 -1.598 -0.502
-0.436 -1.567 -0.420
-0.436 -1.607 -0.477
-0.358 -1.696 -0.592
-0.345 -1.713 -0.631
-0.314 -1.683 -0.644
-0.315 -1.690 -0.624
-0.434 -1.680 -0.567
-0.499 -1.645 -0.524
-0.399 -1.674 -0.552
-0.341 -1.744 -0.649
-0.353 -1.783 -0.691
-0.426 -1.837 -0.745
-0.495 -1.884 -0.761
-0.573 -1.812 -0.647
-0.585 -1.761 -0.589
-0.448 -1.781 -0.641
-0.386 -1.802 -0.667
-0.336 -1.774 -0.634
-0.354 -1.778 -0.632
-0.299 -1.755 -0.671
-0.332 -1.701 -0.581
-0.373 -1.613 -0.421
-0.299 -1.541 -0.364
-0.223 -1.614 -0.453
-0.233 -1.639 -0.472
-0.220 -1.610 -0.491
-0.181 -1.610 -0.561
-0.287 -1.650 -0.536
-0.401 -1.639 -0.513
-0.446 -1.649 -0.492
-0.330 -1.641 -0.510
-0.238 -1.664 -0.579
-0.225 -1.681 -0.576
-0.200 -1.667 -0.545
-0.260 -1.700 -0.592
-0.358 -1.702 -0.547
-0.386 -1.671 -0.498
-0.317 -1.707 -0.555
-0.272 -1.768 -0.638
-0.248 -1.778 -0.679
-0.320 -1.845 -0.730
-0.332 -1.866 -0.724
-0.447 -1.834 -0.643
-0.478 -1.815 -0.592
-0.451 -1.857 -0.629
-0.368 -1.926 -0.731
-0.344 -1.945 -0.779
-0.393 -1.977 -0.831
-0.406 -1.973 -0.829
-0.461 -2.000 -0.825
-0.540 -1.955 -0.767
-0.542 -1.894 -0.672
-0.443 -1.926 -0.726
-0.344 -1.913 -0.739
-0.320 -1.907 -0.725
-0.381 -1.944 -0.761
-0.391 -1.960 -0.748
-0.438 -1.890 -0.679
-0.509 -1.870 -0.684
-0.501 -1.862 -0.662
-0.366 -1.860 -0.683
-0.318 -1.889 -0.748
-0.325 -1.891 -0.710
-0.280 -1.838 -0.669
-0.421 -1.871 -0.638
-0.482 -1.823 -0.553
-0.455 -1.774 -0.532
-0.353 -1.797 -0.545
-0.282 -1.817 -0.603
-0.251 -1.817 -0.654
-0.294 -1.859 -0.662
-0.323 -1.886 -0.690
-0.402 -1.848 -0.652
-0.457 -1.828 -0.576
-0.511 -1.779 -0.491
-0.546 -1.677 -0.447
-0.437 -1.685 -0.430
-0.362 -1.740 -0.536
-0.274 -1.743 -0.594
-0.247 -1.780 -0.657
-0.278 -1.839 -0.731
-0.257 -1.823 -0.772
-0.300 -1.876 -0.792
-0.303 -1.896 -0.800
-0.341 -1.938 -0.829
-0.392 -1.950 -0.836
-0.456 -1.889 -0.800
-0.564 -1.923 -0.732
-0.481 -1.911 -0.742
-0.409 -1.946 -0.789
-0.368 -1.950 -0.786
-0.368 -1.951 -0.788
-0.375 -1.950 -0.797
-0.343 -1.936 -0.775
-0.333 -1.924 -0.789
-0.378 -1.958 -0.860
-0.544 -1.983 -0.778
-0.553 -1.938 -0.755
-0.546 -1.985 -0.798
-0.449 -1.995 -0.829
-0.420 -2.003 -0.855
-0.375 -1.970 -0.829
-0.328 -1.923 -0.795
-0.323 -1.954 -0.913
-0.392 -1.907 -0.762
-0.379 -1.828 -0.699
-0.463 -1.865 -0.746
-0.442 -1.825 -0.623
-0.364 -1.827 -0.657
-0.373 -1.884 -0.744
-0.344 -1.889 -0.771
-0.363 -1.906 -0.802
-0.425 -1.942 -0.821
-0.481 -1.907 -0.755
-0.487 -1.862 -0.709
-0.492 -1.945 -0.821
-0.456 -1.984 -0.859
-0.396 -1.974 -0.873
-0.424 -2.010 -0.897
-0.408 -2.021 -0.902
-0.402 -2.007 -0.894
-0.495 -2.025 -0.928
-0.551 -1.968 -0.724
-0.520 -1.921 -0.715
-0.485 -1.998 -0.808
-0.402 -1.995 -0.824
-0.383 -2.000 -0.869
-0.375 -2.055 -0.999
-0.418 -2.050 -0.877
-0.453 -2.070 -0.876
-0.556 -2.088 -0.831
-0.573 -2.077 -0.721
-0.551 -2.138 -0.792
-0.500 -2.241 -1.009
-0.505 -2.263 -0.899
-0.466 -2.263 -0.917
-0.452 -2.323 -1.054
-0.533 -2.257 -0.851
-0.525 -2.153 -0.744
-0.582 -2.174 -0.753
-0.517 -2.198 -0.764
-0.445 -2.230 -0.803
-0.413 -2.240 -0.810
-0.380 -2.229 -0.776
-0.326 -2.168 -0.731
-0.366 -2.193 -0.697
-0.424 -2.132 -0.609
-0.457 -2.117 -0.560
-0.411 -2.123 -0.590
-0.310 -2.095 -0.620
-0.270 -2.107 -0.659
-0.244 -2.128 -0.693
-0.222 -2.142 -0.712
-0.204 -2.159 -0.799
-0.366 -2.159 -0.648
-0.389 -2.118 -0.616
-0.420 -2.163 -0.655
-0.389 -2.209 -0.690
-0.305 -2.217 -0.709
-0.320 -2.271 -0.772
-0.329 -2.262 -0.782
-0.329 -2.276 -0.815
-0.441 -2.286 -0.823
-0.513 -2.271 -0.759
-0.498 -2.232 -0.731
-0.504 -2.324 -0.824
-0.487 -2.382 -0.902
-0.425 -2.353 -0.929
-0.465 -2.404 -0.964
-0.462 -2.388 -0.943
-0.496 -2.392 -0.919
-0.546 -2.328 -0.830
-0.570 -2.309 -0.782
-0.550 -2.356 -0.853
-0.488 -2.394 -0.893
-0.439 -2.378 -0.898
-0.440 -2.400 -0.938
-0.470 -2.432 -0.939
-0.531 -2.391 -0.887
-0.563 -2.355 -0.846
-0.534 -2.386 -1.020
-0.467 -2.391 -0.899
-0.386 -2.364 -0.892
-0.433 -2.427 -0.969
-0.387 -2.372 -0.891
-0.355 -2.324 -0.844
-0.440 -2.304 -0.801
-0.552 -2.351 -0.750
-0.532 -2.321 -0.738
-0.492 -2.416 -0.914
-0.452 -2.413 -0.819
-0.395 -2.378 -0.828
-0.378 -2.423 -0.949
-0.359 -2.377 -0.851
-0.390 -2.326 -0.808
-0.472 -2.361 -0.814
-0.471 -2.320 -0.684
-0.422 -2.385 -0.774
-0.424 -2.469 -0.884
-0.449 -2.505 -0.919
-0.447 -2.524 -0.942
-0.513 -2.559 -0.953
-0.589 -2.544 -0.882
-0.644 -2.517 -0.800
-0.618 -2.526 -0.843
-0.549 -2.558 -0.908
-0.504 -2.597 -0.964
-0.496 -2.614 -0.966
-0.507 -2.618 -0.980
-0.630 -2.660 -0.973
-0.673 -2.597 -0.869
-0.628 -2.578 -0.871
-0.554 -2.625 -0.959
-0.216 -4.113 -1.361
-0.290 -2.745 -1.129
-0.274 -3.767 -1.055
-0.346 -2.945 -1.020
-0.329 -2.973 -1.024
-0.553 -2.673 -1.004
-0.552 -2.593 -0.981
-0.559 -2.571 -0.983
-0.561 -2.614 -1.086
-0.523 -2.530 -0.914
-0.540 -2.422 -0.809
-0.565 -2.418 -0.812
-0.517 -2.372 -0.707
-0.444 -2.381 -0.726
-0.432 -2.446 -0.842
-0.455 -2.444 -0.758
-0.432 -2.411 -0.728
-0.447 -2.515 -0.896
-0.428 -2.458 -0.781
-0.414 -2.384 -0.763
-0.458 -2.335 -0.729
-0.428 -2.261 -0.553
-0.474 -2.214 -0.439
-0.531 -2.249 -0.412
-0.501 -2.236 -0.275
-0.382 -2.320 -0.372
-0.402 -2.392 -0.446
-0.464 -2.498 -0.496
-0.457 -2.549 -0.499
-0.570 -2.606 -0.530
-0.677 -2.576 -0.446
-0.724 -2.582 -0.425
-0.699 -2.679 -0.573
-0.733 -2.709 -0.611
-0.782 -2.784 -0.726
-0.779 -2.770 -0.746
-0.847 -2.757 -0.689
-0.896 -2.728 -0.666
-0.851 -2.678 -0.680
-0.811 -2.803 -0.821
-0.786 -2.808 -0.838
-0.749 -2.771 -0.830
-0.771 -2.801 -0.868
-0.738 -2.773 -0.831
-0.804 -2.747 -0.832
-0.894 -2.702 -0.739
-0.873 -2.687 -0.722
-0.660 -2.667 -0.808
-0.575 -2.699 -0.954
-0.625 -2.648 -0.812
-0.566 -2.586 -0.798
-0.600 -2.567 -0.757
-0.659 -2.511 -0.677
-0.676 -2.462 -0.606
-0.636 -2.488 -0.659
-0.526 -2.497 -0.675
-0.519 -2.522 -0.711
-0.490 -2.511 -0.690
-0.406 -2.435 -0.655
-0.507 -2.463 -0.670
-0.616 -2.474 -0.684
-0.638 -2.474 -0.704
-0.538 -2.486 -0.755
-0.471 -2.495 -0.790
-0.462 -2.515 -0.809
-0.452 -2.514 -0.810
-0.481 -2.515 -0.810
-0.597 -2.553 -0.816
-0.762 -2.559 -0.773
-0.736 -2.523 -0.726
-0.642 -2.574 -0.811
-0.578 -2.598 -0.837
-0.566 -2.611 -0.852
-0.566 -2.636 -0.946
-0.592 -2.640 -0.870
-0.702 -2.635 -0.863
-0.739 -2.625 -0.782
-0.781 -2.645 -0.805
-0.661 -2.694 -0.889
-0.701 -2.748 -0.972
-0.668 -2.754 -0.977
-0.689 -2.783 -1.024
-0.729 -2.795 -1.017
-0.758 -2.731 -0.970
-0.765 -2.743 -1.021
-0.788 -2.830 -1.009
-0.642 -2.815 -1.024
-0.721 -2.938 -1.182
-0.739 -2.914 -1.088
-0.689 -2.888 -1.086
-0.814 -2.898 -1.044
-0.898 -2.930 -1.065
-0.853 -2.828 -1.005
-0.736 -2.848 -1.037
-0.623 -2.806 -0.924
-0.561 -2.797 -0.918
-0.583 -2.820 -0.966
-0.615 -2.850 -0.958
-0.663 -2.838 -0.942
-0.753 -2.833 -0.899
-0.849 -2.863 -0.901
-0.726 -2.858 -0.887
-0.642 -2.910 -0.956
-0.611 -2.870 -0.931
-0.598 -2.902 -0.966
-0.643 -2.914 -0.998
-0.740 -2.915 -1.003
-0.773 -2.877 -0.931
-0.869 -2.898 -0.950
-0.845 -2.816 -0.843
-0.884 -2.776 -0.850
-0.890 -2.755 -0.768
-0.791 -2.686 -0.699
-0.653 -2.681 -0.744
-0.575 -2.752 -0.880
-0.555 -2.861 -0.965
-0.529 -2.861 -0.994
-0.525 -2.885 -1.070
-0.583 -2.914 -1.063
-0.615 -2.947 -1.133
-0.600 -2.976 -1.244
-0.702 -3.003 -1.139
-0.705 -2.982 -1.154
-0.897 -3.036 -1.185
-0.890 -2.925 -1.030
-0.817 -2.896 -1.032
-0.735 -2.948 -1.089
-0.680 -2.930 -1.078
-0.710 -2.981 -1.141
-0.646 -2.886 -1.017
-0.619 -2.862 -0.981
-0.687 -2.928 -1.021
-0.662 -2.917 -0.991
-0.745 -2.936 -1.019
-0.761 -2.849 -0.896
-0.698 -2.730 -0.771
-0.604 -2.727 -0.809
-0.552 -2.707 -0.750
-0.476 -2.691 -0.773
-0.502 -2.714 -0.778
-0.505 -2.709 -0.801
-0.525 -2.742 -0.860
-0.579 -2.785 -0.870
-0.558 -2.719 -0.828
-0.629 -2.724 -0.877
-0.731 -2.753 -0.778
-0.634 -2.756 -0.865
-0.597 -2.836 -0.980
-0.568 -2.829 -0.921
-0.593 -2.848 -0.955
-0.614 -2.878 -0.957
-0.579 -2.847 -0.917
-0.681 -2.885 -0.951
-0.765 -2.862 -0.879
-0.801 -2.830 -0.826
-0.721 -2.889 -0.919
-0.681 -2.938 -0.984
-0.684 -2.975 -1.023
-0.723 -2.995 -1.047
-0.691 -3.005 -1.175
-0.880 -3.040 -1.088
-0.918 -2.982 -1.044
-0.847 -2.965 -0.998
-0.752 -2.962 -0.985
-0.729 -2.937 -0.927
-0.695 -2.928 -0.933
-0.708 -2.954 -0.929
-0.617 -2.937 -1.025
-0.706 -2.987 -0.995
-0.733 -2.943 -0.951
-0.785 -2.968 -0.921
-0.828 -2.924 -0.866
-0.801 -2.921 -0.893
-0.699 -2.933 -0.957
-0.676 -2.884 -0.972
-0.691 -2.885 -0.899
-0.649 -2.814 -0.861
-0.702 -2.844 -0.866
-0.757 -2.766 -0.781
-0.804 -2.735 -0.748
-0.791 -2.742 -0.749
-0.661 -2.765 -0.795
-0.543 -2.749 -0.847
-0.596 -2.783 -0.873
-0.621 -2.785 -0.862
-0.606 -2.797 -0.911
-0.663 -2.815 -1.007
-0.816 -2.797 -0.853
-0.780 -2.797 -0.894
-0.742 -2.904 -1.002
-0.708 -2.916 -0.996
-0.636 -2.870 -0.987
-0.628 -2.886 -1.061
-0.697 -2.923 -1.004
-0.836 -2.980 -1.014
-0.856 -2.938 -0.939
-0.861 -2.941 -0.920
-0.776 -3.010 -1.018
-0.762 -3.050 -1.061
-0.768 -3.063 -1.100
-0.794 -3.087 -1.111
-0.810 -3.063 -1.092
-0.857 -3.009 -1.031
-0.900 -2.999 -0.997
-0.855 -3.043 -1.045
-0.742 -3.086 -1.096
-0.767 -3.121 -1.129
-0.788 -3.145 -1.146
-0.807 -3.140 -1.148
-0.891 -3.107 -1.089
-0.921 -3.059 -1.002
-0.872 -3.040 -0.950
-0.771 -3.075 -1.005
-0.735 -3.125 -1.036
-0.773 -3.135 -0.971
-0.716 -3.063 -0.839
-0.720 -3.038 -0.750
-0.798 -2.961 -0.651
-0.808 -2.917 -0.607
-0.775 -2.939 -0.659
-0.653 -2.971 -0.716
-0.634 -2.987 -0.762
-0.670 -3.027 -0.779
-0.619 -3.014 -0.758
-0.677 -2.962 -0.718
-0.737 -2.916 -0.661
-0.689 -2.921 -0.677
-0.623 -3.020 -0.800
-0.563 -2.995 -0.850
-0.642 -3.066 -0.901
-0.685 -3.076 -0.887
-0.762 -3.056 -0.862
-0.830 -3.031 -0.811
-0.862 -3.059 -0.840
-0.773 -3.106 -0.924
-0.719 -3.115 -0.947
-0.736 -3.128 -0.945
-0.715 -3.110 -0.945
-0.696 -3.114 -0.962
-0.857 -3.103 -0.925
-0.859 -3.030 -0.845
-0.737 -2.989 -0.884
-0.762 -3.120 -1.044
-0.745 -3.143 -1.049
-0.719 -3.138 -1.053
-0.726 -3.174 -1.066
-0.816 -3.196 -1.057
-0.852 -3.099 -0.972
-0.904 -3.048 -0.881
-0.836 -3.019 -0.853
-0.633 -2.972 -0.867
-0.561 -2.996 -0.976
-0.604 -3.014 -0.912
-0.604 -2.970 -0.895
-0.608 -2.940 -0.807
-0.710 -2.867 -0.702
-0.742 -2.818 -0.635
-0.688 -2.831 -0.654
-0.594 -2.852 -0.691
-0.570 -2.872 -0.701
-0.551 -2.882 -0.709
-0.509 -2.847 -0.690
-0.538 -2.875 -0.824
-0.618 -2.798 -0.643
-0.626 -2.789 -0.688
-0.587 -2.867 -0.855
-0.537 -2.903 -0.826
-0.458 -2.887 -0.865
-0.428 -2.900 -0.990
-0.522 -2.907 -0.875
-0.605 -2.898 -0.865
-0.665 -2.873 -0.827
-0.669 -2.856 -0.813
-0.594 -2.893 -0.909
-0.587 -2.955 -1.011
-0.611 -2.984 -1.067
-0.644 -3.032 -1.118
-0.628 -3.016 -1.098
-0.636 -2.933 -1.018
-0.728 -2.909 -0.977
-0.761 -2.923 -0.939
-0.710 -2.997 -1.061
-0.647 -3.025 -1.086
-0.633 -3.036 -1.077
-0.634 -3.027 -1.054
-0.648 -3.028 -1.037
-0.684 -2.945 -0.956
-0.735 -2.909 -0.902
-0.670 -2.934 -0.931
-0.552 -2.967 -0.994
-0.541 -2.999 -1.031
-0.610 -3.040 -1.074
-0.629 -3.027 -1.035
-0.620 -3.019 -1.035
-0.800 -3.006 -1.013
-0.788 -2.952 -0.940
-0.680 -2.880 -0.914
-0.557 -2.957 -1.016
-0.516 -2.966 -0.953
-0.485 -2.966 -0.941
-0.525 -3.015 -0.968
-0.521 -2.996 -0.928
-0.597 -2.962 -0.889
-0.680 -2.954 -0.822
-0.700 -2.944 -0.784
-0.584 -2.969 -0.846
-0.522 -3.034 -0.883
-0.513 -3.067 -0.896
-0.518 -3.099 -0.931
-0.507 -3.129 -0.952
-0.507 -3.122 -0.954
-0.693 -3.195 -0.959
-0.796 -3.205 -0.926
-0.735 -3.157 -0.905
-0.590 -3.230 -1.144
-0.609 -3.235 -1.030
-0.582 -3.230 -1.047
-0.655 -3.311 -1.127
-0.701 -3.324 -1.090
-0.806 -3.297 -1.072
-0.900 -3.292 -1.013
-0.855 -3.291 -1.033
-0.739 -3.355 -1.171
-0.724 -3.400 -1.204
-0.660 -3.382 -1.192
-0.679 -3.394 -1.205
-0.713 -3.396 -1.216
-0.734 -3.298 -1.142
-0.808 -3.257 -1.063
-0.844 -3.259 -1.022
-0.704 -3.268 -1.096
-0.651 -3.319 -1.233
-0.709 -3.315 -1.104
-0.655 -3.279 -1.126
-0.727 -3.270 -1.116
-0.844 -3.226 -1.018
-0.778 -3.146 -0.968
-0.717 -3.188 -1.059
-0.644 -3.178 -1.014
-0.596 -3.161 -1.031
-0.582 -3.163 -1.095
-0.689 -3.202 -1.015
-0.740 -3.165 -0.978
-0.818 -3.122 -0.946
-0.823 -3.083 -0.886
-0.783 -3.120 -0.996
-0.697 -3.148 -1.085
-0.672 -3.141 -1.125
-0.694 -3.155 -1.163
-0.660 -3.156 -1.171
-0.688 -3.126 -1.190
-0.806 -3.155 -1.219
-0.859 -3.099 -1.112
-0.788 -3.056 -1.123
-0.736 -3.144 -1.242
-0.724 -3.160 -1.261
-0.692 -3.144 -1.290
-0.731 -3.210 -1.402
-0.771 -3.201 -1.333
-0.861 -3.158 -1.279
-0.929 -3.142 -1.186
-0.897 -3.138 -1.189
-0.783 -3.178 -1.316
-0.748 -3.256 -1.487
-0.791 -3.242 -1.352
-0.755 -3.228 -1.363
-0.830 -3.272 -1.334
-0.878 -3.189 -1.230
-0.917 -3.166 -1.158
-0.915 -3.133 -1.130
-0.866 -3.172 -1.164
-0.818 -3.250 -1.236
-0.760 -3.236 -1.230
-0.681 -3.180 -1.183
-0.694 -3.154 -1.188
-0.776 -3.105 -1.068
-0.854 -3.050 -1.032
-0.829 -3.007 -0.955
-0.713 -2.975 -0.948
-0.619 -2.977 -0.939
-0.564 -2.962 -0.938
-0.580 -2.971 -0.936
-0.551 -3.010 -1.055
-0.591 -3.006 -0.958
-0.617 -3.028 -1.010
-0.621 -3.054 -1.054
-0.603 -3.030 -1.051
-0.674 -3.004 -1.087
-0.762 -3.040 -1.015
-0.724 -3.027 -1.020
-0.705 -3.097 -1.089
-0.631 -3.109 -1.116
-0.622 -3.106 -1.135
-0.657 -3.129 -1.154
-0.645 -3.120 -1.178
-0.628 -3.132 -1.216
-0.763 -3.155 -1.243
-0.817 -3.126 -1.226
-0.919 -3.154 -1.179
-0.907 -3.228 -1.270
-0.783 -3.291 -1.353
-0.818 -3.381 -1.397
-0.822 -3.423 -1.393
-0.854 -3.503 -1.414
-0.854 -3.540 -1.414
-0.838 -3.543 -1.413
-0.948 -3.610 -1.515
-1.031 -3.569 -1.348
-0.961 -3.550 -1.349
-0.895 -3.664 -1.483
-0.837 -3.705 -1.419
-0.760 -3.684 -1.446
-0.830 -3.806 -1.489
-0.809 -3.838 -1.494
-0.818 -3.871 -1.505
-0.870 -3.855 -1.454
-0.916 -3.818 -1.401
-0.951 -3.863 -1.447
-0.822 -3.845 -1.349
-0.715 -3.841 -1.400
-0.670 -3.885 -1.469
-0.654 -3.874 -1.393
-0.590 -3.859 -1.382
-0.736 -3.907 -1.351
-0.828 -3.882 -1.290
-0.816 -3.853 -1.227
-0.710 -3.887 -1.250
-0.591 -3.908 -1.270
-0.659 -3.975 -1.309
-0.666 -4.035 -1.323
-0.621 -4.028 -1.357
-0.703 -4.100 -1.366
-0.811 -4.116 -1.357
-0.860 -4.118 -1.379
-0.745 -4.162 -1.507
-0.688 -4.270 -1.455
-0.605 -4.252 -1.459
-0.631 -4.328 -1.526
-0.641 -4.364 -1.484
-0.628 -4.392 -1.461
-0.808 -4.457 -1.432
-0.909 -4.567 -1.447
-0.854 -4.630 -1.540
-0.802 -4.683 -1.599
-0.732 -4.674 -1.632
-0.731 -4.683 -1.655
-0.692 -4.664 -1.640
-0.624 -4.594 -1.597
-0.754 -4.601 -1.560
-0.860 -4.545 -1.512
-0.875 -4.512 -1.510
-0.759 -4.555 -1.562
-0.697 -4.557 -1.628
-0.675 -4.546 -1.647
-0.709 -4.596 -1.705
-0.754 -4.598 -1.732
-0.876 -4.557 -1.699
-0.953 -4.517 -1.658
-0.830 -4.449 -1.622
-0.642 -4.416 -1.659
-0.647 -4.415 -1.662
-0.641 -4.392 -1.649
-0.643 -4.392 -1.659
-0.728 -4.341 -1.615
-0.780 -4.300 -1.560
-0.886 -4.348 -1.620
-0.749 -4.411 -1.723
-0.629 -4.394 -1.729
-0.637 -4.449 -1.769
-0.617 -4.468 -1.777
-0.589 -4.421 -1.764
-0.606 -4.401 -1.808
-0.789 -4.369 -1.646
-0.739 -4.350 -1.648
-0.663 -4.453 -1.769
-0.646 -4.485 -1.788
-0.609 -4.495 -1.825
-0.698 -4.549 -1.888
-0.720 -4.556 -1.915
-0.843 -4.517 -1.889
-0.892 -4.489 -1.868
-0.829 -4.478 -1.881
-0.711 -4.488 -1.938
-0.688 -4.508 -2.021
-0.706 -4.523 -2.042
-0.708 -4.510 -2.034
-0.737 -4.558 -2.089
-0.779 -4.556 -2.117
-0.862 -4.553 -2.234
-0.996 -4.527 -2.063
-0.937 -4.458 -2.061
-0.682 -4.487 -2.203
-0.723 -4.495 -2.054
-0.670 -4.459 -2.065
-0.721 -4.484 -2.035
-0.723 -4.499 -2.035
-0.808 -4.471 -1.991
-0.907 -4.394 -1.915
-0.910 -4.337 -1.875
-0.842 -4.392 -1.946
-0.725 -4.379 -1.962
-0.646 -4.340 -1.927
-0.566 -4.321 -2.005
-0.590 -4.310 -1.893
-0.600 -4.323 -1.908
-0.641 -4.349 -1.929
-0.725 -4.312 -1.888
-0.836 -4.307 -1.863
-0.805 -4.302 -1.857
-0.616 -4.273 -1.901
-0.581 -4.300 -1.984
-0.578 -4.288 -2.006
-0.517 -4.299 -2.011
-0.522 -4.354 -2.160
-0.619 -4.326 -1.994
-0.699 -4.280 -1.922
-0.805 -4.279 -1.855
-0.761 -4.311 -1.904
-0.660 -4.365 -1.995
-0.651 -4.383 -2.039
-0.593 -4.356 -2.055
-0.669 -4.396 -2.046
-0.647 -4.413 -2.034
-0.727 -4.452 -2.037
-0.848 -4.436 -1.999
-0.869 -4.392 -1.964
-0.872 -4.485 -2.156
-0.781 -4.488 -2.069
-0.692 -4.450 -2.092
-0.692 -4.524 -2.265
-0.755 -4.528 -2.149
-0.759 -4.516 -2.145
-0.818 -4.505 -2.065
-0.898 -4.506 -1.999
-0.891 -4.554 -1.994
-0.752 -4.613 -2.049
-0.701 -4.704 -2.070
-0.682 -4.724 -2.097
-0.731 -4.762 -2.122
-0.714 -4.748 -2.121
-0.790 -4.806 -2.236
-0.900 -4.747 -2.058
-0.904 -4.690 -2.057
-0.780 -4.765 -2.158
-0.692 -4.735 -2.049
-0.584 -4.661 -2.034
-0.518 -4.671 -2.126
-0.612 -4.694 -2.020
-0.679 -4.694 -2.008
-0.785 -4.696 -1.997
-0.830 -4.677 -1.981
-0.788 -4.689 -2.016
-0.702 -4.735 -2.054
-0.618 -4.736 -2.084
-0.641 -4.803 -2.098
-0.608 -4.835 -2.121
-0.607 -4.886 -2.156
-0.633 -4.933 -2.170
-0.640 -4.898 -2.181
-0.734 -4.913 -2.187
-0.893 -4.912 -2.108
-0.783 -4.889 -2.174
-0.736 -4.964 -2.347
-0.740 -4.928 -2.277
-0.701 -4.866 -2.285
-0.766 -4.894 -2.300
-0.813 -4.921 -2.363
-0.848 -4.874 -2.323
-0.932 -4.814 -2.285
-0.906 -4.769 -2.247
-0.806 -4.767 -2.304
-0.858 -4.820 -2.342
-0.824 -4.882 -2.367
-0.860 -4.923 -2.402
-0.867 -4.896 -2.395
-0.882 -4.827 -2.307
-1.008 -4.837 -2.306
-1.006 -4.859 -2.334
-0.853 -4.875 -2.374
-0.822 -4.898 -2.400
-0.755 -4.881 -2.371
-0.687 -4.844 -2.358
-0.807 -4.924 -2.338
-0.942 -4.955 -2.337
-0.992 -4.926 -2.320
-0.899 -4.965 -2.286
-0.757 -4.930 -2.302
-0.724 -4.905 -2.341
-0.758 -4.923 -2.310
-0.776 -4.977 -2.324
-0.841 -4.965 -2.324
-0.949 -4.918 -2.280
-0.961 -4.890 -2.254
-0.709 -4.854 -2.262
-0.674 -4.949 -2.416
-0.682 -4.948 -2.333
-0.690 -4.968 -2.356
-0.783 -5.020 -2.400
-0.937 -4.958 -2.311
-0.905 -4.899 -2.272
-0.797 -4.963 -2.373
-0.728 -4.980 -2.433
-0.701 -4.989 -2.470
-0.754 -5.063 -2.537
-0.772 -5.107 -2.531
-0.804 -5.060 -2.486
-0.912 -5.114 -2.571
-0.911 -5.101 -2.393
-0.742 -5.151 -2.457
-0.757 -5.281 -2.572
-0.733 -5.346 -2.578
-0.708 -5.371 -2.555
-0.837 -5.387 -2.544
-0.935 -5.318 -2.469
-0.884 -5.271 -2.420
-0.779 -5.333 -2.503
-0.716 -5.343 -2.534
-0.653 -5.306 -2.522
-0.717 -5.321 -2.551
-0.800 -5.301 -2.518
-0.905 -5.231 -2.467
-0.886 -5.220 -2.520
-0.770 -5.236 -2.561
-0.703 -5.210 -2.582
-0.651 -5.152 -2.586
-0.689 -5.167 -2.591
-0.771 -5.128 -2.551
-0.870 -5.061 -2.509
-0.808 -4.993 -2.597
-0.695 -4.989 -2.490
-0.632 -4.937 -2.480
-0.689 -4.992 -2.607
-0.714 -4.982 -2.497
-0.752 -4.930 -2.470
-0.894 -4.925 -2.467
-0.860 -4.894 -2.381
-0.707 -4.870 -2.411
-0.654 -4.879 -2.427
-0.621 -4.871 -2.430
-0.592 -4.847 -2.416
-0.667 -4.850 -2.423
-0.800 -4.805 -2.322
-0.758 -4.740 -2.271
-0.668 -4.799 -2.357
-0.621 -4.814 -2.407
-0.604 -4.805 -2.432
-0.639 -4.843 -2.454
-0.696 -4.868 -2.423
-0.770 -4.832 -2.324
-0.759 -4.835 -2.306
-0.687 -4.883 -2.378
-0.634 -4.889 -2.371
-0.576 -4.879 -2.367
-0.677 -4.965 -2.434
-0.804 -4.942 -2.342
-0.867 -4.892 -2.289
-0.796 -4.968 -2.347
-0.744 -4.984 -2.398
-0.695 -4.938 -2.383
-0.715 -4.953 -2.411
-0.750 -4.963 -2.387
-0.753 -4.948 -2.354
-0.862 -5.016 -2.411
-0.898 -4.970 -2.213
-0.879 -4.905 -2.116
-0.981 -4.893 -2.097
-0.990 -4.820 -2.070
-0.874 -4.773 -2.092
-0.676 -4.663 -2.079
-0.603 -4.716 -2.335
-0.642 -4.693 -2.207
-0.640 -4.676 -2.253
-0.635 -4.645 -2.213
-0.624 -4.646 -2.195
-0.630 -4.624 -2.188
-0.671 -4.639 -2.210
-0.744 -4.547 -2.132
-0.818 -4.541 -2.154
-0.727 -4.537 -2.178
-0.604 -4.509 -2.174
-0.606 -4.539 -2.220
-0.613 -4.577 -2.232
-0.620 -4.596 -2.247
-0.671 -4.691 -2.397
-0.744 -4.687 -2.266
-0.815 -4.638 -2.204
-0.875 -4.626 -2.110
-0.812 -4.670 -2.142
-0.705 -4.688 -2.223
-0.663 -4.728 -2.358
-0.718 -4.745 -2.237
-0.690 -4.729 -2.240
-0.724 -4.783 -2.259
-0.774 -4.767 -2.267
-0.878 -4.752 -2.215
-0.922 -4.714 -2.157
-0.924 -4.753 -2.173
-0.840 -4.828 -2.242
-0.820 -4.879 -2.272
-0.797 -4.941 -2.311
-0.808 -4.971 -2.351
-0.835 -5.023 -2.385
-0.808 -5.017 -2.375
-0.979 -5.047 -2.373
-1.009 -4.962 -2.216
-0.975 -4.890 -2.105
-0.877 -4.921 -2.111
-0.802 -4.912 -2.107
-0.724 -4.871 -2.095
-0.729 -4.868 -2.097
-0.719 -4.850 -2.044
-0.747 -4.764 -1.975
-0.798 -4.773 -1.958
-0.762 -4.773 -1.857
-0.665 -4.795 -1.876
-0.638 -4.812 -1.909
-0.679 -4.834 -1.954
-0.693 -4.819 -1.947
-0.765 -4.795 -1.944
-0.926 -4.786 -1.935
-0.958 -4.733 -1.902
-0.905 -4.737 -1.908
-0.833 -4.777 -1.965
-0.812 -4.802 -2.023
-0.786 -4.804 -2.042
-0.827 -4.842 -2.069
-0.856 -4.848 -2.083
-0.969 -4.838 -2.023
-1.045 -4.852 -1.963
-0.977 -4.878 -1.949
-0.848 -4.924 -1.980
-0.868 -5.002 -2.025
-0.869 -5.012 -2.034
-0.902 -5.015 -2.057
-0.982 -5.050 -2.066
-1.096 -5.055 -2.038
-1.107 -5.094 -2.040
-1.025 -5.166 -2.100
-0.972 -5.192 -2.156
-0.918 -5.174 -2.185
-0.939 -5.188 -2.296
-1.019 -5.200 -2.210
-1.104 -5.162 -2.188
-1.208 -5.127 -2.122
-1.190 -5.093 -2.074
-1.053 -5.117 -2.151
-0.958 -5.126 -2.252
-0.983 -5.125 -2.140
-0.906 -5.057 -2.114
-0.946 -5.082 -2.114
-1.010 -5.034 -2.057
-1.082 -4.943 -1.967
-1.071 -4.888 -1.860
-0.931 -4.912 -1.912
-0.846 -4.865 -1.914
-0.859 -4.940 -2.015
-0.858 -4.943 -1.900
-0.857 -4.948 -1.912
-0.985 -4.933 -1.867
-1.029 -4.877 -1.806
-0.955 -4.835 -1.797
-0.886 -4.877 -1.874
-0.879 -4.879 -1.929
-0.908 -4.873 -1.960
-0.978 -4.883 -1.992
-1.018 -4.854 -1.984
-1.102 -4.767 -1.916
-1.123 -4.734 -1.912
-1.010 -4.779 -2.025
-0.986 -4.799 -2.028
-0.972 -4.792 -2.071
-1.059 -4.866 -2.125
-1.056 -4.837 -2.104
-1.030 -4.794 -2.073
-1.070 -4.820 -2.125
-1.089 -4.847 -2.179
-1.164 -4.803 -2.112
-1.217 -4.772 -2.070
-1.170 -4.704 -2.075
-1.141 -4.801 -2.165
-1.089 -4.799 -2.207
-1.104 -4.779 -2.195
-1.132 -4.782 -2.196
-1.151 -4.755 -2.181
-1.218 -4.714 -2.156
-1.339 -4.642 -2.086
-1.347 -4.559 -2.009
-1.259 -4.551 -2.010
-1.108 -4.543 -2.069
-1.098 -4.582 -2.109
-1.072 -4.561 -2.047
-1.014 -4.470 -1.976
-1.065 -4.407 -1.873
-1.087 -4.322 -1.713
-1.086 -4.283 -1.664
-1.033 -4.349 -1.758
-0.958 -4.362 -1.818
-0.943 -4.338 -1.837
-0.973 -4.335 -1.870
-0.996 -4.301 -1.872
-1.172 -4.288 -1.900
-1.179 -4.252 -1.836
-1.182 -4.265 -1.882
-1.056 -4.325 -1.926
-1.005 -4.359 -1.961
-0.999 -4.344 -2.000
-1.029 -4.357 -2.053
-1.061 -4.409 -2.067
-1.197 -4.481 -2.109
-1.301 -4.458 -2.049
-1.341 -4.481 -2.026
-1.311 -4.604 -2.116
-1.188 -4.656 -2.176
-1.208 -4.731 -2.218
-1.219 -4.796 -2.219
-1.242 -4.847 -2.220
-1.316 -4.878 -2.155
-1.462 -4.900 -2.106
-1.463 -4.943 -2.136
-1.446 -5.124 -2.254
-1.465 -5.200 -2.335
-1.510 -5.214 -2.323
-1.579 -5.175 -2.295
-1.643 -5.219 -2.313
-1.595 -5.227 -2.290
-1.500 -5.312 -2.358
-1.457 -5.346 -2.407
-1.427 -5.361 -2.505
-1.408 -5.327 -2.338
-1.397 -5.263 -2.264
-1.409 -5.193 -2.137
-1.358 -5.169 -2.067
-1.211 -5.168 -2.004
-1.071 -5.154 -1.989
-1.058 -5.198 -2.015
-0.981 -5.150 -1.933
-0.970 -5.161 -1.933
-1.020 -5.126 -1.898
-1.055 -5.163 -1.988
-1.070 -5.155 -1.858
-0.984 -5.198 -1.919
-0.909 -5.250 -1.945
-0.861 -5.355 -2.086
-0.926 -5.454 -1.993
-0.912 -5.505 -2.013
-0.997 -5.571 -2.102
-1.135 -5.650 -2.013
-1.099 -5.693 -2.020
-1.013 -5.797 -2.063
-0.975 -5.894 -2.110
-0.986 -5.963 -2.151
-1.009 -6.064 -2.334
-1.095 -6.123 -2.229
-1.254 -6.179 -2.229
-1.417 -6.274 -2.267
-1.407 -6.291 -2.228
-1.256 -6.281 -2.257
-1.150 -6.316 -2.252
-1.110 -6.348 -2.286
-1.115 -6.367 -2.304
-1.129 -6.378 -2.291
-1.230 -6.395 -2.275
-1.382 -6.422 -2.256
-1.397 -6.420 -2.213
-1.332 -6.452 -2.289
-1.271 -6.543 -2.368
-1.216 -6.528 -2.315
-1.160 -6.475 -2.274
-1.178 -6.488 -2.234
-1.239 -6.444 -2.196
-1.273 -6.365 -2.132
-1.267 -6.290 -2.015
-1.088 -6.267 -1.992
-0.904 -6.180 -1.941
-0.897 -6.138 -1.850
-0.846 -6.086 -1.815
-0.889 -6.076 -1.823
-1.006 -6.019 -1.800
-1.048 -5.989 -1.783
-0.958 -5.954 -1.758
-0.779 -5.940 -1.776
-0.756 -5.917 -1.797
-0.812 -5.997 -1.903
-0.860 -5.992 -1.849
-0.973 -5.982 -1.876
-1.151 -6.043 -1.906
-1.160 -6.038 -1.888
-1.004 -6.030 -1.934
-0.972 -6.040 -1.972
-0.970 -6.056 -2.006
-1.006 -6.072 -2.045
-1.024 -6.081 -2.054
-1.233 -6.136 -2.153
-1.371 -6.185 -2.185
-1.410 -6.229 -2.221
-1.225 -6.190 -2.214
-1.208 -6.214 -2.266
-1.200 -6.204 -2.274
-1.201 -6.162 -2.272
-1.326 -6.152 -2.288
-1.444 -6.161 -2.290
-1.449 -6.100 -2.310
-1.379 -6.096 -2.336
-1.285 -6.091 -2.368
-1.212 -6.034 -2.355
-1.167 -5.958 -2.311
-1.159 -5.918 -2.265
-1.178 -5.854 -2.229
-1.240 -5.789 -2.153
-1.182 -5.657 -1.988
-0.960 -5.559 -1.890
-0.800 -5.497 -1.811
-0.759 -5.463 -1.776
-0.779 -5.452 -1.797
-0.880 -5.482 -1.808
-0.970 -5.368 -1.684
-0.956 -5.276 -1.599
-0.930 -5.314 -1.648
-0.903 -5.395 -1.755
-0.915 -5.393 -1.756
-0.927 -5.390 -1.789
-0.912 -5.363 -1.773
-0.977 -5.389 -1.877
-1.086 -5.294 -1.711
-1.079 -5.235 -1.730
-1.006 -5.327 -1.935
-1.010 -5.362 -1.887
-1.012 -5.371 -1.976
-1.143 -5.479 -2.073
-1.133 -5.451 -2.055
-1.192 -5.461 -2.067
-1.342 -5.460 -2.041
-1.456 -5.430 -2.024
-1.469 -5.443 -2.063
-1.325 -5.474 -2.099
-1.284 -5.459 -2.110
-1.356 -5.510 -2.181
-1.369 -5.501 -2.185
-1.395 -5.497 -2.217
-1.505 -5.438 -2.110
-1.511 -5.324 -2.015
-1.493 -5.297 -2.051
-1.393 -5.338 -2.119
-1.401 -5.344 -2.159
-1.456 -5.351 -2.211
-1.407 -5.314 -2.168
-1.376 -5.245 -2.135
-1.389 -5.186 -2.091
-1.421 -5.035 -1.975
-1.452 -4.963 -1.935
-1.260 -4.857 -1.827
-1.104 -4.776 -1.761
-1.103 -4.765 -1.763
-1.085 -4.722 -1.717
-1.077 -4.689 -1.724
-1.128 -4.680 -1.843
-1.219 -4.576 -1.704
-1.189 -4.517 -1.727
-1.116 -4.573 -1.912
-1.127 -4.616 -1.857
-1.063 -4.599 -1.894
-1.093 -4.625 -1.935
-1.103 -4.616 -1.963
-1.175 -4.592 -2.042
-1.341 -4.622 -2.001
-1.359 -4.597 -1.997
-1.291 -4.665 -2.063
-1.196 -4.685 -2.105
-1.202 -4.691 -2.142
-1.228 -4.736 -2.186
-1.278 -4.715 -2.186
-1.410 -4.688 -2.169
-1.437 -4.659 -2.132
-1.415 -4.724 -2.202
-1.325 -4.757 -2.230
-1.353 -4.809 -2.263
-1.342 -4.799 -2.242
-1.398 -4.833 -2.272
-1.452 -4.820 -2.277
-1.507 -4.760 -2.232
-1.568 -4.748 -2.242
-1.512 -4.715 -2.159
-1.384 -4.735 -2.221
-1.387 -4.766 -2.247
-1.377 -4.760 -2.238
-1.317 -4.697 -2.186
-1.356 -4.718 -2.200
-1.406 -4.658 -2.138
-1.418 -4.552 -2.052
-1.282 -4.446 -1.930
-1.087 -4.385 -1.793
-0.989 -4.323 -1.737
-0.941 -4.248 -1.694
-0.888 -4.193 -1.664
-0.881 -4.159 -1.633
-0.968 -4.080 -1.573
-0.981 -4.041 -1.551
-0.977 -4.105 -1.639
-0.920 -4.159 -1.657
-0.900 -4.169 -1.705
-0.950 -4.211 -1.772
-0.965 -4.214 -1.766
-0.938 -4.190 -1.783
-0.960 -4.155 -1.770
-1.153 -4.159 -1.742
-1.132 -4.105 -1.738
-1.140 -4.217 -1.876
-1.050 -4.226 -1.836
-1.034 -4.233 -1.847
-1.066 -4.277 -1.905
-1.136 -4.296 -1.924
-1.220 -4.264 -1.904
-1.352 -4.327 -2.023
-1.393 -4.326 -1.921
-1.254 -4.364 -2.010
-1.204 -4.409 -2.147
-1.262 -4.397 -2.024
-1.282 -4.418 -2.034
-1.323 -4.442 -2.077
-1.413 -4.452 -2.095
-1.523 -4.438 -2.097
-1.534 -4.397 -2.026
-1.400 -4.428 -2.106
-1.403 -4.529 -2.237
-1.394 -4.507 -2.152
-1.335 -4.456 -2.157
-1.342 -4.431 -2.076
-1.358 -4.448 -2.097
-1.411 -4.377 -2.026
-1.460 -4.312 -1.972
-1.294 -4.275 -1.948
-1.105 -4.211 -1.919
-0.989 -4.163 -1.827
-0.915 -4.066 -1.672
-0.856 -3.980 -1.604
-0.997 -3.973 -1.570
-1.070 -3.933 -1.527
-1.118 -3.987 -1.616
-1.027 -4.043 -1.643
-1.025 -4.063 -1.693
-0.988 -4.035 -1.706
-1.113 -4.040 -1.753
-1.164 -4.047 -1.744
-1.062 -4.007 -1.739
-1.106 -4.072 -1.782
-1.079 -4.069 -1.773
-1.081 -4.105 -1.800
-1.050 -4.105 -1.865
-1.127 -4.167 -1.899
-1.174 -4.220 -1.926
-1.162 -4.216 -1.941
-1.242 -4.308 -2.074
-1.426 -4.394 -2.096
-1.507 -4.438 -2.127
-1.530 -4.511 -2.231
-1.515 -4.530 -2.204
-1.495 -4.542 -2.272
-1.530 -4.638 -2.272
-1.524 -4.701 -2.275
-1.545 -4.713 -2.312
-1.613 -4.745 -2.306
-1.672 -4.691 -2.185
-1.652 -4.691 -2.203
-1.574 -4.707 -2.266
-1.550 -4.708 -2.269
-1.534 -4.743 -2.271
-1.531 -4.716 -2.257
-1.478 -4.677 -2.255
-1.495 -4.678 -2.210
-1.532 -4.666 -2.151
-1.559 -4.580 -2.073
-1.516 -4.556 -2.051
-1.483 -4.592 -2.143
-1.409 -4.472 -2.048
-1.297 -4.359 -1.882
-1.230 -4.262 -1.810
-1.184 -4.256 -1.944
-1.325 -4.233 -1.808
-1.282 -4.163 -1.783
-1.332 -4.234 -1.896
-1.387 -4.346 -2.011
-1.304 -4.311 -2.011
-1.319 -4.301 -1.998
-1.307 -4.289 -2.009
-1.325 -4.225 -1.960
-1.368 -4.213 -1.917
-1.351 -4.213 -1.946
-1.342 -4.274 -2.034
-1.349 -4.309 -2.081
-1.343 -4.315 -2.109
-1.353 -4.316 -2.144
-1.401 -4.341 -2.165
-1.452 -4.317 -2.138
-1.497 -4.307 -2.123
-1.505 -4.317 -2.161
-1.486 -4.389 -2.264
-1.450 -4.387 -2.278
-1.397 -4.331 -2.273
-1.467 -4.374 -2.274
-1.522 -4.394 -2.280
-1.597 -4.374 -2.275
-1.612 -4.363 -2.220
-1.516 -4.377 -2.295
-1.518 -4.450 -2.332
-1.436 -4.391 -2.286
-1.393 -4.387 -2.255
-1.351 -4.378 -2.223
-1.318 -4.254 -2.150
-1.393 -4.220 -2.050
-1.333 -4.168 -1.989
-1.221 -4.165 -2.007
-1.133 -4.115 -1.966
-1.128 -4.104 -1.958
-1.204 -4.161 -2.000
-1.188 -4.126 -1.961
-1.172 -4.036 -1.894
-1.153 -3.988 -1.965
-1.162 -3.984 -1.796
-1.116 -4.009 -1.895
-1.128 -4.062 -1.967
-1.157 -4.093 -2.003
-1.167 -4.112 -2.044
-1.183 -4.251 -2.056
-1.210 -4.298 -2.011
-1.357 -4.451 -2.048
-1.392 -4.538 -2.074
-1.321 -4.685 -2.136
-1.277 -4.814 -2.176
-1.271 -4.874 -2.188
-1.263 -4.907 -2.351
-1.350 -4.893 -2.246
-1.436 -4.877 -2.254
-1.548 -4.883 -2.258
-1.547 -4.853 -2.229
-1.485 -4.884 -2.335
-1.436 -4.821 -2.352
-1.422 -4.815 -2.360
-1.401 -4.854 -2.521
-1.457 -4.835 -2.414
-1.561 -4.820 -2.396
-1.609 -4.771 -2.340
-1.551 -4.775 -2.338
-1.455 -4.735 -2.373
-1.396 -4.740 -2.390
-1.341 -4.690 -2.393
-1.395 -4.726 -2.420
-1.367 -4.658 -2.376
-1.351 -4.600 -2.305
-1.379 -4.531 -2.226
-1.302 -4.474 -2.239
-1.264 -4.465 -2.244
-1.244 -4.482 -2.225
-1.239 -4.458 -2.230
-1.256 -4.460 -2.222
-1.270 -4.436 -2.215
-1.330 -4.466 -2.234
-1.355 -4.428 -2.206
-1.269 -4.379 -2.197
-1.101 -4.366 -2.294
-1.167 -4.376 -2.170
-1.187 -4.389 -2.189
-1.180 -4.410 -2.225
-1.183 -4.403 -2.223
-1.261 -4.458 -2.392
-1.366 -4.457 -2.288
-1.263 -4.415 -2.306
-1.151 -4.345 -2.302
-0.977 -4.183 -2.185
-0.898 -3.964 -2.012
-0.854 -3.923 -1.774
-0.938 -3.975 -1.490
-1.290 -3.888 -1.291
-1.461 -3.902 -1.081
-1.405 -3.917 -0.856
-1.236 -3.903 -0.728
-1.146 -3.914 -0.614
-1.118 -3.917 -0.502
-1.040 -3.877 -0.402
-0.929 -3.818 -0.308
-0.980 -3.792 -0.245
-1.050 -3.808 -0.221
-1.077 -3.767 -0.218
-1.035 -3.768 -0.272
-0.887 -3.742 -0.317
-0.729 -3.670 -0.293
-0.603 -3.546 -0.215
-0.551 -3.473 -0.182
-0.570 -3.431 -0.165
-0.575 -3.334 -0.071
-0.478 -3.215  0.020
-0.433 -3.272 -0.073
-0.465 -3.328 -0.151
-0.529 -3.420 -0.299
-0.524 -3.468 -0.503
-0.658 -3.505 -0.496
-0.714 -3.471 -0.553
-0.789 -3.468 -0.605
-0.756 -3.507 -0.714
-0.770 -3.581 -0.848
-0.741 -3.574 -0.911
-0.801 -3.582 -0.972
-0.890 -3.647 -1.085
-1.038 -3.713 -1.190
-1.182 -3.785 -1.309
-1.245 -3.861 -1.420
-1.184 -3.879 -1.511
-1.191 -3.927 -1.616
-1.221 -3.963 -1.684
-1.285 -4.005 -1.773
-1.409 -4.038 -1.832
-1.552 -4.093 -1.871
-1.580 -4.120 -1.891
-1.506 -4.142 -1.966
-1.478 -4.181 -2.039
-1.520 -4.235 -2.104
-1.478 -4.227 -2.082
-1.540 -4.210 -2.093
-1.629 -4.225 -2.084
-1.592 -4.186 -2.050
-1.505 -4.204 -2.117
-1.408 -4.211 -2.160
-1.397 -4.205 -2.134
-1.331 -4.171 -2.147
-1.486 -4.180 -2.121
-1.462 -4.130 -2.049
-1.364 -4.030 -2.022
-1.266 -4.101 -2.189
-1.250 -4.048 -1.990
-1.121 -3.996 -1.974
-1.104 -3.976 -1.925
-1.159 -3.967 -1.887
-1.205 -3.925 -1.856
-1.274 -3.951 -1.810
-1.199 -3.929 -1.807
-1.043 -3.859 -1.775
-0.935 -3.851 -1.753
-0.966 -3.883 -1.763
-0.969 -3.890 -1.804
-1.093 -3.885 -1.754
-1.137 -3.888 -1.730
-1.089 -3.830 -1.730
-0.987 -3.837 -1.774
-1.010 -3.876 -1.746
-1.016 -3.886 -1.807
-1.099 -3.929 -1.840
-1.208 -3.929 -1.866
-1.345 -3.985 -1.864
-1.419 -3.986 -1.829
-1.324 -3.968 -1.872
-1.285 -4.031 -1.941
-1.271 -4.062 -1.964
-1.240 -4.068 -1.956
-1.309 -4.106 -1.992
-1.355 -4.066 -1.976
-1.358 -4.041 -1.882
-1.385 -4.004 -1.845
-1.383 -4.059 -1.967
-1.287 -4.077 -1.950
-1.206 -4.075 -1.982
-1.189 -4.081 -2.001
-1.192 -4.068 -1.977
-1.270 -3.985 -1.898
-1.285 -3.969 -1.811
-1.238 -3.901 -1.796
-1.234 -4.001 -1.887
-1.154 -4.038 -1.906
-1.090 -3.980 -1.853
-1.034 -3.909 -1.768
-1.048 -3.825 -1.670
-1.008 -3.706 -1.565
-1.034 -3.681 -1.544
-0.965 -3.618 -1.434
-0.919 -3.656 -1.473
-0.901 -3.731 -1.647
-0.932 -3.757 -1.544
-0.965 -3.754 -1.583
-1.105 -3.776 -1.572
-1.121 -3.744 -1.547
-1.091 -3.713 -1.556
-1.019 -3.707 -1.572
-0.953 -3.782 -1.614
-0.957 -3.823 -1.653
-0.918 -3.747 -1.632
-0.998 -3.739 -1.633
-1.128 -3.762 -1.661
-1.190 -3.769 -1.635
-1.165 -3.821 -1.674
-1.127 -3.893 -1.737
-1.065 -3.898 -1.763
-1.091 -3.932 -1.802
-1.187 -3.980 -1.894
-1.312 -4.008 -1.893
-1.362 -3.971 -1.912
-1.374 -4.048 -1.978
-1.360 -4.086 -2.061
-1.298 -4.086 -2.103
-1.238 -4.112 -2.156
-1.236 -4.066 -2.021
-1.281 -4.013 -1.966
-1.266 -3.956 -2.010
-1.385 -4.044 -1.921
-1.234 -4.001 -1.984
-1.123 -4.099 -2.170
-1.164 -4.052 -2.027
-1.099 -4.013 -1.971
-1.189 -3.941 -1.896
-1.191 -3.865 -1.777
-1.080 -3.793 -1.658
-0.998 -3.678 -1.586
-0.848 -3.613 -1.573
-0.681 -3.528 -1.352
-0.658 -3.499 -1.316
-0.707 -3.549 -1.307
-0.811 -3.491 -1.289
-0.901 -3.517 -1.266
-0.950 -3.525 -1.300
-0.879 -3.590 -1.311
-0.789 -3.591 -1.337
-0.792 -3.593 -1.386
-0.795 -3.656 -1.504
-0.978 -3.676 -1.419
-0.983 -3.614 -1.421
-1.093 -3.696 -1.490
-0.986 -3.681 -1.439
-0.854 -3.654 -1.437
-0.840 -3.673 -1.459
-0.840 -3.649 -1.466
-0.905 -3.635 -1.449
-1.045 -3.681 -1.469
-1.140 -3.738 -1.475
-1.076 -3.754 -1.506
-1.056 -3.802 -1.570
-1.060 -3.892 -1.644
-1.075 -3.934 -1.689
-1.211 -3.980 -1.747
-1.329 -4.000 -1.742
-1.395 -3.983 -1.697
-1.320 -3.974 -1.701
-1.200 -3.959 -1.716
-1.110 -3.931 -1.686
-1.120 -3.973 -1.729
-1.158 -4.014 -1.723
-1.212 -3.985 -1.738
-1.321 -4.068 -1.852
-1.436 -4.053 -1.697
-1.282 -3.993 -1.697
-1.107 -3.991 -1.690
-1.048 -3.983 -1.651
-1.005 -3.944 -1.617
-1.029 -3.978 -1.680
-1.221 -3.985 -1.638
-1.291 -3.976 -1.669
-1.273 -4.034 -1.823
-1.221 -3.986 -1.654
-1.072 -3.947 -1.638
-1.099 -3.986 -1.628
-1.080 -3.946 -1.593
-1.186 -3.948 -1.576
-1.294 -3.943 -1.558
-1.280 -3.941 -1.517
-1.174 -3.915 -1.531
-1.025 -3.924 -1.512
-0.971 -3.900 -1.513
-0.956 -3.945 -1.618
-0.983 -3.906 -1.515
-1.005 -3.913 -1.525
-1.182 -3.929 -1.551
-1.247 -3.903 -1.519
-1.246 -3.911 -1.642
-1.230 -3.929 -1.525
-1.143 -3.930 -1.566
-1.109 -3.942 -1.580
-1.089 -3.958 -1.591
-1.100 -3.983 -1.632
-1.117 -4.013 -1.640
-1.291 -4.019 -1.681
-1.447 -4.075 -1.683
-1.515 -4.089 -1.701
-1.362 -4.142 -1.761
-1.268 -4.174 -1.777
-1.265 -4.165 -1.768
-1.275 -4.180 -1.752
-1.380 -4.170 -1.759
-1.438 -4.138 -1.737
-1.485 -4.195 -1.864
-1.421 -4.175 -1.721
-1.232 -4.140 -1.741
-1.237 -4.162 -1.725
-1.196 -4.141 -1.702
-1.226 -4.153 -1.724
