-0.216 -0.264  0.198
-0.216 -0.256  0.218
-0.222 -0.251  0.234
-0.244 -0.284  0.202
-0.240 -0.276  0.174
-0.262 -0.330  0.092
-0.232 -0.276  0.109
-0.202 -0.222  0.185
-0.189 -0.270  0.182
-0.194 -0.270  0.196
-0.200 -0.246  0.200
-0.237 -0.292  0.152
-0.279 -0.369  0.068
-0.258 -0.267  0.128
-0.290 -0.357  0.112
-0.263 -0.389  0.133
-0.249 -0.381  0.160
-0.216 -0.373  0.169
-0.185 -0.343  0.203
-0.165 -0.306  0.205
-0.176 -0.359  0.124
-0.197 -0.429  0.034
-0.224 -0.411  0.023
-0.284 -0.304  0.191
-0.138 -0.279  0.175
-0.087 -0.187  0.244
-0.097 -0.168  0.282
-0.099 -0.227  0.193
-0.095 -0.197  0.207
-0.126 -0.177  0.241
-0.115 -0.251  0.116
-0.153 -0.191  0.099
-0.254 -0.283  0.063
-0.292 -0.212  0.155
-0.242 -0.403  0.030
-0.211 -0.246  0.071
-0.118 -0.162  0.129
-0.080 -0.030  0.111
-0.101 -0.079  0.092
-0.057 -0.092  0.129
-0.006 -0.020  0.246
-0.001  0.046  0.292
-0.065  0.113  0.394
-0.019  0.046  0.292
-0.011  0.057  0.283
-0.035 -0.009  0.223
-0.036 -0.061  0.153
-0.037 -0.046  0.200
-0.009  0.011  0.294
-0.030 -0.096  0.228
-0.005 -0.101  0.219
 0.019 -0.077  0.213
-0.028 -0.208  0.115
-0.035 -0.202  0.058
-0.019 -0.153  0.134
-0.007 -0.081  0.211
-0.103 -0.096  0.242
-0.031 -0.018  0.246
-0.006 -0.026  0.263
-0.047 -0.193  0.108
-0.095 -0.329 -0.020
-0.103 -0.352 -0.016
-0.100 -0.289  0.052
-0.137 -0.344  0.010
-0.137 -0.345  0.042
-0.122 -0.293  0.071
-0.108 -0.281  0.041
-0.122 -0.301  0.017
-0.089 -0.234  0.078
-0.064 -0.191  0.080
-0.098 -0.115  0.195
-0.019 -0.163  0.134
-0.033 -0.166  0.157
-0.046 -0.148  0.142
-0.044 -0.157  0.119
-0.038 -0.125  0.157
-0.057 -0.171  0.080
-0.069 -0.197  0.027
-0.088 -0.237 -0.050
-0.079 -0.165  0.047
-0.099 -0.233 -0.030
-0.074 -0.185  0.037
-0.064 -0.140  0.057
-0.028 -0.019  0.133
-0.039 -0.022  0.089
-0.023 -0.130 -0.035
 0.021 -0.123 -0.037
 0.047 -0.113  0.006
 0.069 -0.054  0.047
 0.114 -0.017  0.083
 0.095 -0.027  0.120
 0.075 -0.041  0.132
 0.071 -0.022  0.111
-0.030 -0.095  0.044
 0.067 -0.081 -0.007
 0.076 -0.020  0.049
 0.062 -0.041  0.041
 0.051 -0.033  0.051
 0.100  0.136  0.143
 0.092  0.130  0.125
 0.081  0.090  0.032
 0.025  0.027  0.002
 0.077  0.115  0.099
-0.042 -0.000  0.084
 0.016 -0.047  0.043
-0.025 -0.177  0.043
-0.043 -0.193 -0.002
-0.066 -0.298 -0.064
-0.059 -0.294 -0.093
-0.013 -0.085 -0.105
-0.064 -0.132 -0.070
-0.085 -0.142 -0.015
-0.069 -0.058  0.062
-0.234 -0.210  0.029
-0.117 -0.214  0.038
-0.072 -0.148  0.064
-0.095 -0.193  0.020
-0.068 -0.140  0.064
-0.028 -0.108  0.099
 0.003 -0.036  0.140
-0.117 -0.145  0.070
-0.104 -0.213 -0.059
-0.137 -0.225 -0.089
-0.138 -0.205 -0.032
-0.150 -0.183  0.009
-0.123 -0.161  0.020
-0.127 -0.198 -0.023
-0.132 -0.213 -0.028
-0.134 -0.239 -0.116
-0.167 -0.266 -0.195
-0.206 -0.313 -0.255
-0.200 -0.280 -0.196
-0.086 -0.143 -0.033
-0.035 -0.102 -0.035
-0.028 -0.075 -0.001
 0.038  0.032  0.158
 0.043  0.053  0.133
 0.081  0.074  0.059
 0.108  0.094  0.047
 0.107  0.105  0.045
 0.106  0.098  0.053
 0.140  0.178  0.123
 0.127  0.102  0.056
 0.092  0.084  0.048
 0.093  0.112  0.071
 0.076  0.084  0.042
 0.051  0.035  0.019
 0.053  0.034  0.024
 0.020 -0.026 -0.027
 0.026 -0.027 -0.041
 0.040 -0.023 -0.028
 0.034 -0.020  0.007
 0.039  0.002  0.029
 0.003 -0.047 -0.013
-0.003 -0.117 -0.122
-0.038 -0.121 -0.109
-0.087 -0.173 -0.118
-0.103 -0.191 -0.105
-0.082 -0.138 -0.052
-0.055 -0.172 -0.097
-0.046 -0.154 -0.082
-0.013 -0.124 -0.064
 0.010 -0.129 -0.091
 0.055 -0.078 -0.088
 0.084 -0.035 -0.079
 0.080 -0.018 -0.033
 0.064 -0.002 -0.011
 0.028 -0.061 -0.107
-0.005 -0.097 -0.137
-0.006 -0.065 -0.077
-0.013 -0.082 -0.105
-0.010 -0.085 -0.066
 0.015 -0.005 -0.019
 0.005 -0.072 -0.079
 0.022 -0.041 -0.064
 0.010 -0.105 -0.160
-0.010 -0.142 -0.223
 0.030 -0.065 -0.190
 0.021 -0.052 -0.081
 0.069 -0.010 -0.005
 0.131  0.123  0.087
 0.117  0.141  0.129
 0.165  0.122  0.081
 0.160  0.109  0.070
 0.111  0.047  0.016
 0.075 -0.002 -0.057
 0.019 -0.043 -0.138
 0.023 -0.011 -0.074
 0.017  0.036  0.006
-0.080  0.014  0.026
 0.030  0.051  0.015
 0.044  0.075  0.046
 0.044  0.056  0.033
 0.059  0.073  0.026
-0.023  0.046  0.026
 0.010 -0.077 -0.158
 0.032  0.010 -0.102
 0.022  0.008 -0.041
 0.038  0.056  0.037
 0.030  0.038  0.028
 0.027  0.043  0.034
 0.049  0.088  0.068
-0.035  0.053  0.072
 0.024  0.010 -0.001
 0.007 -0.040 -0.103
-0.036 -0.070 -0.159
 0.021 -0.040 -0.123
 0.010  0.043  0.012
-0.045  0.019  0.047
 0.037  0.070  0.094
 0.067  0.152  0.149
 0.042  0.054  0.076
 0.018  0.015  0.008
-0.029 -0.089 -0.129
-0.051 -0.127 -0.217
-0.024 -0.042 -0.091
-0.017 -0.038 -0.072
-0.014 -0.013  0.009
 0.001  0.006  0.012
 0.007 -0.024 -0.021
 0.010 -0.033 -0.009
 0.022 -0.041 -0.099
 0.004 -0.092 -0.188
 0.027 -0.069 -0.200
 0.026 -0.007 -0.116
 0.002 -0.052 -0.118
 0.015 -0.013 -0.094
 0.048  0.076 -0.011
-0.052  0.021  0.018
 0.041  0.029 -0.009
 0.036  0.019 -0.025
 0.023 -0.056 -0.147
 0.033 -0.009 -0.100
 0.009 -0.026 -0.074
-0.012 -0.059 -0.081
-0.018 -0.031 -0.037
-0.018 -0.057 -0.045
-0.024 -0.073 -0.046
-0.008 -0.046 -0.059
-0.047 -0.096 -0.125
-0.002 -0.078 -0.118
-0.003 -0.027 -0.046
-0.047 -0.084 -0.078
-0.057 -0.078 -0.064
-0.050 -0.002 -0.015
-0.068 -0.103 -0.116
-0.064 -0.087 -0.091
-0.094 -0.161 -0.165
-0.080 -0.161 -0.211
-0.027 -0.058 -0.148
-0.078 -0.117 -0.132
-0.089 -0.113 -0.095
-0.076 -0.053 -0.037
-0.056 -0.029 -0.040
-0.062 -0.041 -0.048
-0.021  0.047 -0.025
-0.034 -0.046 -0.160
-0.033 -0.056 -0.180
-0.038 -0.036 -0.171
-0.060 -0.042 -0.121
-0.029  0.000 -0.089
 0.011  0.036 -0.064
 0.048  0.102  0.023
 0.042  0.078 -0.005
 0.006  0.027 -0.071
 0.013  0.029 -0.109
 0.045  0.057 -0.130
 0.007  0.029 -0.089
 0.002  0.034 -0.066
 0.023  0.073 -0.034
-0.050  0.080  0.027
 0.023  0.080  0.007
 0.036  0.099 -0.007
 0.043  0.059 -0.055
 0.069  0.072 -0.063
 0.047  0.076 -0.023
 0.015  0.036 -0.039
 0.011  0.033 -0.052
 0.006  0.045 -0.036
-0.016 -0.007 -0.061
-0.023 -0.045 -0.101
 0.010 -0.081 -0.152
 0.043 -0.065 -0.185
 0.043 -0.022 -0.111
 0.032 -0.008 -0.093
 0.012 -0.036 -0.114
-0.000 -0.034 -0.090
-0.025 -0.059 -0.136
-0.070 -0.147 -0.199
-0.076 -0.139 -0.218
-0.044 -0.106 -0.218
-0.045 -0.083 -0.135
-0.022 -0.050 -0.106
 0.002 -0.000 -0.092
 0.018  0.011 -0.044
 0.034  0.062 -0.005
 0.027  0.008 -0.076
 0.007 -0.057 -0.153
-0.002 -0.065 -0.181
 0.024  0.025 -0.088
 0.074  0.021 -0.095
 0.090  0.041 -0.075
 0.059  0.008 -0.137
 0.042 -0.028 -0.107
 0.047 -0.022 -0.076
 0.022 -0.117 -0.242
 0.018 -0.157 -0.356
 0.087  0.001 -0.231
 0.051 -0.055 -0.155
 0.083  0.021 -0.060
 0.107  0.092  0.015
 0.074  0.016 -0.034
 0.061 -0.003 -0.040
 0.061 -0.016 -0.093
 0.024 -0.123 -0.226
 0.042 -0.042 -0.158
 0.035  0.021 -0.058
 0.001 -0.039 -0.095
-0.012 -0.035 -0.070
 0.023  0.047 -0.020
-0.014  0.011 -0.040
-0.015 -0.040 -0.066
 0.006  0.008 -0.057
-0.067 -0.117 -0.196
 0.018 -0.036 -0.148
 0.003  0.016 -0.084
-0.004 -0.012 -0.093
-0.003  0.016 -0.004
 0.034  0.091  0.066
 0.030  0.102  0.049
-0.030 -0.023 -0.024
-0.026  0.013 -0.021
-0.131 -0.046 -0.085
-0.008  0.036 -0.022
-0.000  0.098  0.031
-0.003  0.040 -0.018
 0.025  0.102  0.018
-0.000  0.044 -0.046
-0.016  0.031 -0.015
-0.017  0.002 -0.050
-0.019 -0.036 -0.100
-0.000 -0.037 -0.143
 0.019  0.051 -0.044
 0.009  0.108  0.048
-0.044  0.033 -0.003
 0.016  0.048 -0.030
 0.039  0.096 -0.034
-0.028 -0.007 -0.115
 0.017 -0.040 -0.176
 0.043 -0.027 -0.225
 0.066  0.002 -0.200
 0.029  0.026 -0.077
 0.038  0.084  0.000
 0.037  0.109  0.050
 0.045  0.128  0.084
 0.045  0.137  0.103
 0.025  0.083  0.013
-0.055  0.018 -0.052
 0.063 -0.006 -0.172
 0.049  0.065 -0.050
-0.016 -0.009 -0.082
-0.036 -0.021 -0.078
-0.031  0.014 -0.039
-0.068 -0.048 -0.085
-0.078 -0.101 -0.166
-0.041 -0.063 -0.169
-0.046 -0.028 -0.153
-0.108 -0.109 -0.212
-0.088 -0.064 -0.141
-0.063 -0.023 -0.119
-0.052 -0.067 -0.154
-0.043 -0.090 -0.182
 0.003  0.002 -0.140
-0.069 -0.039 -0.146
-0.059 -0.078 -0.134
-0.088 -0.105 -0.152
-0.076 -0.136 -0.297
-0.073 -0.088 -0.209
-0.052 -0.041 -0.120
-0.025  0.035 -0.087
-0.007  0.013 -0.096
 0.004  0.019 -0.083
 0.006  0.000 -0.162
-0.029  0.009 -0.151
 0.020 -0.031 -0.238
 0.033  0.060 -0.102
-0.026 -0.041 -0.149
-0.036 -0.046 -0.113
-0.020  0.002 -0.100
-0.041 -0.021 -0.102
-0.008 -0.047 -0.149
 0.030 -0.016 -0.196
 0.028 -0.097 -0.321
 0.041 -0.036 -0.170
 0.056  0.033 -0.071
 0.024 -0.027 -0.099
 0.013 -0.042 -0.102
 0.046  0.042 -0.059
-0.071 -0.034 -0.069
-0.025 -0.129 -0.184
 0.008 -0.046 -0.180
 0.003 -0.063 -0.222
-0.045 -0.101 -0.183
-0.048 -0.055 -0.121
-0.086 -0.110 -0.145
-0.128 -0.150 -0.147
-0.113 -0.088 -0.121
-0.213 -0.212 -0.196
-0.182 -0.253 -0.274
-0.148 -0.124 -0.163
-0.192 -0.137 -0.141
-0.153 -0.094 -0.089
-0.098 -0.013 -0.025
-0.128 -0.038 -0.041
-0.065  0.036  0.020
-0.045  0.110  0.071
-0.048  0.076  0.017
-0.029  0.031 -0.071
-0.008  0.102 -0.019
-0.091  0.094  0.060
 0.047  0.157  0.096
 0.068  0.199  0.136
-0.038  0.125  0.112
-0.039  0.010  0.013
-0.064 -0.033 -0.068
-0.013  0.031 -0.110
 0.040  0.090 -0.156
 0.012 -0.012 -0.189
 0.024 -0.086 -0.148
 0.051 -0.057 -0.136
 0.060 -0.074 -0.166
 0.090 -0.012 -0.122
 0.053 -0.020 -0.131
 0.042 -0.064 -0.208
 0.035 -0.081 -0.266
 0.040  0.008 -0.281
 0.035 -0.056 -0.218
 0.026 -0.147 -0.195
 0.021 -0.165 -0.172
 0.041 -0.145 -0.135
 0.064 -0.098 -0.100
 0.088 -0.048 -0.079
-0.017 -0.091 -0.093
 0.091 -0.033 -0.177
 0.092  0.116 -0.098
 0.020  0.014 -0.122
 0.064  0.023 -0.092
 0.065  0.108 -0.039
-0.009 -0.034 -0.058
 0.033 -0.056 -0.086
 0.059  0.010 -0.039
 0.091 -0.042 -0.171
 0.055 -0.037 -0.234
 0.081  0.090 -0.147
-0.019  0.115 -0.049
 0.083  0.167  0.003
 0.075  0.190  0.086
 0.043  0.197  0.195
 0.130  0.233  0.184
 0.124  0.200  0.076
 0.083  0.139 -0.037
 0.092  0.130 -0.096
 0.097  0.161 -0.021
 0.130  0.201  0.061
 0.160  0.229  0.111
 0.151  0.208  0.089
 0.148  0.226  0.129
 0.136  0.204  0.074
 0.100  0.124 -0.014
 0.107  0.095 -0.077
 0.104  0.083 -0.125
 0.092  0.100 -0.026
 0.098  0.103 -0.020
 0.124  0.144  0.002
 0.154  0.201  0.033
 0.144  0.131 -0.027
 0.129  0.113 -0.026
 0.107  0.035 -0.131
 0.093 -0.040 -0.270
 0.098 -0.022 -0.260
 0.059 -0.018 -0.171
 0.054 -0.004 -0.118
 0.087  0.066 -0.073
 0.004 -0.002 -0.109
 0.048 -0.027 -0.134
 0.033 -0.043 -0.170
 0.008 -0.153 -0.328
 0.012 -0.129 -0.325
-0.009 -0.051 -0.198
-0.071 -0.015 -0.093
 0.003 -0.032 -0.113
 0.015  0.049 -0.029
-0.070 -0.021 -0.060
-0.027 -0.108 -0.185
-0.041 -0.101 -0.238
-0.054 -0.155 -0.315
-0.068 -0.144 -0.219
-0.025 -0.040 -0.115
-0.002 -0.006 -0.078
-0.018 -0.020 -0.034
 0.012  0.100  0.029
-0.014 -0.033 -0.109
-0.020 -0.060 -0.165
-0.015 -0.066 -0.238
 0.014 -0.034 -0.213
 0.064  0.037 -0.119
 0.090  0.072 -0.098
 0.096  0.077 -0.051
 0.122  0.124 -0.009
 0.099  0.078 -0.069
 0.064  0.021 -0.079
 0.053  0.003 -0.141
 0.023 -0.056 -0.224
 0.025 -0.012 -0.105
 0.053  0.047 -0.044
 0.046  0.013 -0.067
 0.069  0.018 -0.061
 0.114  0.078 -0.039
 0.035 -0.005 -0.073
 0.083 -0.030 -0.162
 0.083  0.018 -0.184
 0.069  0.035 -0.154
 0.109  0.095 -0.004
 0.159  0.210  0.115
 0.089  0.152  0.091
 0.131  0.170  0.101
 0.119  0.212  0.113
 0.073  0.043 -0.072
 0.067 -0.027 -0.201
 0.084  0.055 -0.179
-0.001  0.115  0.013
 0.052  0.082 -0.022
 0.062  0.167  0.051
 0.054  0.090 -0.016
 0.070  0.139  0.060
 0.043  0.038 -0.055
 0.024 -0.067 -0.203
 0.012 -0.091 -0.285
 0.011 -0.007 -0.197
-0.010 -0.025 -0.175
 0.044  0.084 -0.051
 0.074  0.139 -0.032
 0.093  0.154  0.029
 0.103  0.179  0.058
 0.064  0.048 -0.125
 0.025 -0.043 -0.242
 0.056  0.026 -0.199
 0.055  0.064 -0.086
 0.076  0.109 -0.008
 0.109  0.174  0.056
 0.087  0.117 -0.011
 0.080  0.112  0.012
 0.072  0.071 -0.072
 0.014 -0.058 -0.251
 0.015 -0.057 -0.311
 0.018  0.019 -0.159
-0.001 -0.041 -0.164
 0.010 -0.017 -0.117
 0.040  0.031 -0.090
-0.000 -0.062 -0.150
-0.007 -0.096 -0.204
 0.007 -0.068 -0.229
 0.005 -0.082 -0.308
-0.019 -0.052 -0.190
 0.007  0.033 -0.077
-0.019 -0.016 -0.107
-0.037 -0.048 -0.146
-0.029 -0.016 -0.135
-0.067 -0.124 -0.238
-0.064 -0.159 -0.346
-0.067 -0.172 -0.409
-0.068 -0.125 -0.344
-0.119 -0.157 -0.301
-0.079 -0.037 -0.185
-0.079 -0.033 -0.156
-0.051 -0.008 -0.119
-0.027  0.053 -0.027
-0.013  0.122  0.014
-0.045  0.008 -0.082
-0.063 -0.042 -0.093
-0.067 -0.028 -0.115
-0.095 -0.135 -0.263
-0.105 -0.172 -0.365
-0.086 -0.094 -0.297
-0.084  0.001 -0.156
-0.049  0.030 -0.106
-0.058  0.060 -0.010
-0.048  0.077 -0.056
-0.084  0.018 -0.084
-0.096 -0.028 -0.155
-0.115 -0.086 -0.294
-0.104  0.001 -0.261
-0.054  0.175 -0.055
-0.038  0.240 -0.040
-0.008  0.275  0.060
 0.024  0.315  0.121
 0.001  0.194  0.031
-0.128  0.077 -0.073
-0.066  0.006 -0.218
-0.055  0.067 -0.185
-0.088  0.028 -0.087
-0.014  0.097 -0.033
 0.022  0.137 -0.014
-0.026  0.043 -0.071
-0.020 -0.007 -0.182
-0.016 -0.071 -0.279
-0.003 -0.044 -0.217
-0.046 -0.055 -0.127
-0.011  0.032 -0.029
-0.127 -0.060 -0.047
-0.047 -0.025 -0.049
-0.061 -0.081 -0.128
-0.066 -0.164 -0.299
-0.044 -0.134 -0.313
-0.096 -0.160 -0.232
-0.105 -0.122 -0.137
-0.077 -0.050 -0.069
-0.103 -0.107 -0.111
-0.076 -0.128 -0.168
-0.036 -0.115 -0.237
-0.020 -0.095 -0.268
-0.069 -0.109 -0.208
-0.049 -0.040 -0.112
-0.038  0.024 -0.066
-0.106 -0.008 -0.033
-0.127 -0.169 -0.224
-0.125 -0.056 -0.209
-0.044 -0.030 -0.168
-0.031  0.019 -0.027
 0.011  0.117  0.041
 0.009  0.083  0.013
 0.003  0.090  0.070
 0.023  0.085 -0.003
-0.007 -0.007 -0.120
 0.012 -0.004 -0.140
 0.031  0.082 -0.016
 0.021  0.056 -0.032
 0.043  0.109  0.046
 0.066  0.155  0.053
 0.010  0.086  0.047
 0.005  0.026 -0.029
-0.016  0.003 -0.146
-0.054 -0.101 -0.276
-0.021 -0.048 -0.139
 0.037  0.043 -0.039
 0.016 -0.018 -0.051
 0.027 -0.004 -0.034
 0.039  0.027 -0.018
-0.014 -0.092 -0.160
 0.001 -0.115 -0.258
 0.034 -0.038 -0.231
-0.005 -0.065 -0.150
-0.001 -0.034 -0.086
 0.046  0.074 -0.011
-0.034  0.010 -0.019
 0.051  0.023 -0.022
 0.039  0.038 -0.045
 0.012 -0.086 -0.202
 0.032 -0.083 -0.249
 0.031 -0.042 -0.229
-0.035 -0.095 -0.191
-0.026 -0.051 -0.113
-0.012 -0.015 -0.065
-0.015 -0.014 -0.048
 0.045  0.099  0.051
 0.008 -0.012 -0.072
-0.002 -0.084 -0.211
 0.030 -0.022 -0.234
-0.030 -0.041 -0.216
-0.049 -0.002 -0.134
 0.001  0.112 -0.037
 0.035  0.137 -0.033
 0.003  0.108 -0.009
 0.038  0.170 -0.024
-0.015  0.107 -0.103
 0.002  0.075 -0.140
-0.009  0.161 -0.029
-0.088  0.135  0.012
 0.001  0.153 -0.019
 0.042  0.208 -0.014
 0.030  0.181 -0.004
 0.009  0.078 -0.137
-0.026  0.079 -0.188
-0.071 -0.016 -0.143
-0.026  0.029 -0.034
 0.020  0.099  0.008
 0.008  0.073  0.026
 0.048  0.125  0.019
 0.069  0.112 -0.014
 0.001 -0.040 -0.206
 0.032 -0.082 -0.309
 0.043  0.047 -0.185
-0.021 -0.041 -0.182
-0.016 -0.037 -0.128
 0.013  0.053 -0.080
-0.041 -0.023 -0.170
-0.050 -0.044 -0.169
-0.069 -0.080 -0.248
-0.110 -0.216 -0.404
-0.063 -0.205 -0.384
-0.063 -0.105 -0.189
-0.082 -0.121 -0.149
-0.068 -0.083 -0.096
-0.021 -0.031 -0.034
-0.036 -0.091 -0.100
-0.042 -0.161 -0.216
-0.022 -0.156 -0.322
-0.003 -0.083 -0.323
-0.060 -0.127 -0.263
-0.045 -0.026 -0.164
-0.077  0.020 -0.187
-0.078 -0.006 -0.180
-0.056  0.016 -0.066
-0.048 -0.062 -0.140
-0.018 -0.126 -0.215
-0.022 -0.119 -0.239
-0.024 -0.007 -0.093
-0.030 -0.030 -0.103
 0.020  0.023 -0.025
 0.059  0.059 -0.033
 0.016  0.018 -0.060
 0.023 -0.004 -0.074
 0.006 -0.030 -0.214
-0.039 -0.123 -0.318
-0.004 -0.060 -0.137
 0.019 -0.044 -0.160
-0.009 -0.085 -0.148
-0.007 -0.071 -0.131
-0.004 -0.076 -0.165
-0.029 -0.136 -0.239
-0.004 -0.133 -0.302
 0.027 -0.037 -0.226
-0.016 -0.104 -0.209
-0.037 -0.133 -0.226
-0.017 -0.082 -0.183
 0.001 -0.042 -0.157
-0.047 -0.083 -0.158
-0.030 -0.211 -0.340
-0.008 -0.155 -0.349
-0.053 -0.170 -0.370
-0.046 -0.132 -0.269
 0.013  0.067 -0.147
-0.023  0.012 -0.200
-0.001  0.017 -0.163
 0.037  0.066 -0.107
 0.057 -0.001 -0.154
 0.092  0.013 -0.227
 0.076  0.063 -0.174
 0.004  0.039 -0.163
-0.039 -0.029 -0.209
-0.056 -0.087 -0.216
-0.063 -0.125 -0.233
-0.089 -0.177 -0.266
-0.077 -0.155 -0.267
-0.050 -0.103 -0.274
-0.030 -0.042 -0.175
-0.026  0.018 -0.070
 0.026  0.142  0.012
 0.030  0.136  0.055
 0.034  0.122  0.038
 0.037  0.106 -0.032
 0.021  0.066 -0.070
 0.023  0.029 -0.122
 0.038  0.134 -0.010
 0.015  0.082 -0.060
 0.033  0.099 -0.025
 0.035  0.082 -0.057
-0.002  0.037 -0.069
 0.014  0.028 -0.096
 0.024  0.003 -0.225
-0.006 -0.073 -0.340
 0.008 -0.031 -0.235
 0.028  0.028 -0.141
 0.028  0.028 -0.095
 0.045  0.078 -0.042
 0.082  0.126 -0.014
 0.022  0.054 -0.054
 0.029 -0.040 -0.150
 0.062  0.002 -0.167
 0.039 -0.018 -0.187
 0.056  0.046 -0.065
 0.085  0.136 -0.007
 0.051  0.122 -0.035
 0.025  0.121 -0.073
 0.059  0.156 -0.057
-0.046 -0.054 -0.206
-0.032 -0.146 -0.334
 0.017 -0.059 -0.268
-0.007  0.005 -0.148
-0.025 -0.071 -0.224
 0.006  0.076 -0.080
-0.028  0.117 -0.015
 0.029  0.166  0.074
 0.031  0.142  0.053
-0.058  0.051 -0.051
 0.016  0.004 -0.160
 0.010  0.071 -0.051
-0.068 -0.017 -0.086
-0.022  0.028 -0.051
 0.022  0.133 -0.015
-0.099 -0.007 -0.092
-0.057 -0.079 -0.206
-0.044 -0.041 -0.247
-0.046 -0.023 -0.170
-0.003  0.089 -0.026
 0.034  0.134 -0.026
 0.013  0.097 -0.037
 0.037  0.134  0.008
 0.049  0.108 -0.044
 0.003 -0.018 -0.185
-0.017 -0.068 -0.273
-0.012 -0.008 -0.193
-0.001  0.091 -0.066
-0.092  0.057 -0.023
-0.008  0.051 -0.064
 0.039  0.130 -0.033
-0.062 -0.021 -0.135
 0.015 -0.062 -0.253
 0.034 -0.026 -0.271
-0.009 -0.046 -0.244
-0.032 -0.036 -0.181
 0.015  0.062 -0.094
-0.021  0.013 -0.117
-0.047  0.002 -0.113
-0.040 -0.008 -0.149
-0.085 -0.153 -0.322
-0.083 -0.217 -0.452
-0.076 -0.157 -0.407
-0.096 -0.125 -0.323
-0.088 -0.121 -0.302
-0.088 -0.062 -0.214
-0.070  0.002 -0.157
-0.074 -0.046 -0.185
-0.077 -0.074 -0.187
-0.064 -0.095 -0.270
-0.021 -0.114 -0.354
-0.044 -0.066 -0.253
-0.041  0.022 -0.141
-0.087 -0.056 -0.191
-0.071 -0.073 -0.195
-0.013  0.051 -0.143
-0.083 -0.015 -0.143
-0.010 -0.045 -0.185
 0.043  0.038 -0.181
 0.047  0.022 -0.195
 0.041  0.071 -0.068
 0.088  0.157 -0.031
 0.069  0.114 -0.050
 0.047  0.116  0.001
 0.063  0.130 -0.007
 0.012  0.016 -0.161
-0.055 -0.086 -0.292
-0.081 -0.133 -0.390
-0.106 -0.106 -0.289
-0.183 -0.084 -0.182
-0.056 -0.038 -0.166
-0.007  0.069 -0.065
-0.054  0.056 -0.011
 0.003 -0.027 -0.149
 0.033  0.021 -0.143
 0.023 -0.028 -0.202
 0.062  0.014 -0.092
 0.079  0.060 -0.027
 0.021 -0.000 -0.052
-0.054  0.048  0.033
-0.018 -0.031 -0.095
-0.056 -0.015 -0.075
-0.044 -0.122 -0.229
-0.036 -0.136 -0.316
-0.042 -0.146 -0.332
-0.036 -0.102 -0.275
-0.013 -0.035 -0.201
 0.007 -0.034 -0.225
-0.024 -0.042 -0.197
 0.001  0.055 -0.117
-0.025 -0.028 -0.183
-0.034 -0.073 -0.233
-0.034 -0.123 -0.295
-0.029 -0.098 -0.271
-0.032 -0.033 -0.197
-0.039  0.007 -0.128
-0.052  0.004 -0.140
-0.006  0.087 -0.061
-0.053  0.124  0.034
 0.044  0.121 -0.017
 0.086  0.163 -0.052
 0.130  0.139 -0.117
 0.118  0.188  0.001
 0.152  0.263  0.068
 0.137  0.243  0.070
 0.147  0.261  0.072
 0.127  0.229  0.032
 0.106  0.172 -0.005
 0.063  0.062 -0.164
 0.015 -0.043 -0.319
-0.058 -0.039 -0.251
-0.007  0.015 -0.179
-0.002  0.016 -0.163
-0.004  0.021 -0.127
 0.025  0.044 -0.143
 0.004 -0.019 -0.193
-0.011 -0.108 -0.323
 0.026 -0.110 -0.403
 0.034 -0.104 -0.434
 0.029 -0.026 -0.284
 0.012  0.005 -0.221
-0.032 -0.027 -0.233
-0.071 -0.024 -0.161
-0.053  0.031 -0.085
-0.070 -0.086 -0.185
-0.041 -0.141 -0.296
-0.002 -0.062 -0.267
-0.022 -0.065 -0.240
-0.031 -0.062 -0.231
-0.001 -0.007 -0.207
-0.017 -0.057 -0.258
-0.027 -0.043 -0.214
-0.011 -0.031 -0.244
-0.021 -0.094 -0.315
-0.003 -0.086 -0.330
 0.002 -0.018 -0.271
-0.001  0.047 -0.186
-0.003  0.010 -0.192
 0.060  0.151 -0.056
 0.016  0.094 -0.060
 0.026  0.030 -0.125
 0.064  0.043 -0.187
 0.059  0.011 -0.247
 0.045  0.056 -0.119
 0.063  0.104 -0.088
 0.042  0.080 -0.093
 0.062  0.112 -0.034
 0.120  0.181 -0.031
 0.030  0.049 -0.134
 0.064 -0.015 -0.263
 0.079  0.018 -0.300
 0.043 -0.006 -0.245
 0.029  0.010 -0.195
 0.036  0.043 -0.169
 0.025  0.024 -0.166
 0.035  0.042 -0.130
 0.035 -0.001 -0.185
 0.030 -0.091 -0.330
 0.035 -0.140 -0.433
 0.046 -0.035 -0.276
 0.037  0.002 -0.197
 0.012 -0.036 -0.221
 0.013 -0.007 -0.184
-0.007 -0.061 -0.228
-0.039 -0.118 -0.292
-0.035 -0.145 -0.364
-0.023 -0.188 -0.455
-0.020 -0.150 -0.402
-0.021 -0.095 -0.308
-0.019 -0.101 -0.295
-0.022 -0.095 -0.280
-0.017 -0.059 -0.259
-0.068 -0.156 -0.338
-0.066 -0.185 -0.412
-0.035 -0.164 -0.453
-0.011 -0.143 -0.487
 0.004 -0.076 -0.379
 0.047  0.014 -0.241
 0.060  0.064 -0.179
 0.059  0.080 -0.157
 0.079  0.144 -0.070
 0.022  0.115 -0.055
 0.066  0.071 -0.134
 0.085  0.101 -0.187
 0.083  0.050 -0.276
 0.056  0.067 -0.178
 0.043  0.078 -0.169
 0.028  0.069 -0.151
 0.023  0.089 -0.115
 0.034  0.112 -0.105
 0.014  0.023 -0.204
 0.031 -0.010 -0.303
 0.042 -0.032 -0.384
 0.021  0.004 -0.294
 0.032 -0.005 -0.261
 0.014  0.022 -0.203
 0.003  0.021 -0.204
-0.015 -0.033 -0.245
-0.002 -0.046 -0.255
 0.023 -0.102 -0.364
 0.030 -0.145 -0.459
 0.010 -0.087 -0.385
-0.014 -0.102 -0.352
-0.010 -0.087 -0.314
 0.011 -0.030 -0.231
-0.001 -0.045 -0.238
-0.029 -0.090 -0.261
-0.030 -0.123 -0.338
-0.030 -0.179 -0.447
-0.019 -0.188 -0.505
-0.022 -0.116 -0.390
-0.038 -0.124 -0.351
-0.038 -0.096 -0.303
-0.007 -0.025 -0.249
-0.016 -0.042 -0.252
-0.033 -0.073 -0.264
 0.032  0.016 -0.254
 0.016 -0.007 -0.316
 0.054  0.047 -0.260
 0.107  0.162 -0.115
 0.105  0.159 -0.087
 0.125  0.213 -0.009
 0.152  0.258  0.025
 0.094  0.172 -0.040
 0.079  0.107 -0.131
 0.091  0.090 -0.216
 0.073  0.084 -0.212
 0.033  0.087 -0.120
 0.041  0.128 -0.067
 0.046  0.143 -0.049
 0.027  0.102 -0.088
 0.040  0.148 -0.074
 0.015 -0.025 -0.279
 0.033 -0.037 -0.352
 0.063  0.011 -0.342
 0.051 -0.012 -0.274
 0.047  0.038 -0.182
 0.021  0.071 -0.135
-0.036  0.024 -0.143
-0.029 -0.052 -0.238
-0.001 -0.063 -0.294
-0.000 -0.061 -0.344
-0.002 -0.099 -0.388
 0.002  0.032 -0.209
-0.067 -0.016 -0.201
-0.023  0.004 -0.182
 0.005  0.097 -0.115
-0.072  0.037 -0.135
-0.053 -0.089 -0.303
-0.034 -0.086 -0.347
-0.119 -0.108 -0.375
-0.027 -0.097 -0.404
-0.007  0.019 -0.264
-0.035 -0.020 -0.265
-0.037  0.007 -0.248
 0.011  0.088 -0.180
 0.021  0.125 -0.152
 0.002  0.003 -0.259
 0.047  0.091 -0.247
-0.036  0.048 -0.296
 0.051  0.090 -0.264
 0.071  0.203 -0.127
 0.035  0.148 -0.144
 0.077  0.206 -0.080
 0.110  0.258 -0.053
 0.038  0.151 -0.126
 0.039  0.059 -0.262
 0.062  0.080 -0.318
 0.015  0.021 -0.350
 0.002  0.038 -0.268
 0.025  0.087 -0.226
-0.023  0.037 -0.244
-0.010  0.058 -0.212
-0.002  0.124 -0.156
 0.005  0.003 -0.298
-0.002 -0.047 -0.377
 0.005  0.047 -0.297
 0.013  0.100 -0.225
-0.015  0.030 -0.259
 0.003  0.087 -0.210
-0.036  0.023 -0.234
-0.048  0.028 -0.222
-0.075 -0.088 -0.341
-0.058 -0.138 -0.442
-0.048 -0.095 -0.447
-0.046  0.023 -0.297
-0.119  0.014 -0.227
-0.019  0.083 -0.177
 0.002  0.181 -0.075
-0.005  0.138 -0.100
-0.036 -0.002 -0.246
-0.061 -0.070 -0.356
-0.066 -0.166 -0.505
-0.083 -0.109 -0.427
-0.076 -0.054 -0.366
-0.086 -0.070 -0.349
-0.063 -0.004 -0.266
-0.026  0.065 -0.198
-0.012  0.040 -0.198
 0.020  0.042 -0.226
 0.043  0.080 -0.239
-0.034  0.055 -0.240
 0.042  0.111 -0.175
 0.069  0.173 -0.114
 0.034  0.133 -0.126
 0.022  0.133 -0.112
 0.007  0.105 -0.150
-0.032 -0.022 -0.293
-0.045 -0.082 -0.385
-0.041 -0.053 -0.380
-0.055 -0.028 -0.307
-0.056 -0.006 -0.261
-0.034  0.037 -0.201
-0.010  0.068 -0.185
-0.034  0.002 -0.219
-0.004 -0.022 -0.275
-0.012 -0.097 -0.403
-0.007 -0.099 -0.452
-0.020 -0.037 -0.345
-0.022  0.002 -0.273
-0.046 -0.054 -0.305
-0.070 -0.038 -0.291
-0.065 -0.010 -0.264
-0.063 -0.149 -0.418
-0.072 -0.191 -0.504
-0.046 -0.136 -0.500
-0.140 -0.161 -0.443
-0.081 -0.115 -0.379
-0.051 -0.030 -0.298
-0.051 -0.037 -0.276
-0.069 -0.038 -0.248
-0.050 -0.038 -0.288
-0.061 -0.144 -0.422
-0.038 -0.163 -0.492
-0.017 -0.054 -0.385
-0.048 -0.057 -0.339
-0.070 -0.049 -0.305
-0.056  0.002 -0.267
-0.049 -0.002 -0.269
-0.033 -0.020 -0.284
 0.015 -0.001 -0.325
 0.022 -0.011 -0.392
-0.006  0.006 -0.324
-0.009  0.044 -0.250
-0.000  0.084 -0.211
 0.048  0.136 -0.149
 0.044  0.136 -0.139
 0.043  0.139 -0.152
 0.023  0.025 -0.286
 0.009 -0.029 -0.383
-0.003  0.003 -0.383
-0.116  0.028 -0.241
-0.047 -0.009 -0.290
-0.041  0.036 -0.250
-0.062 -0.067 -0.336
-0.058 -0.036 -0.301
-0.063 -0.096 -0.346
-0.033 -0.141 -0.436
 0.015 -0.122 -0.481
 0.031 -0.057 -0.409
 0.005 -0.053 -0.338
-0.027 -0.051 -0.282
-0.002  0.045 -0.185
-0.096 -0.036 -0.206
-0.062 -0.063 -0.248
-0.044 -0.060 -0.300
-0.121 -0.180 -0.450
-0.004 -0.160 -0.527
-0.050 -0.115 -0.404
-0.037 -0.073 -0.338
-0.028 -0.014 -0.265
-0.042 -0.031 -0.262
-0.041 -0.009 -0.242
-0.027  0.010 -0.232
-0.046 -0.105 -0.368
-0.041 -0.157 -0.491
-0.022 -0.115 -0.502
-0.023 -0.031 -0.389
-0.079  0.035 -0.253
 0.000  0.053 -0.278
 0.033  0.164 -0.171
 0.058  0.136 -0.191
 0.054  0.138 -0.175
 0.072  0.112 -0.230
 0.073  0.061 -0.298
 0.079  0.069 -0.309
 0.074  0.148 -0.177
 0.012  0.197 -0.038
 0.105  0.207 -0.056
 0.118  0.243 -0.039
 0.088  0.141 -0.126
 0.072  0.064 -0.260
 0.049  0.027 -0.343
-0.073 -0.028 -0.321
 0.007 -0.007 -0.314
 0.052  0.057 -0.265
 0.023  0.008 -0.281
 0.022  0.005 -0.277
 0.047  0.057 -0.249
-0.025 -0.107 -0.396
-0.020 -0.173 -0.505
-0.000 -0.150 -0.547
-0.013 -0.098 -0.416
-0.029 -0.065 -0.337
-0.043 -0.031 -0.276
-0.061 -0.046 -0.280
-0.058 -0.043 -0.287
-0.044 -0.043 -0.305
-0.056 -0.143 -0.423
-0.030 -0.169 -0.525
-0.017 -0.089 -0.469
-0.012 -0.065 -0.397
-0.001 -0.032 -0.332
 0.032  0.038 -0.285
 0.021  0.004 -0.296
-0.011 -0.032 -0.309
 0.008 -0.060 -0.382
 0.023 -0.086 -0.450
 0.043 -0.042 -0.444
 0.025 -0.032 -0.405
 0.046  0.083 -0.283
 0.026  0.062 -0.265
 0.033  0.072 -0.231
 0.070  0.155 -0.181
 0.025  0.067 -0.225
 0.048  0.004 -0.327
 0.069  0.025 -0.372
 0.055  0.033 -0.335
 0.054  0.075 -0.234
 0.077  0.124 -0.186
 0.062  0.112 -0.171
 0.051  0.125 -0.145
 0.063  0.098 -0.206
 0.056  0.039 -0.289
 0.054 -0.011 -0.374
 0.039  0.043 -0.282
 0.006  0.014 -0.284
-0.005  0.019 -0.266
 0.022  0.062 -0.241
 0.010  0.002 -0.284
 0.001 -0.064 -0.368
 0.022 -0.096 -0.473
 0.026 -0.121 -0.559
 0.023 -0.103 -0.519
-0.022 -0.085 -0.418
-0.017  0.000 -0.314
-0.077 -0.057 -0.334
-0.045 -0.029 -0.309
-0.034 -0.058 -0.359
-0.050 -0.163 -0.511
-0.023 -0.185 -0.583
-0.013 -0.113 -0.495
-0.019 -0.041 -0.386
-0.094 -0.080 -0.354
-0.036 -0.055 -0.339
-0.010  0.003 -0.296
-0.026 -0.084 -0.383
-0.030 -0.137 -0.471
-0.009 -0.114 -0.518
-0.040 -0.079 -0.453
-0.041 -0.046 -0.371
-0.010  0.053 -0.259
 0.033  0.098 -0.209
 0.032  0.103 -0.209
 0.052  0.085 -0.261
 0.058  0.061 -0.334
-0.033  0.059 -0.323
 0.045  0.051 -0.320
 0.077  0.139 -0.220
 0.055  0.120 -0.196
 0.067  0.172 -0.115
 0.077  0.168 -0.144
 0.054  0.056 -0.282
 0.058  0.022 -0.389
 0.044  0.014 -0.418
 0.024  0.044 -0.339
 0.025  0.017 -0.341
-0.001  0.031 -0.303
 0.012  0.071 -0.259
-0.007  0.005 -0.303
-0.013 -0.049 -0.358
 0.037 -0.042 -0.416
-0.024 -0.050 -0.440
 0.033 -0.087 -0.467
 0.046 -0.002 -0.354
-0.003 -0.071 -0.384
-0.030 -0.095 -0.410
-0.026 -0.083 -0.405
-0.022 -0.126 -0.482
-0.015 -0.168 -0.570
-0.018 -0.118 -0.536
-0.009 -0.093 -0.467
-0.004 -0.081 -0.430
-0.008 -0.031 -0.380
-0.006 -0.025 -0.356
-0.003 -0.100 -0.456
-0.032 -0.141 -0.524
-0.020 -0.044 -0.471
-0.041 -0.086 -0.470
-0.048 -0.054 -0.396
-0.001  0.051 -0.301
 0.014  0.067 -0.290
 0.064  0.095 -0.272
 0.118  0.146 -0.296
 0.099  0.091 -0.369
 0.088  0.104 -0.333
 0.057  0.134 -0.259
 0.034  0.135 -0.227
 0.029  0.165 -0.189
 0.057  0.200 -0.149
 0.039  0.137 -0.216
 0.047  0.102 -0.303
 0.056  0.089 -0.380
 0.058  0.156 -0.253
-0.068  0.102 -0.202
 0.015  0.123 -0.218
 0.016  0.153 -0.217
-0.028  0.081 -0.256
-0.020  0.030 -0.332
 0.022  0.030 -0.387
 0.015  0.003 -0.430
-0.012  0.001 -0.364
-0.016  0.013 -0.309
 0.002  0.050 -0.279
 0.022  0.035 -0.299
-0.043 -0.006 -0.316
-0.052 -0.072 -0.418
-0.038 -0.070 -0.463
-0.049 -0.130 -0.533
-0.044 -0.036 -0.404
-0.043 -0.085 -0.411
 0.001 -0.039 -0.349
 0.043  0.038 -0.306
 0.036  0.001 -0.337
 0.017 -0.076 -0.445
 0.024 -0.081 -0.545
 0.011 -0.065 -0.581
-0.155 -0.080 -0.480
-0.081 -0.091 -0.489
-0.032  0.004 -0.389
 0.009  0.050 -0.313
 0.023  0.102 -0.239
 0.037  0.117 -0.236
 0.073  0.080 -0.304
 0.073  0.035 -0.379
 0.099  0.099 -0.367
 0.053  0.073 -0.314
 0.003  0.066 -0.281
-0.002  0.079 -0.264
-0.028  0.048 -0.287
-0.061  0.001 -0.343
-0.046 -0.018 -0.402
-0.026  0.022 -0.385
-0.113  0.002 -0.311
-0.075  0.000 -0.317
-0.040  0.060 -0.283
-0.056  0.023 -0.294
-0.054  0.002 -0.316
-0.032 -0.024 -0.404
-0.031 -0.061 -0.468
-0.034 -0.090 -0.471
-0.090 -0.125 -0.426
-0.118 -0.135 -0.368
-0.152 -0.196 -0.374
-0.155 -0.174 -0.348
-0.115 -0.174 -0.332
-0.071 -0.227 -0.413
 0.031 -0.177 -0.493
 0.093 -0.103 -0.501
 0.074 -0.104 -0.474
 0.030 -0.116 -0.437
 0.004 -0.109 -0.391
-0.060 -0.082 -0.329
-0.037 -0.158 -0.443
-0.043 -0.147 -0.473
-0.038 -0.201 -0.589
-0.031 -0.171 -0.539
-0.021 -0.096 -0.439
 0.068  0.048 -0.344
 0.110  0.125 -0.294
 0.127  0.132 -0.259
 0.125  0.098 -0.291
 0.129  0.095 -0.356
 0.116  0.156 -0.349
 0.136  0.305 -0.184
 0.120  0.291 -0.218
 0.135  0.252 -0.248
 0.155  0.250 -0.295
 0.110  0.125 -0.397
 0.090  0.050 -0.507
 0.063  0.000 -0.605
 0.008 -0.066 -0.594
-0.054 -0.163 -0.570
-0.066 -0.116 -0.517
-0.028 -0.143 -0.490
 0.002 -0.149 -0.528
 0.013 -0.157 -0.551
 0.020 -0.129 -0.572
-0.072 -0.116 -0.600
-0.003 -0.102 -0.590
 0.011 -0.025 -0.476
-0.004 -0.042 -0.457
-0.016 -0.035 -0.446
-0.033  0.004 -0.386
-0.075 -0.064 -0.423
-0.086 -0.147 -0.492
-0.057 -0.116 -0.550
-0.064 -0.079 -0.490
-0.078 -0.046 -0.408
-0.068 -0.016 -0.374
-0.051  0.014 -0.379
-0.044 -0.016 -0.423
-0.014  0.003 -0.441
 0.003 -0.040 -0.536
 0.027 -0.057 -0.616
 0.013 -0.024 -0.570
 0.032  0.126 -0.382
 0.036  0.127 -0.334
 0.106  0.188 -0.263
 0.159  0.264 -0.164
 0.144  0.186 -0.226
 0.150  0.154 -0.301
 0.165  0.157 -0.346
 0.156  0.164 -0.313
 0.131  0.138 -0.296
 0.122  0.143 -0.284
 0.098  0.146 -0.286
 0.043  0.040 -0.377
 0.051  0.014 -0.453
 0.031  0.025 -0.501
-0.089 -0.003 -0.447
-0.006 -0.025 -0.460
 0.020  0.046 -0.366
-0.034 -0.016 -0.396
-0.003 -0.027 -0.434
 0.010 -0.023 -0.417
-0.039 -0.153 -0.537
 0.010 -0.177 -0.596
-0.001 -0.154 -0.557
-0.020 -0.163 -0.516
-0.015 -0.145 -0.460
-0.034 -0.147 -0.470
-0.042 -0.151 -0.507
-0.026 -0.113 -0.524
 0.008 -0.069 -0.545
 0.019 -0.074 -0.606
 0.018 -0.033 -0.530
 0.005  0.001 -0.436
 0.002  0.014 -0.397
-0.005  0.005 -0.441
-0.013 -0.004 -0.474
 0.008 -0.045 -0.541
 0.001 -0.064 -0.608
 0.004 -0.030 -0.589
-0.032  0.012 -0.515
-0.072  0.085 -0.378
 0.065  0.145 -0.354
 0.131  0.298 -0.177
 0.075  0.283 -0.144
 0.190  0.270 -0.235
 0.196  0.282 -0.244
 0.162  0.226 -0.319
 0.124  0.227 -0.343
 0.102  0.187 -0.336
 0.072  0.149 -0.362
 0.028  0.122 -0.406
 0.027  0.137 -0.432
 0.005  0.100 -0.507
-0.016  0.049 -0.568
-0.041  0.039 -0.529
-0.020  0.084 -0.427
-0.054  0.136 -0.305
 0.005  0.101 -0.340
 0.031  0.143 -0.308
-0.022  0.022 -0.421
 0.016  0.001 -0.475
-0.016 -0.015 -0.458
-0.047 -0.050 -0.446
-0.062 -0.059 -0.445
-0.078 -0.066 -0.439
-0.095 -0.145 -0.504
-0.058 -0.150 -0.564
-0.036 -0.152 -0.613
-0.074 -0.184 -0.580
-0.077 -0.201 -0.557
-0.073 -0.157 -0.480
-0.036 -0.183 -0.434
-0.017 -0.168 -0.437
-0.021 -0.228 -0.524
-0.004 -0.243 -0.624
-0.066 -0.240 -0.726
-0.064 -0.197 -0.693
-0.084 -0.161 -0.560
-0.030 -0.097 -0.534
 0.025  0.023 -0.422
-0.020 -0.011 -0.346
-0.026 -0.094 -0.392
-0.063 -0.084 -0.487
-0.060 -0.088 -0.460
-0.036  0.007 -0.329
-0.066 -0.004 -0.316
 0.015  0.034 -0.313
 0.031  0.077 -0.301
-0.025 -0.027 -0.413
-0.126 -0.026 -0.410
-0.034 -0.051 -0.523
-0.033 -0.053 -0.491
-0.029 -0.047 -0.443
-0.045 -0.034 -0.421
-0.063 -0.046 -0.442
-0.081 -0.079 -0.438
-0.059 -0.095 -0.496
-0.016 -0.073 -0.571
-0.015 -0.119 -0.601
-0.048 -0.093 -0.510
-0.056 -0.036 -0.429
-0.126 -0.122 -0.475
-0.076 -0.102 -0.500
-0.077 -0.096 -0.477
-0.084 -0.157 -0.635
-0.053 -0.191 -0.739
-0.038 -0.140 -0.697
-0.044 -0.083 -0.568
-0.013 -0.045 -0.518
-0.022 -0.023 -0.484
-0.001  0.043 -0.454
-0.093 -0.115 -0.619
-0.043 -0.175 -0.789
-0.081 -0.185 -0.783
-0.125 -0.185 -0.690
-0.122 -0.129 -0.583
-0.064 -0.003 -0.449
-0.001  0.072 -0.372
 0.044  0.119 -0.349
 0.073  0.115 -0.412
 0.068  0.087 -0.525
 0.098  0.125 -0.508
 0.095  0.162 -0.426
 0.100  0.230 -0.346
 0.053  0.234 -0.273
 0.102  0.191 -0.346
 0.095  0.212 -0.354
 0.089  0.118 -0.462
 0.079  0.072 -0.562
 0.064  0.135 -0.500
 0.031  0.086 -0.476
 0.062  0.107 -0.404
 0.068  0.157 -0.333
 0.038  0.115 -0.367
 0.046  0.106 -0.363
 0.035  0.101 -0.358
-0.043 -0.042 -0.541
-0.007 -0.098 -0.702
-0.018 -0.046 -0.607
-0.030 -0.050 -0.543
-0.012 -0.003 -0.476
 0.017  0.054 -0.442
 0.026  0.037 -0.466
 0.003  0.005 -0.501
-0.010 -0.036 -0.603
-0.004 -0.085 -0.741
-0.001 -0.079 -0.737
-0.022 -0.038 -0.622
-0.012 -0.006 -0.557
-0.015 -0.000 -0.538
-0.017  0.023 -0.511
-0.059 -0.043 -0.548
-0.069 -0.090 -0.614
-0.062 -0.110 -0.704
-0.019 -0.072 -0.732
-0.003 -0.012 -0.615
 0.059  0.107 -0.444
 0.076  0.133 -0.411
 0.075  0.150 -0.380
 0.076  0.180 -0.333
 0.061  0.121 -0.408
 0.045  0.063 -0.525
 0.051  0.061 -0.564
 0.046  0.135 -0.445
-0.056  0.077 -0.409
 0.049  0.102 -0.399
 0.063  0.172 -0.316
-0.031  0.122 -0.292
 0.051  0.088 -0.378
 0.036  0.070 -0.458
-0.020 -0.028 -0.613
 0.039 -0.005 -0.582
 0.056  0.069 -0.456
 0.066  0.069 -0.426
 0.053  0.059 -0.427
 0.037  0.063 -0.432
 0.008 -0.007 -0.520
-0.003 -0.057 -0.632
-0.013 -0.088 -0.727
-0.038 -0.105 -0.735
-0.041 -0.084 -0.629
-0.022 -0.019 -0.511
-0.012  0.035 -0.439
 0.003 -0.005 -0.471
-0.021 -0.013 -0.470
-0.037 -0.064 -0.583
-0.021 -0.138 -0.743
-0.026 -0.130 -0.771
-0.059 -0.056 -0.612
-0.122 -0.140 -0.619
-0.091 -0.115 -0.587
-0.075 -0.051 -0.538
-0.061 -0.035 -0.526
-0.029 -0.023 -0.549
 0.005  0.024 -0.561
 0.023  0.048 -0.593
 0.011  0.059 -0.534
 0.035  0.130 -0.412
 0.057  0.181 -0.349
 0.058  0.176 -0.342
 0.068  0.200 -0.314
 0.047  0.162 -0.351
 0.040  0.112 -0.441
 0.036  0.103 -0.503
 0.062  0.126 -0.606
 0.027  0.071 -0.602
-0.006  0.054 -0.519
-0.006  0.103 -0.416
-0.014  0.054 -0.438
-0.000  0.071 -0.400
 0.016  0.108 -0.350
-0.016  0.075 -0.362
-0.013  0.035 -0.389
-0.024  0.048 -0.406
-0.081  0.011 -0.464
-0.023 -0.058 -0.632
-0.050  0.013 -0.499
-0.126 -0.024 -0.453
-0.018  0.011 -0.459
 0.004  0.106 -0.361
-0.091  0.035 -0.382
-0.049 -0.008 -0.465
-0.033  0.015 -0.497
-0.077 -0.065 -0.623
-0.047 -0.077 -0.643
-0.056 -0.049 -0.571
-0.061 -0.055 -0.540
-0.057 -0.048 -0.522
-0.048 -0.020 -0.494
-0.067 -0.051 -0.517
-0.068 -0.072 -0.535
-0.022 -0.044 -0.562
 0.023  0.024 -0.555
-0.020  0.092 -0.432
 0.040  0.074 -0.462
 0.071  0.159 -0.372
 0.036  0.120 -0.383
 0.045  0.128 -0.360
 0.074  0.218 -0.273
-0.000  0.125 -0.343
 0.059  0.113 -0.410
 0.064  0.113 -0.445
 0.057  0.104 -0.419
 0.035  0.071 -0.408
 0.027  0.079 -0.388
 0.003  0.065 -0.388
 0.012  0.057 -0.383
 0.021  0.076 -0.344
 0.029  0.084 -0.325
 0.065  0.019 -0.419
 0.058 -0.005 -0.473
 0.039  0.031 -0.398
 0.035  0.055 -0.372
 0.001  0.016 -0.382
-0.059 -0.021 -0.397
-0.046 -0.053 -0.450
-0.056 -0.044 -0.419
-0.069 -0.068 -0.454
-0.118 -0.076 -0.458
-0.063 -0.165 -0.620
-0.036 -0.115 -0.582
-0.038 -0.091 -0.525
 0.015 -0.026 -0.476
-0.001  0.008 -0.424
 0.010  0.074 -0.344
-0.011  0.018 -0.391
 0.008  0.036 -0.384
 0.012  0.050 -0.379
-0.027 -0.035 -0.472
-0.023 -0.059 -0.523
-0.004 -0.009 -0.474
 0.026  0.056 -0.385
 0.064  0.109 -0.319
 0.109  0.175 -0.266
 0.117  0.217 -0.227
 0.120  0.166 -0.283
 0.119  0.176 -0.291
 0.088  0.142 -0.325
 0.091  0.112 -0.382
 0.070  0.098 -0.392
 0.071  0.153 -0.336
-0.005  0.088 -0.351
 0.067  0.082 -0.389
 0.077  0.124 -0.353
-0.010  0.044 -0.394
 0.056  0.061 -0.398
 0.060  0.084 -0.401
 0.035  0.011 -0.512
 0.005 -0.018 -0.537
-0.009 -0.026 -0.513
-0.019 -0.036 -0.493
-0.020 -0.044 -0.472
-0.000 -0.005 -0.425
-0.014 -0.049 -0.459
-0.029 -0.059 -0.488
-0.016 -0.113 -0.608
-0.038 -0.075 -0.550
-0.092 -0.163 -0.597
-0.068 -0.106 -0.535
-0.045 -0.048 -0.487
-0.042 -0.051 -0.475
-0.024 -0.062 -0.509
-0.016 -0.100 -0.562
 0.029 -0.072 -0.576
 0.031 -0.012 -0.481
 0.012 -0.032 -0.465
 0.014  0.025 -0.410
-0.040 -0.081 -0.503
-0.022 -0.082 -0.510
-0.020 -0.090 -0.539
 0.004 -0.096 -0.581
 0.038 -0.049 -0.580
 0.058  0.017 -0.497
 0.108  0.139 -0.327
 0.100  0.140 -0.273
 0.160  0.179 -0.258
 0.177  0.208 -0.251
 0.149  0.170 -0.298
 0.135  0.148 -0.352
 0.090  0.121 -0.421
 0.065  0.100 -0.432
 0.105  0.108 -0.411
 0.061  0.079 -0.415
 0.060  0.089 -0.392
 0.089  0.098 -0.361
 0.076  0.076 -0.371
 0.045  0.117 -0.331
 0.017  0.035 -0.433
 0.052  0.053 -0.402
 0.098  0.098 -0.370
 0.131  0.142 -0.317
 0.126  0.137 -0.323
 0.092  0.105 -0.337
 0.041  0.080 -0.343
-0.035  0.091 -0.318
-0.010 -0.005 -0.461
-0.032  0.017 -0.413
-0.074 -0.055 -0.426
-0.085 -0.068 -0.428
-0.083 -0.076 -0.455
-0.069 -0.068 -0.452
-0.066 -0.087 -0.479
-0.049 -0.083 -0.501
-0.052 -0.026 -0.441
-0.105 -0.123 -0.510
-0.123 -0.144 -0.513
-0.117 -0.124 -0.485
-0.103 -0.154 -0.509
-0.081 -0.165 -0.536
-0.032 -0.137 -0.562
-0.026 -0.110 -0.577
-0.038 -0.125 -0.626
-0.075 -0.189 -0.668
-0.076 -0.105 -0.522
-0.088 -0.148 -0.535
-0.041 -0.079 -0.464
-0.001  0.001 -0.376
 0.043  0.046 -0.352
 0.092  0.081 -0.355
 0.110  0.071 -0.370
 0.092  0.080 -0.330
-0.022  0.044 -0.276
 0.092  0.040 -0.337
 0.119  0.118 -0.250
 0.037  0.068 -0.280
 0.085  0.052 -0.317
 0.080  0.078 -0.320
 0.048  0.030 -0.379
 0.027  0.003 -0.410
 0.043  0.006 -0.427
 0.047  0.006 -0.423
 0.057  0.029 -0.407
 0.063  0.041 -0.408
 0.055  0.044 -0.446
 0.004 -0.036 -0.538
-0.008 -0.050 -0.571
-0.030 -0.021 -0.498
-0.113 -0.032 -0.427
-0.035 -0.083 -0.521
-0.031 -0.021 -0.467
-0.132 -0.121 -0.508
-0.075 -0.151 -0.568
-0.095 -0.167 -0.615
-0.135 -0.274 -0.742
-0.121 -0.272 -0.775
-0.141 -0.261 -0.719
-0.156 -0.267 -0.700
-0.153 -0.265 -0.697
-0.140 -0.266 -0.679
-0.153 -0.296 -0.732
-0.161 -0.381 -0.892
-0.105 -0.388 -1.008
-0.122 -0.410 -1.042
-0.143 -0.428 -0.992
-0.119 -0.380 -0.900
-0.111 -0.323 -0.838
-0.057 -0.276 -0.821
-0.038 -0.253 -0.856
-0.001 -0.132 -0.817
-0.074 -0.217 -0.894
-0.093 -0.260 -0.887
-0.081 -0.221 -0.837
-0.086 -0.240 -0.857
-0.070 -0.216 -0.838
-0.058 -0.184 -0.798
-0.045 -0.152 -0.781
-0.019 -0.115 -0.783
-0.002 -0.094 -0.825
-0.002 -0.072 -0.785
-0.018 -0.126 -0.796
-0.008 -0.097 -0.758
-0.002 -0.050 -0.694
 0.003 -0.089 -0.724
 0.015 -0.080 -0.699
 0.002 -0.096 -0.741
-0.025 -0.072 -0.733
-0.036 -0.129 -0.851
-0.059 -0.069 -0.755
-0.087 -0.105 -0.766
-0.009 -0.045 -0.729
-0.015 -0.001 -0.689
-0.106 -0.034 -0.658
-0.046 -0.069 -0.738
-0.067 -0.050 -0.743
-0.140 -0.060 -0.781
-0.023 -0.044 -0.856
-0.004  0.047 -0.698
 0.013  0.052 -0.676
 0.047  0.088 -0.644
 0.065  0.135 -0.595
 0.021  0.084 -0.641
 0.037  0.063 -0.663
 0.040  0.099 -0.664
 0.003  0.027 -0.805
-0.013  0.008 -0.827
-0.063 -0.025 -0.794
-0.073 -0.013 -0.751
-0.040  0.036 -0.686
 0.020  0.124 -0.586
 0.051  0.179 -0.534
 0.085  0.158 -0.615
 0.075  0.146 -0.659
 0.065  0.217 -0.615
 0.035  0.140 -0.671
 0.069  0.140 -0.678
 0.063  0.150 -0.650
 0.026  0.100 -0.672
 0.036  0.092 -0.663
 0.037  0.093 -0.682
 0.007  0.059 -0.731
-0.004  0.048 -0.757
-0.013  0.038 -0.762
-0.007  0.060 -0.709
-0.053  0.092 -0.612
 0.040  0.060 -0.679
 0.052  0.130 -0.589
-0.054  0.051 -0.615
 0.009  0.014 -0.707
 0.000  0.021 -0.748
-0.001 -0.005 -0.837
-0.039 -0.057 -0.834
-0.043 -0.062 -0.773
-0.034 -0.023 -0.721
-0.105 -0.016 -0.668
-0.029 -0.038 -0.725
-0.033 -0.015 -0.731
-0.017 -0.046 -0.841
 0.022 -0.006 -0.863
-0.021 -0.039 -0.833
-0.029 -0.043 -0.784
-0.022 -0.028 -0.730
-0.010 -0.007 -0.698
-0.006  0.029 -0.669
-0.044  0.021 -0.710
-0.025 -0.042 -0.887
-0.038  0.013 -0.861
-0.094 -0.082 -0.869
-0.094 -0.073 -0.801
-0.045 -0.001 -0.714
 0.049  0.115 -0.607
 0.108  0.191 -0.537
 0.170  0.267 -0.486
 0.186  0.313 -0.484
 0.059  0.295 -0.490
 0.098  0.187 -0.641
 0.083  0.149 -0.641
 0.077  0.099 -0.650
 0.075  0.072 -0.663
 0.105  0.084 -0.659
 0.105  0.068 -0.695
 0.094  0.062 -0.746
 0.072  0.063 -0.777
 0.044  0.122 -0.732
-0.019  0.006 -0.814
 0.021 -0.019 -0.802
 0.024 -0.001 -0.748
 0.035  0.028 -0.703
 0.056  0.062 -0.667
 0.050  0.063 -0.664
 0.036  0.068 -0.687
 0.049  0.101 -0.690
 0.022  0.028 -0.770
 0.006  0.015 -0.753
 0.002 -0.033 -0.780
-0.002 -0.041 -0.791
-0.013 -0.053 -0.798
-0.050 -0.105 -0.841
-0.070 -0.137 -0.877
-0.074 -0.134 -0.929
-0.037 -0.089 -0.964
-0.007 -0.077 -0.936
-0.003 -0.045 -0.831
 0.051  0.074 -0.673
 0.036  0.056 -0.663
 0.095  0.067 -0.675
 0.065  0.044 -0.739
 0.008 -0.049 -0.895
-0.022 -0.067 -0.947
-0.042 -0.070 -0.892
-0.031 -0.020 -0.808
-0.016  0.031 -0.728
 0.020  0.024 -0.727
 0.046  0.105 -0.620
 0.018  0.065 -0.672
 0.089  0.109 -0.693
 0.100  0.136 -0.676
 0.102  0.103 -0.692
 0.120  0.104 -0.666
 0.121  0.087 -0.693
 0.089  0.092 -0.681
-0.014  0.060 -0.671
 0.018 -0.007 -0.811
 0.002  0.046 -0.796
-0.031 -0.042 -0.887
-0.045 -0.077 -0.895
 0.003 -0.036 -0.838
 0.027  0.005 -0.778
 0.034  0.011 -0.760
 0.037  0.027 -0.736
 0.015  0.056 -0.721
-0.094  0.015 -0.764
-0.030 -0.026 -0.832
-0.037 -0.022 -0.779
-0.042 -0.029 -0.764
-0.033 -0.008 -0.714
-0.009  0.034 -0.664
-0.025  0.024 -0.717
-0.141 -0.043 -0.809
-0.064 -0.072 -0.953
-0.062 -0.040 -0.858
-0.029  0.026 -0.765
-0.019 -0.007 -0.770
 0.005  0.043 -0.689
 0.001  0.032 -0.696
-0.013 -0.008 -0.761
-0.028 -0.051 -0.867
-0.053 -0.052 -0.889
-0.010 -0.027 -0.853
-0.001 -0.008 -0.805
 0.069  0.136 -0.654
 0.055  0.127 -0.639
 0.126  0.174 -0.625
 0.109  0.197 -0.623
 0.056  0.122 -0.695
 0.052  0.099 -0.763
 0.043  0.091 -0.776
 0.048  0.100 -0.741
 0.004  0.078 -0.719
 0.034  0.061 -0.734
 0.037  0.045 -0.779
 0.027  0.014 -0.837
 0.020  0.011 -0.857
 0.012  0.038 -0.847
-0.109  0.009 -0.819
-0.019 -0.024 -0.844
 0.006  0.018 -0.775
 0.020  0.030 -0.698
 0.036  0.069 -0.628
 0.052  0.102 -0.622
 0.025  0.031 -0.743
 0.011 -0.004 -0.839
 0.006  0.009 -0.854
-0.012  0.068 -0.706
-0.096  0.028 -0.631
 0.008  0.036 -0.673
 0.016  0.070 -0.633
-0.040 -0.033 -0.766
-0.018 -0.056 -0.867
-0.003 -0.023 -0.913
-0.018 -0.023 -0.875
-0.006  0.015 -0.792
 0.000  0.040 -0.726
 0.023  0.098 -0.672
 0.028  0.110 -0.665
 0.016  0.065 -0.712
-0.033  0.048 -0.741
-0.087 -0.063 -0.889
-0.080 -0.065 -0.876
-0.062 -0.012 -0.764
-0.031  0.027 -0.714
-0.016  0.034 -0.702
 0.009  0.070 -0.684
 0.021  0.085 -0.691
 0.031  0.058 -0.757
 0.005  0.038 -0.765
-0.015  0.068 -0.703
-0.076 -0.041 -0.772
-0.032 -0.051 -0.799
-0.048 -0.061 -0.778
-0.066 -0.071 -0.776
-0.064 -0.074 -0.809
-0.049 -0.047 -0.831
-0.036 -0.016 -0.852
-0.026 -0.013 -0.814
-0.010 -0.016 -0.815
-0.003  0.029 -0.740
-0.088 -0.014 -0.721
-0.003  0.004 -0.714
-0.015  0.067 -0.634
-0.026  0.042 -0.679
-0.040 -0.017 -0.798
-0.069  0.030 -0.780
-0.113 -0.075 -0.834
-0.064 -0.063 -0.800
-0.042 -0.027 -0.738
-0.052 -0.052 -0.746
-0.028 -0.029 -0.723
-0.030 -0.041 -0.786
-0.008 -0.041 -0.850
 0.019 -0.013 -0.872
-0.010 -0.037 -0.847
-0.003 -0.004 -0.768
-0.078 -0.013 -0.719
 0.007 -0.016 -0.762
 0.009  0.065 -0.658
 0.028  0.030 -0.721
 0.003 -0.007 -0.789
-0.005  0.053 -0.755
-0.111 -0.006 -0.698
 0.045  0.059 -0.634
 0.078  0.151 -0.551
 0.032  0.126 -0.558
 0.078  0.113 -0.617
 0.051  0.116 -0.617
-0.015  0.027 -0.710
 0.059  0.059 -0.739
 0.074  0.102 -0.687
 0.063  0.043 -0.700
 0.075  0.053 -0.653
 0.114  0.097 -0.602
 0.100  0.073 -0.624
 0.085  0.062 -0.637
 0.063  0.040 -0.670
 0.041  0.020 -0.722
 0.059  0.054 -0.726
 0.057  0.058 -0.739
 0.037  0.037 -0.724
 0.021  0.011 -0.716
 0.020  0.015 -0.699
 0.016  0.037 -0.670
-0.008  0.012 -0.688
-0.035 -0.021 -0.744
-0.072 -0.054 -0.808
-0.086 -0.088 -0.917
-0.153 -0.161 -0.951
-0.155 -0.107 -0.837
-0.201 -0.166 -0.842
-0.153 -0.154 -0.847
-0.100 -0.048 -0.755
-0.136 -0.076 -0.777
-0.066 -0.068 -0.838
-0.025  0.010 -0.813
-0.038 -0.011 -0.788
-0.043 -0.015 -0.753
-0.057 -0.040 -0.761
-0.077 -0.059 -0.785
-0.095 -0.091 -0.817
-0.094 -0.089 -0.858
-0.059 -0.032 -0.846
-0.041 -0.021 -0.846
-0.050 -0.010 -0.770
-0.001  0.101 -0.644
-0.055  0.053 -0.650
 0.041  0.072 -0.679
 0.056  0.142 -0.631
-0.019  0.064 -0.707
 0.051  0.086 -0.749
 0.032  0.063 -0.766
-0.019  0.017 -0.784
-0.029 -0.067 -0.858
-0.037 -0.049 -0.826
-0.079 -0.121 -0.898
-0.071 -0.126 -0.915
-0.033 -0.057 -0.890
 0.017  0.010 -0.847
 0.023 -0.003 -0.841
 0.020 -0.019 -0.839
 0.019  0.014 -0.787
-0.016  0.042 -0.712
 0.016 -0.008 -0.764
-0.002  0.051 -0.713
-0.082 -0.034 -0.777
-0.021 -0.022 -0.814
-0.030 -0.029 -0.805
-0.042 -0.049 -0.803
-0.036 -0.044 -0.781
-0.033 -0.038 -0.776
-0.049 -0.049 -0.766
-0.142 -0.149 -0.861
-0.046 -0.125 -0.951
-0.052 -0.113 -0.952
-0.079 -0.131 -0.890
-0.073 -0.126 -0.843
-0.093 -0.141 -0.825
-0.107 -0.126 -0.803
-0.128 -0.145 -0.797
-0.123 -0.145 -0.832
-0.059 -0.045 -0.775
-0.013  0.026 -0.710
 0.005  0.064 -0.628
 0.069  0.135 -0.560
 0.064  0.110 -0.585
 0.089  0.085 -0.601
 0.065  0.050 -0.594
 0.091  0.131 -0.535
 0.029  0.109 -0.552
 0.162  0.165 -0.571
 0.114  0.111 -0.583
 0.080  0.055 -0.607
 0.083  0.069 -0.587
 0.086  0.070 -0.609
 0.086  0.063 -0.672
 0.088  0.052 -0.721
 0.106  0.089 -0.746
 0.161  0.191 -0.697
 0.154  0.151 -0.730
 0.081  0.051 -0.787
 0.072  0.102 -0.730
 0.047  0.040 -0.774
 0.042  0.041 -0.765
 0.019  0.033 -0.801
-0.001  0.016 -0.831
-0.026  0.018 -0.841
-0.015 -0.005 -0.858
-0.002  0.017 -0.817
 0.029  0.024 -0.794
 0.019  0.027 -0.746
 0.016  0.050 -0.690
-0.050  0.020 -0.720
-0.037 -0.103 -0.933
-0.034 -0.061 -0.927
-0.036 -0.096 -0.917
-0.014 -0.079 -0.862
-0.014 -0.062 -0.829
-0.025 -0.055 -0.818
 0.005 -0.071 -0.864
-0.010 -0.075 -0.904
-0.041 -0.033 -0.877
-0.047 -0.083 -0.902
-0.031 -0.074 -0.858
 0.011 -0.021 -0.808
 0.015 -0.037 -0.825
 0.015 -0.032 -0.795
 0.015 -0.026 -0.807
-0.002 -0.090 -0.925
-0.009 -0.092 -0.961
-0.020 -0.070 -0.913
-0.015  0.008 -0.795
-0.059 -0.081 -0.854
-0.036 -0.088 -0.874
-0.015 -0.048 -0.836
-0.022 -0.061 -0.838
-0.011 -0.059 -0.881
 0.016 -0.020 -0.913
 0.022  0.014 -0.923
 0.043  0.013 -0.887
 0.054  0.036 -0.843
 0.045  0.077 -0.779
-0.024  0.048 -0.767
 0.040  0.008 -0.840
 0.011  0.025 -0.866
-0.089 -0.038 -0.949
-0.007 -0.020 -0.994
-0.003  0.013 -0.899
-0.001  0.001 -0.886
 0.002  0.020 -0.852
-0.002  0.033 -0.845
-0.001  0.016 -0.856
-0.021 -0.007 -0.899
-0.030 -0.001 -0.986
-0.036  0.017 -1.007
-0.026  0.002 -0.956
-0.056 -0.034 -0.940
-0.067  0.010 -0.858
-0.142 -0.002 -0.826
-0.040  0.018 -0.847
 0.027  0.152 -0.717
-0.048  0.109 -0.759
 0.028  0.102 -0.851
-0.027  0.087 -0.833
-0.062  0.020 -0.868
-0.044 -0.012 -0.905
-0.031 -0.034 -0.908
-0.040 -0.072 -0.941
-0.025 -0.094 -0.952
-0.017 -0.047 -0.905
-0.082 -0.066 -0.932
-0.000  0.008 -0.904
 0.003  0.028 -0.890
 0.015 -0.019 -0.924
 0.003 -0.062 -0.944
 0.024 -0.055 -0.929
 0.034 -0.027 -0.899
 0.005 -0.058 -0.919
-0.007 -0.029 -0.900
-0.041 -0.012 -0.879
-0.062 -0.000 -0.855
-0.053 -0.029 -0.874
-0.020  0.004 -0.809
-0.013  0.009 -0.794
 0.015  0.037 -0.779
 0.031  0.029 -0.803
 0.004 -0.011 -0.877
-0.051 -0.048 -0.921
-0.063 -0.030 -0.930
-0.055 -0.042 -0.884
-0.002  0.011 -0.807
 0.009  0.011 -0.777
 0.007  0.025 -0.767
 0.025  0.055 -0.728
-0.008  0.050 -0.769
-0.003  0.039 -0.832
-0.043  0.085 -0.816
-0.188 -0.000 -0.832
-0.114 -0.074 -0.957
-0.121 -0.037 -0.889
-0.018  0.030 -0.838
 0.043  0.105 -0.741
 0.059  0.159 -0.694
 0.044  0.112 -0.749
 0.008  0.079 -0.831
-0.018  0.070 -0.849
 0.017  0.027 -0.880
 0.073  0.060 -0.832
 0.095  0.083 -0.805
 0.104  0.009 -0.877
 0.096 -0.001 -0.870
 0.045 -0.030 -0.909
-0.015 -0.058 -0.955
-0.040 -0.053 -0.961
-0.056 -0.068 -0.981
-0.039 -0.099 -0.997
-0.013 -0.075 -0.985
 0.001 -0.052 -0.974
 0.008 -0.077 -0.997
 0.020 -0.052 -0.971
 0.007 -0.023 -0.935
-0.018 -0.037 -0.951
-0.057 -0.049 -0.969
-0.077 -0.016 -0.904
-0.143 -0.016 -0.837
-0.004 -0.016 -0.889
 0.030  0.065 -0.795
 0.059  0.024 -0.855
 0.056  0.044 -0.839
 0.048  0.068 -0.841
 0.029  0.013 -0.925
 0.022  0.033 -0.918
-0.015  0.060 -0.827
-0.120 -0.009 -0.824
-0.016  0.007 -0.839
 0.037  0.043 -0.822
 0.026  0.013 -0.857
-0.006 -0.040 -0.910
-0.003 -0.043 -0.952
 0.009  0.043 -0.860
 0.010  0.004 -0.848
 0.074  0.073 -0.736
 0.102  0.118 -0.659
 0.127  0.165 -0.610
 0.134  0.145 -0.640
 0.097  0.102 -0.670
 0.054  0.119 -0.661
 0.010  0.022 -0.800
-0.007 -0.018 -0.883
-0.005 -0.067 -0.944
 0.003 -0.063 -0.930
 0.019 -0.086 -0.932
 0.036 -0.094 -0.949
 0.053 -0.059 -0.926
 0.058 -0.072 -0.966
 0.006 -0.068 -0.989
-0.026 -0.075 -1.002
-0.004 -0.038 -0.927
 0.032 -0.031 -0.881
 0.053  0.046 -0.780
 0.018 -0.018 -0.793
 0.053 -0.002 -0.793
 0.023  0.010 -0.816
-0.050 -0.094 -0.978
-0.050 -0.107 -1.025
-0.020 -0.067 -0.940
 0.023 -0.027 -0.887
 0.035 -0.021 -0.855
 0.041 -0.004 -0.828
 0.013 -0.048 -0.851
-0.037 -0.134 -0.958
-0.074 -0.187 -1.071
-0.091 -0.143 -1.083
-0.171 -0.116 -0.943
-0.045 -0.118 -0.946
-0.025 -0.058 -0.901
-0.049 -0.133 -0.982
-0.082 -0.175 -1.061
-0.112 -0.195 -1.119
-0.103 -0.130 -1.069
-0.080 -0.128 -1.015
 0.027 -0.050 -0.852
 0.074  0.003 -0.763
 0.069  0.004 -0.770
 0.020  0.001 -0.721
-0.006 -0.097 -0.817
 0.009 -0.086 -0.868
 0.006 -0.104 -0.932
-0.067 -0.128 -0.952
-0.005 -0.133 -0.997
 0.010 -0.113 -0.959
-0.016 -0.170 -1.065
-0.067 -0.138 -1.075
-0.043 -0.141 -1.111
 0.005 -0.040 -0.945
-0.002 -0.056 -0.943
 0.025 -0.030 -0.920
 0.042  0.006 -0.882
 0.032  0.078 -0.785
-0.027  0.014 -0.862
 0.044  0.015 -0.966
 0.037  0.029 -1.008
 0.011  0.012 -0.919
-0.088 -0.010 -0.858
-0.031  0.008 -0.877
-0.026  0.022 -0.840
-0.041  0.039 -0.822
-0.025 -0.047 -0.989
 0.004  0.020 -1.028
 0.002  0.042 -0.975
 0.031  0.078 -0.857
 0.066  0.141 -0.771
 0.050  0.133 -0.784
 0.015  0.074 -0.857
-0.012  0.049 -0.959
-0.040  0.076 -0.975
-0.132  0.099 -0.875
-0.038  0.092 -0.875
-0.009  0.148 -0.811
-0.026  0.105 -0.846
-0.023  0.097 -0.843
 0.070  0.224 -0.698
 0.067  0.209 -0.755
 0.061  0.211 -0.816
 0.059  0.234 -0.788
 0.099  0.302 -0.668
 0.146  0.313 -0.623
 0.126  0.294 -0.604
 0.122  0.308 -0.588
 0.087  0.234 -0.654
 0.086  0.201 -0.714
 0.045  0.165 -0.775
-0.019  0.184 -0.718
 0.031  0.136 -0.777
 0.044  0.196 -0.675
-0.038  0.116 -0.681
 0.020  0.132 -0.680
 0.028  0.172 -0.637
-0.084  0.036 -0.779
-0.068 -0.003 -0.917
-0.085  0.006 -0.928
-0.062  0.017 -0.892
-0.035  0.034 -0.830
-0.009  0.059 -0.787
-0.004  0.050 -0.792
-0.003  0.042 -0.781
-0.016  0.025 -0.797
-0.056 -0.031 -0.872
-0.102 -0.063 -0.933
-0.122 -0.069 -0.942
-0.116 -0.003 -0.824
-0.157 -0.043 -0.819
-0.055 -0.009 -0.783
-0.026  0.037 -0.698
-0.092  0.023 -0.684
 0.002  0.042 -0.781
 0.021  0.164 -0.786
 0.001  0.121 -0.888
-0.087 -0.085 -0.981
-0.096 -0.045 -0.885
-0.205 -0.112 -0.882
-0.056 -0.032 -0.851
-0.042  0.023 -0.734
-0.013  0.072 -0.758
