-0.193 -0.154  0.137
-0.335 -0.148  0.212
-0.124  0.025  0.235
-0.084  0.142  0.286
-0.073  0.199  0.305
-0.081 -0.161  0.331
-0.178  0.070  0.562
-0.149 -0.032  0.390
-0.135  0.066  0.418
-0.146  0.028  0.389
-0.149  0.023  0.367
-0.210 -0.057  0.348
-0.250 -0.146  0.280
-0.191 -0.062  0.389
-0.187 -0.060  0.507
-0.146 -0.031  0.571
-0.138  0.003  0.485
-0.194 -0.042  0.471
-0.153 -0.044  0.529
-0.197 -0.077  0.636
-0.239 -0.203  0.533
-0.227 -0.139  0.412
-0.304 -0.228  0.426
-0.340 -0.284  0.388
-0.379 -0.328  0.426
-0.367 -0.323  0.105
-0.295 -0.227  0.225
-0.257 -0.220  0.246
-0.176 -0.059  0.332
-0.163 -0.006  0.293
-0.219 -0.027  0.297
-0.256 -0.096  0.312
-0.226 -0.062  0.313
-0.158  0.028  0.252
-0.201 -0.082  0.180
-0.184 -0.050  0.198
-0.197 -0.101  0.274
-0.218 -0.155  0.292
-0.179 -0.092  0.315
-0.063  0.130  0.393
-0.121  0.050  0.418
-0.094 -0.107  0.345
-0.124 -0.131  0.297
-0.175 -0.281  0.161
-0.190 -0.305  0.050
-0.178 -0.290  0.169
-0.186 -0.298  0.251
-0.204 -0.447  0.203
-0.213 -0.510  0.172
-0.224 -0.464  0.144
-0.259 -0.436  0.088
-0.308 -0.391  0.102
-0.295 -0.411  0.061
-0.299 -0.446  0.165
-0.344 -0.491  0.162
-0.381 -0.611  0.019
-0.325 -0.588 -0.037
-0.322 -0.506  0.073
-0.303 -0.500  0.048
-0.286 -0.496 -0.066
-0.253 -0.439  0.073
-0.240 -0.396  0.128
-0.214 -0.395  0.099
-0.236 -0.402  0.082
-0.323 -0.432  0.036
-0.405 -0.580 -0.130
-0.394 -0.575 -0.176
-0.331 -0.483 -0.038
-0.317 -0.511  0.016
-0.314 -0.496 -0.026
-0.328 -0.498 -0.142
-0.321 -0.424 -0.116
-0.264 -0.366 -0.041
-0.214 -0.319 -0.073
-0.219 -0.297 -0.006
-0.204 -0.299 -0.001
-0.160 -0.250  0.147
-0.146 -0.173  0.253
-0.205 -0.234  0.229
-0.123 -0.184  0.290
-0.104 -0.136  0.203
-0.142 -0.211  0.108
-0.158 -0.244  0.063
-0.094 -0.165  0.204
-0.064 -0.096  0.267
-0.062 -0.112  0.258
-0.069 -0.106  0.133
-0.128 -0.167  0.152
-0.196 -0.257 -0.010
-0.177 -0.237  0.016
-0.135 -0.163  0.183
-0.114 -0.140  0.194
-0.068 -0.082  0.250
-0.071 -0.062  0.284
-0.116 -0.137  0.269
-0.152 -0.186  0.200
-0.222 -0.232  0.060
-0.274 -0.177  0.240
-0.166 -0.180  0.111
-0.155 -0.163  0.060
-0.153 -0.253  0.109
-0.114 -0.277  0.166
-0.105 -0.265  0.237
-0.100 -0.281  0.204
-0.106 -0.327  0.226
-0.162 -0.591  0.139
-0.355 -0.369 -0.005
-0.199 -0.175 -0.005
-0.111 -0.899  0.068
-0.134 -0.974  0.048
-0.096 -1.017  0.030
-0.070 -0.954  0.188
-0.056 -1.043  0.153
-0.087 -1.097  0.023
-0.128 -1.393 -0.063
-0.275  0.010 -0.126
-0.175  0.078 -0.010
-0.078  0.200  0.133
-0.025  0.126  0.154
 0.001 -0.009  0.197
 0.005  0.005  0.245
-0.008 -0.007  0.156
-0.047  0.274  0.062
-0.044  0.296  0.039
 0.009 -0.363 -0.002
-0.006 -0.119  0.059
 0.005  0.369  0.171
-0.017  0.358  0.161
 0.069  0.383  0.182
 0.093  0.338  0.286
 0.019  0.092  0.277
 0.055  0.282  0.256
 0.032  0.404  0.280
-0.041  0.175  0.163
 0.165 -0.641  0.237
 0.104  0.375  0.111
 0.060  0.424  0.053
 0.073  0.393  0.060
 0.067  0.285  0.080
 0.019  0.359  0.126
 0.045  0.285  0.115
-0.036  0.242  0.110
-0.187  0.202 -0.000
-0.025 -0.706 -0.000
 0.045 -0.885  0.050
-0.056  0.249  0.042
-0.027  0.257  0.024
 0.003  0.355  0.058
 0.006  0.341  0.079
 0.009  0.325  0.101
-0.038  0.288  0.085
-0.098  0.221 -0.074
-0.168  0.068 -0.183
-0.139  0.088 -0.117
-0.116  0.167 -0.050
-0.136  0.116 -0.047
-0.119  0.134 -0.003
-0.086  0.179 -0.052
-0.016  0.255  0.050
 0.030  0.332  0.199
 0.001  0.318  0.114
-0.049 -0.062  0.086
-0.034  0.143  0.164
-0.025  0.030  0.098
-0.012  0.045  0.120
 0.018  0.092  0.168
 0.062  0.201  0.224
 0.056  0.207  0.130
 0.051  0.251  0.144
 0.079 -0.214  0.182
 0.068  0.260  0.184
 0.076  0.333  0.270
 0.098  0.376  0.382
 0.148  0.114  0.363
 0.131  0.062  0.383
 0.041  0.317  0.381
-0.005  0.219  0.264
-0.013  0.175  0.241
-0.006  0.286  0.292
-0.097  0.168  0.291
-0.022  0.046  0.195
-0.034  0.085  0.317
-0.184 -0.103  0.177
-0.173 -0.100 -0.095
-0.176 -0.373 -0.059
-0.138 -0.198 -0.042
-0.125 -0.073 -0.030
-0.073 -0.005 -0.045
-0.063  0.020  0.005
-0.070 -0.000 -0.011
-0.084 -0.012 -0.034
-0.197 -0.117 -0.117
-0.309 -0.262 -0.069
-0.225 -0.295 -0.199
-0.207 -0.225 -0.161
-0.202 -0.198 -0.172
-0.156 -0.148 -0.131
-0.068 -0.042 -0.034
-0.002  0.009  0.036
-0.005 -0.003 -0.008
-0.040 -0.123 -0.039
-0.042 -0.076  0.004
 0.025 -0.096  0.055
 0.062  0.033  0.118
 0.060  0.112  0.104
 0.087  0.181  0.135
 0.130  0.279  0.185
 0.099  0.255  0.180
 0.058  0.249  0.208
 0.038  0.146  0.076
 0.083  0.223  0.162
 0.086  0.217  0.152
 0.101  0.236  0.225
 0.100  0.258  0.310
 0.081  0.238  0.252
 0.021  0.178  0.220
-0.039  0.114  0.141
-0.093  0.041  0.084
-0.036  0.073  0.132
 0.000  0.148  0.118
-0.014  0.165  0.121
-0.033  0.104  0.195
-0.007  0.130  0.142
-0.079  0.072  0.016
-0.132 -0.021  0.010
-0.191 -0.094 -0.032
-0.181 -0.018  0.059
-0.166 -0.081  0.025
-0.119 -0.054  0.049
-0.099 -0.052  0.100
-0.091 -0.068  0.023
-0.078 -0.067 -0.003
-0.093 -0.079 -0.069
-0.194 -0.175 -0.076
-0.272 -0.265 -0.239
-0.230 -0.183 -0.163
-0.141 -0.104 -0.068
-0.046 -0.035  0.130
 0.035  0.039  0.185
 0.009  0.024  0.205
 0.070  0.055  0.322
 0.070  0.116  0.344
-0.044  0.041  0.287
 0.034 -0.042  0.077
 0.024 -0.209  0.052
-0.055  0.034  0.253
 0.097  0.060  0.181
 0.157  0.149  0.336
 0.194  0.188  0.384
 0.222  0.221  0.391
 0.234  0.295  0.462
 0.146  0.262  0.498
 0.212  0.204  0.369
 0.246  0.293  0.434
 0.222  0.226  0.438
 0.228  0.226  0.420
 0.218  0.197  0.468
 0.126  0.094  0.437
 0.144  0.057  0.388
 0.038 -0.029  0.412
-0.081 -0.034  0.292
-0.126 -0.141  0.169
-0.060 -0.287  0.175
-0.067 -0.374  0.120
 0.004 -0.286  0.149
 0.045 -0.165  0.135
-0.051 -0.246  0.108
-0.004 -0.281  0.182
-0.091 -0.260  0.125
-0.208 -0.194 -0.039
-0.111 -0.180  0.072
 0.043 -1.224  0.117
-0.016 -0.753  0.107
-0.020 -0.594  0.102
-0.024 -0.485  0.083
-0.119 -0.456  0.197
-0.099 -0.492 -0.007
-0.198 -0.466 -0.068
-0.212 -0.479 -0.099
-0.146  0.028  0.002
-0.040  0.068  0.208
 0.133 -1.053  0.249
 0.126 -0.905  0.254
 0.142 -0.762  0.301
 0.165 -0.696  0.112
 0.165 -0.658  0.284
 0.159 -0.541  0.399
 0.080 -0.561  0.409
 0.079 -0.594  0.208
-0.066  0.467  0.090
-0.049  0.442  0.054
 0.013  0.292  0.220
 0.061  0.099  0.306
-0.023  0.108  0.452
 0.081  0.123  0.431
 0.053  0.103  0.222
-0.045  0.446  0.123
 0.037 -0.743  0.063
-0.054  0.498  0.097
-0.013  0.552  0.175
-0.001  0.522  0.204
-0.013  0.458  0.221
-0.089  0.416  0.215
-0.055  0.343  0.120
-0.142  0.336  0.033
-0.101  0.307  0.096
-0.031  0.000  0.140
-0.006  0.249  0.183
-0.017  0.224  0.125
-0.014  0.239  0.141
-0.121  0.190  0.069
-0.188  0.027 -0.084
-0.068 -0.770  0.009
-0.007 -0.812  0.055
 0.034 -1.116  0.119
 0.039 -1.066  0.051
 0.034 -0.967  0.204
-0.142 -0.434 -0.007
-0.307  0.129 -0.159
-0.287  0.191 -0.271
-0.290  0.143 -0.144
-0.232  0.269 -0.059
-0.119  0.321  0.049
-0.036  0.377  0.055
-0.051  0.367 -0.002
-0.073  0.332  0.063
-0.146  0.217  0.141
-0.034  0.270  0.081
 0.014  0.351  0.172
 0.028  0.361  0.152
 0.055  0.380  0.194
 0.050  0.341  0.265
 0.038  0.285  0.271
 0.044  0.010  0.373
 0.128  0.266  0.384
 0.184  0.470  0.485
 0.198  0.477  0.484
 0.232  0.529  0.511
 0.222  0.531  0.471
 0.171  0.510  0.434
 0.148  0.464  0.410
 0.105  0.439  0.284
 0.103  0.425  0.382
 0.116  0.429  0.422
 0.113  0.420  0.413
 0.065  0.348  0.366
 0.020  0.258  0.287
-0.027  0.189  0.215
-0.123  0.130  0.132
-0.278  0.028  0.059
-0.189 -0.078  0.288
-0.013  0.303  0.289
-0.022  0.267  0.258
-0.054  0.219  0.181
-0.050  0.188  0.159
-0.074  0.178  0.145
-0.079  0.102  0.082
-0.085  0.109  0.192
-0.057  0.042  0.071
-0.066  0.038  0.040
-0.192 -0.124 -0.115
-0.256 -0.214 -0.173
-0.183 -0.168 -0.055
-0.150 -0.097  0.017
-0.057 -0.016  0.171
 0.038  0.070  0.199
 0.035  0.067  0.092
 0.013  0.008  0.161
 0.042  0.020  0.159
 0.015 -0.034  0.113
-0.003 -0.095  0.133
-0.027 -0.100  0.110
-0.060 -0.132  0.069
-0.013 -0.079  0.122
 0.033 -0.029  0.099
 0.046  0.018  0.173
 0.072 -0.012  0.165
 0.077 -0.004  0.138
 0.072  0.022  0.190
 0.078  0.035  0.177
 0.061  0.009  0.156
 0.056  0.069  0.214
 0.057  0.007  0.201
 0.092  0.043  0.211
 0.107  0.113  0.317
 0.125  0.082  0.225
 0.138  0.138  0.095
 0.120  0.150  0.113
 0.107  0.132  0.087
 0.040  0.113  0.028
-0.058  0.002 -0.050
-0.025  0.014 -0.025
 0.041  0.093  0.065
 0.058  0.106  0.132
 0.081  0.103  0.141
 0.099  0.132  0.123
 0.068  0.092  0.021
 0.078  0.088  0.233
 0.049  0.107  0.087
 0.007  0.043  0.083
-0.044 -0.052 -0.028
-0.136 -0.110 -0.034
-0.218 -0.110 -0.071
-0.081 -0.103 -0.237
-0.082 -0.062 -0.128
-0.188 -0.159  0.048
-0.113 -0.174 -0.019
-0.076 -0.072  0.106
 0.044 -0.003  0.115
 0.134  0.100  0.252
 0.069  0.025  0.006
 0.058 -0.005  0.003
 0.001  0.000 -0.017
-0.046  0.014  0.029
 0.090  0.065  0.080
 0.121  0.153  0.218
 0.142  0.124  0.163
 0.150  0.134  0.216
 0.155  0.152  0.262
 0.146  0.121  0.242
 0.150  0.120  0.215
 0.142  0.122  0.268
 0.159  0.084  0.261
 0.171  0.088  0.295
 0.168  0.129  0.358
 0.186  0.111  0.281
 0.172  0.118  0.299
 0.130  0.093  0.269
 0.037 -0.030  0.141
-0.031 -0.115  0.044
-0.007 -0.050  0.115
 0.000 -0.072  0.090
 0.023 -0.050  0.168
 0.016 -0.044  0.180
-0.001 -0.066  0.117
 0.012 -0.042  0.162
-0.004 -0.027  0.168
-0.037 -0.087  0.079
-0.076 -0.078  0.081
-0.211 -0.122  0.145
-0.103 -0.123 -0.024
-0.062 -0.022  0.012
-0.128 -0.074 -0.010
-0.015 -0.058 -0.040
-0.009 -0.067 -0.048
-0.017 -0.073 -0.096
-0.013 -0.084 -0.081
-0.068 -0.132 -0.099
-0.122 -0.203 -0.123
-0.182 -0.183 -0.096
-0.221 -0.195 -0.041
-0.145 -0.230 -0.130
-0.015 -0.045  0.113
 0.089  0.022  0.195
 0.081  0.009  0.163
 0.077  0.002  0.145
 0.057 -0.008  0.130
 0.040  0.026  0.156
-0.078 -0.023  0.181
 0.034 -0.020  0.095
 0.081  0.110  0.238
 0.090  0.163  0.374
 0.205  0.193  0.154
 0.254  0.314  0.435
 0.276  0.314  0.409
 0.278  0.326  0.478
 0.274  0.335  0.473
 0.254  0.309  0.454
 0.244  0.302  0.427
 0.162  0.224  0.360
 0.153  0.166  0.314
 0.157  0.226  0.323
 0.050  0.123  0.265
 0.099  0.108  0.224
 0.068  0.129  0.286
-0.044  0.050  0.264
 0.025  0.021  0.170
-0.018  0.021  0.211
-0.038 -0.050  0.133
-0.108 -0.116  0.058
-0.080 -0.042  0.169
-0.033 -0.049  0.162
-0.025 -0.050  0.126
-0.032 -0.048  0.154
-0.050 -0.086  0.083
-0.043 -0.076  0.181
-0.103 -0.123  0.046
-0.130 -0.166 -0.000
-0.207 -0.170  0.002
-0.297 -0.221  0.014
-0.181 -0.241 -0.089
-0.197 -0.211 -0.038
-0.170 -0.208 -0.004
-0.081 -0.146  0.021
-0.019 -0.043  0.144
-0.032 -0.118  0.043
-0.040 -0.125  0.029
-0.051 -0.122  0.039
-0.071 -0.147 -0.005
-0.046 -0.143  0.005
 0.004 -0.050  0.075
 0.019 -0.048  0.067
 0.050 -0.008  0.096
 0.070  0.030  0.154
 0.061  0.005  0.138
 0.054  0.006  0.124
 0.029  0.004  0.132
 0.055 -0.000  0.129
 0.086  0.010  0.210
 0.092  0.055  0.286
 0.118  0.034  0.259
 0.113  0.046  0.221
 0.094  0.061  0.252
 0.015 -0.058 -0.022
-0.053 -0.108  0.018
-0.135 -0.137  0.087
-0.162 -0.165 -0.017
-0.059 -0.145 -0.041
-0.057 -0.117  0.085
-0.104 -0.165  0.024
-0.036 -0.142  0.101
-0.047 -0.091  0.090
-0.181 -0.207  0.010
-0.155 -0.227 -0.021
-0.192 -0.236 -0.000
-0.127 -0.180  0.012
-0.091 -0.162  0.047
-0.086 -0.155  0.032
-0.107 -0.177  0.020
-0.130 -0.202  0.020
-0.152 -0.184  0.038
-0.320 -0.276  0.186
-0.270 -0.321 -0.035
-0.220 -0.171 -0.056
-0.179 -0.080  0.116
-0.009 -0.012  0.173
-0.020 -0.001  0.189
-0.004 -0.046  0.105
 0.016 -0.028  0.218
-0.001 -0.036  0.168
-0.006 -0.049  0.153
 0.000  0.001  0.247
-0.098 -0.063  0.195
 0.015 -0.018  0.169
 0.093  0.122  0.080
 0.130  0.153  0.170
 0.204  0.216  0.302
 0.234  0.296  0.383
 0.166  0.266  0.324
 0.238  0.286  0.286
 0.225  0.284  0.358
 0.195  0.184  0.276
 0.159  0.136  0.235
 0.104  0.074  0.205
 0.103  0.062  0.182
 0.113  0.086  0.165
 0.073  0.059  0.141
 0.042  0.004  0.075
 0.034  0.014  0.084
-0.005 -0.031  0.063
-0.056 -0.098  0.040
-0.100 -0.118 -0.010
-0.172 -0.186 -0.104
-0.193 -0.239 -0.162
-0.135 -0.184 -0.110
-0.124 -0.178 -0.056
-0.109 -0.177 -0.067
-0.075 -0.139 -0.023
-0.085 -0.158 -0.037
-0.091 -0.192 -0.063
-0.115 -0.209 -0.089
-0.230 -0.318 -0.177
-0.267 -0.367 -0.234
-0.202 -0.246 -0.137
-0.091 -0.158 -0.044
-0.016 -0.103  0.004
 0.002 -0.076  0.022
 0.031 -0.046  0.083
 0.055 -0.038  0.097
 0.073  0.046  0.164
 0.093  0.014  0.129
 0.055  0.004  0.129
 0.026 -0.007  0.166
 0.055 -0.010  0.117
 0.087  0.001  0.117
 0.114  0.040  0.128
 0.148  0.079  0.197
 0.156  0.103  0.126
 0.164  0.148  0.201
 0.150  0.111  0.258
 0.157  0.136  0.287
 0.089  0.089  0.245
 0.049  0.026  0.193
-0.031 -0.022  0.122
-0.021 -0.034  0.136
 0.028 -0.040  0.142
-0.023 -0.183  0.102
-0.130 -0.215  0.215
-0.041 -0.203  0.092
-0.006 -0.096  0.043
-0.058 -0.117  0.098
-0.102 -0.119  0.055
-0.192 -0.276  0.054
-0.175 -0.335  0.050
-0.123 -0.314  0.046
-0.084 -0.272  0.057
-0.066 -0.276  0.038
-0.038 -0.244  0.021
-0.034 -0.185 -0.045
-0.105 -0.244 -0.182
-0.196 -0.330 -0.229
-0.186 -0.245 -0.185
-0.152 -0.233 -0.190
-0.147 -0.209 -0.155
-0.130 -0.121 -0.065
 0.063  0.014  0.063
 0.091  0.031  0.090
 0.057 -0.048  0.043
 0.045 -0.001  0.008
-0.035 -0.039 -0.010
 0.055  0.026  0.083
 0.102  0.154  0.250
 0.060  0.181  0.366
 0.192  0.265  0.437
 0.191  0.199  0.319
 0.093  0.193  0.424
 0.125  0.085  0.219
 0.085  0.051  0.159
-0.010  0.139  0.319
 0.176  0.176  0.271
 0.196  0.211  0.300
 0.162  0.134  0.262
 0.136  0.128  0.227
 0.103  0.099  0.205
-0.035  0.129  0.227
-0.026  0.029  0.133
-0.083  0.034  0.199
-0.031  0.082  0.247
 0.003  0.002  0.057
 0.011  0.004  0.078
-0.001 -0.085  0.018
-0.021 -0.114  0.044
-0.044 -0.125  0.053
-0.074 -0.153  0.044
-0.094 -0.135  0.023
-0.072 -0.104  0.144
-0.021 -0.076  0.176
 0.004  0.028  0.239
 0.017 -0.032  0.158
 0.005 -0.038  0.119
-0.010 -0.027  0.150
-0.069 -0.113  0.049
-0.140 -0.183  0.038
-0.116 -0.111  0.092
-0.115 -0.150  0.095
-0.110 -0.172  0.037
-0.072 -0.086  0.172
 0.003 -0.041  0.043
 0.014 -0.040  0.004
 0.047  0.034  0.091
 0.068  0.079  0.107
 0.111  0.127  0.150
 0.170  0.229  0.271
 0.163  0.177  0.184
 0.190  0.235  0.168
 0.163  0.148  0.168
 0.171  0.184  0.211
 0.129  0.119  0.223
 0.083  0.017  0.108
 0.083  0.006  0.101
 0.102  0.043  0.111
 0.102  0.052  0.188
 0.098  0.037  0.151
 0.118  0.092  0.113
 0.112  0.159  0.151
 0.068  0.106  0.106
 0.012  0.060  0.067
-0.011  0.108  0.121
-0.058  0.070  0.054
 0.045  0.092  0.035
 0.051  0.120  0.049
 0.006  0.039  0.003
 0.034  0.047  0.055
 0.038  0.118  0.115
-0.080 -0.001  0.031
-0.040 -0.037 -0.027
-0.050  0.005 -0.043
-0.009  0.033 -0.012
-0.011 -0.004 -0.033
 0.012  0.000 -0.016
 0.011  0.022 -0.036
 0.007  0.019 -0.050
-0.001  0.008 -0.040
-0.048 -0.070 -0.084
-0.120 -0.183 -0.181
-0.163 -0.219 -0.246
-0.153 -0.202 -0.197
-0.136 -0.189 -0.171
-0.093 -0.097 -0.096
-0.129 -0.065 -0.014
 0.026  0.013 -0.029
 0.056  0.074  0.020
 0.033  0.022 -0.026
 0.025  0.016 -0.056
 0.042  0.054 -0.027
 0.038  0.068 -0.016
 0.059  0.092  0.021
 0.074  0.102  0.055
 0.099  0.116  0.051
 0.124  0.195  0.122
 0.044  0.175  0.170
 0.094  0.123 -0.001
 0.052  0.100 -0.027
 0.060  0.085 -0.058
 0.081  0.080 -0.024
 0.083  0.063 -0.005
 0.077  0.012  0.007
 0.074 -0.026  0.029
 0.018 -0.066  0.010
 0.004 -0.130 -0.070
-0.096 -0.156 -0.065
-0.149 -0.128 -0.062
-0.055 -0.115 -0.130
-0.020 -0.014 -0.041
-0.005 -0.084 -0.082
 0.007 -0.059 -0.074
-0.022 -0.076 -0.095
-0.067 -0.183 -0.127
-0.105 -0.228 -0.145
-0.154 -0.263 -0.185
-0.110 -0.175 -0.154
-0.055 -0.090 -0.106
-0.035 -0.065 -0.096
 0.001  0.008 -0.098
-0.001  0.003 -0.094
-0.025 -0.027 -0.101
-0.023 -0.013 -0.165
-0.106 -0.067 -0.181
-0.176 -0.124 -0.169
-0.183 -0.256 -0.317
-0.181 -0.242 -0.243
-0.137 -0.276 -0.287
-0.092 -0.217 -0.209
 0.004 -0.085 -0.078
 0.067 -0.048 -0.041
 0.070 -0.041 -0.031
 0.006 -0.092 -0.086
 0.012 -0.106 -0.117
-0.000 -0.024 -0.053
-0.038  0.038  0.028
 0.102  0.063  0.022
 0.107  0.110  0.097
 0.120  0.075  0.072
 0.131  0.087  0.093
 0.152  0.157  0.058
 0.129  0.152  0.017
 0.124  0.233  0.020
-0.034  0.071 -0.010
 0.084  0.070  0.042
 0.098  0.121  0.172
 0.124  0.048  0.113
 0.125  0.059  0.150
 0.114  0.078  0.195
 0.102  0.076  0.153
 0.095  0.126  0.115
-0.029  0.130  0.167
-0.029  0.060 -0.029
-0.060  0.075  0.013
-0.040  0.105 -0.017
-0.007  0.146  0.098
 0.003  0.155  0.160
-0.024  0.099  0.125
-0.019  0.102  0.099
-0.024  0.018  0.052
-0.062 -0.039  0.008
-0.116 -0.089 -0.038
-0.166 -0.136 -0.071
-0.165 -0.096 -0.051
-0.152 -0.103 -0.004
-0.059 -0.040  0.049
-0.067  0.002  0.061
-0.164 -0.062  0.050
-0.060 -0.013  0.018
-0.111  0.026  0.060
-0.159 -0.041 -0.084
-0.086  0.016 -0.011
-0.073  0.033 -0.063
-0.093 -0.045 -0.144
-0.141 -0.143 -0.230
-0.107 -0.114 -0.167
-0.032  0.000 -0.062
 0.022  0.046  0.062
-0.029 -0.086 -0.010
-0.020 -0.014  0.072
-0.077 -0.039  0.071
 0.004 -0.027  0.048
 0.021  0.061  0.093
 0.009  0.072  0.132
 0.140  0.168  0.198
 0.183  0.279  0.357
 0.189  0.209  0.272
 0.200  0.215  0.298
 0.209  0.227  0.330
 0.244  0.258  0.351
 0.276  0.301  0.396
 0.266  0.309  0.374
 0.267  0.342  0.366
 0.270  0.369  0.342
 0.149  0.311  0.326
 0.193  0.270  0.254
 0.121  0.246  0.251
 0.023  0.105  0.109
 0.015  0.096  0.117
-0.007  0.100  0.125
-0.028  0.043  0.066
-0.027  0.043  0.069
-0.028  0.036  0.083
-0.029  0.005  0.067
-0.008  0.021  0.099
-0.105 -0.043  0.097
-0.044 -0.063  0.060
-0.083 -0.073  0.051
-0.145 -0.149 -0.059
-0.164 -0.156 -0.076
-0.119 -0.105 -0.003
-0.086 -0.078  0.004
-0.062 -0.018  0.012
-0.092 -0.046 -0.014
-0.094 -0.058 -0.026
-0.076  0.010  0.059
-0.093 -0.056  0.023
-0.092 -0.072  0.033
-0.112 -0.145  0.003
-0.102 -0.168 -0.016
-0.063 -0.130 -0.003
-0.034 -0.113  0.024
-0.008 -0.081  0.056
 0.021 -0.015  0.056
 0.023  0.007  0.053
 0.051  0.069  0.078
 0.040  0.172  0.170
-0.005  0.174  0.270
 0.035  0.116  0.093
 0.038  0.190  0.225
 0.005  0.241  0.338
 0.088  0.206  0.196
 0.097  0.191  0.193
 0.085  0.137  0.138
 0.063  0.073  0.106
-0.083 -0.009  0.113
-0.035 -0.048  0.057
-0.086 -0.050  0.125
-0.081 -0.114  0.075
-0.035 -0.031  0.137
 0.002  0.058  0.212
 0.009  0.017  0.168
 0.009  0.012  0.158
-0.000 -0.007  0.138
-0.026 -0.072  0.076
-0.024 -0.074  0.075
-0.043 -0.073  0.062
-0.093 -0.125 -0.030
-0.111 -0.131 -0.079
-0.072 -0.105 -0.017
-0.046 -0.075  0.027
-0.005  0.004  0.072
 0.017  0.038  0.116
 0.027  0.038  0.081
 0.079  0.184  0.176
 0.089  0.156  0.095
 0.063  0.164  0.088
 0.011  0.100  0.023
-0.074 -0.082 -0.093
-0.114 -0.099 -0.149
-0.120 -0.113 -0.128
-0.110 -0.118 -0.100
-0.102 -0.142  0.005
-0.161 -0.160  0.093
-0.010 -0.081  0.111
 0.034  0.004  0.174
 0.042 -0.019  0.140
 0.055  0.031  0.156
 0.045  0.035  0.154
 0.031  0.019  0.098
 0.044  0.043  0.140
 0.068  0.053  0.181
 0.069  0.014  0.169
 0.063  0.002  0.193
 0.048  0.039  0.191
 0.083  0.043  0.182
 0.076  0.069  0.212
 0.061  0.061  0.165
 0.053  0.088  0.138
-0.073  0.035  0.122
 0.001 -0.012  0.038
 0.016  0.086  0.160
 0.034  0.086  0.219
 0.050  0.018  0.121
 0.009 -0.007  0.147
-0.007 -0.056  0.077
 0.003 -0.041  0.082
-0.028 -0.099  0.063
-0.036 -0.050 -0.006
-0.062 -0.018 -0.043
-0.093 -0.002 -0.056
-0.031  0.025 -0.006
 0.021  0.148  0.050
-0.086  0.085  0.143
 0.037  0.117  0.131
 0.009  0.096  0.126
-0.027  0.002  0.035
-0.043 -0.049  0.004
-0.175 -0.119 -0.013
-0.130 -0.174 -0.103
-0.205 -0.206 -0.059
-0.173 -0.161 -0.036
-0.106 -0.142 -0.043
-0.103 -0.110  0.003
-0.120 -0.189 -0.100
-0.105 -0.175 -0.111
-0.202 -0.260 -0.240
-0.208 -0.271 -0.257
-0.242 -0.300 -0.284
-0.218 -0.258 -0.228
-0.120 -0.154 -0.138
-0.051 -0.062 -0.076
-0.015 -0.036 -0.044
 0.004 -0.038 -0.048
 0.017 -0.010 -0.003
-0.044 -0.022  0.035
 0.046  0.007  0.052
 0.070  0.069  0.108
 0.075  0.072  0.071
 0.070  0.086  0.062
 0.086  0.136  0.044
 0.108  0.099  0.012
 0.160  0.220  0.047
 0.051  0.158  0.157
 0.144  0.085  0.177
 0.128  0.044  0.211
 0.126  0.042  0.211
 0.135  0.092  0.244
 0.126  0.053  0.240
 0.087  0.031  0.199
 0.026 -0.026  0.136
-0.079 -0.176  0.014
-0.033 -0.080  0.053
-0.033 -0.096  0.055
-0.040 -0.113  0.049
-0.010 -0.055  0.089
-0.103 -0.036  0.177
-0.004 -0.032  0.110
-0.011 -0.024  0.128
-0.016 -0.040  0.097
-0.028 -0.029  0.068
-0.160 -0.058  0.115
-0.092 -0.092  0.013
-0.107 -0.028  0.047
-0.064  0.044 -0.010
-0.022  0.033  0.034
 0.024  0.101  0.098
 0.055  0.131  0.135
 0.043  0.169  0.117
-0.049  0.102  0.177
 0.023  0.073  0.188
 0.032  0.045  0.231
 0.063  0.134  0.107
 0.013  0.101  0.049
-0.059  0.030 -0.032
-0.123 -0.074 -0.141
-0.095 -0.035 -0.124
-0.015  0.039 -0.021
 0.084  0.141  0.096
 0.102  0.124  0.124
 0.105  0.268  0.387
 0.192  0.248  0.170
 0.192  0.297  0.231
 0.164  0.347  0.149
 0.174  0.497  0.234
 0.174  0.459  0.161
 0.219  0.461  0.223
 0.203  0.175  0.181
 0.108 -0.002  0.072
 0.136  0.144  0.111
 0.169  0.256  0.242
 0.156  0.165  0.295
 0.133  0.132  0.332
 0.099  0.033  0.271
 0.075  0.001  0.247
 0.081  0.036  0.270
 0.086  0.011  0.264
 0.100  0.058  0.270
 0.060  0.008  0.236
 0.025 -0.068  0.203
 0.013 -0.075  0.202
-0.034 -0.068  0.179
-0.016 -0.089  0.174
-0.083 -0.142  0.167
-0.106 -0.113  0.149
-0.101 -0.157  0.110
-0.044 -0.063  0.189
-0.044 -0.105  0.154
-0.025 -0.075  0.173
-0.125 -0.086  0.238
-0.019 -0.068  0.191
-0.067 -0.097  0.168
-0.143 -0.188  0.064
-0.190 -0.225  0.014
-0.176 -0.219 -0.000
-0.131 -0.222 -0.011
-0.136 -0.187  0.011
-0.134 -0.262 -0.037
-0.093 -0.207  0.033
-0.017 -0.112  0.147
 0.039 -0.061  0.143
 0.013  0.017  0.211
 0.018  0.001  0.227
 0.047 -0.012  0.137
 0.062  0.014  0.157
 0.070  0.007  0.121
 0.092  0.016  0.130
 0.116  0.063  0.131
 0.132  0.072  0.148
 0.167  0.140  0.186
 0.171  0.144  0.242
 0.134  0.095  0.193
 0.102  0.073  0.159
 0.125  0.097  0.179
 0.186  0.160  0.255
 0.180  0.167  0.292
 0.191  0.161  0.278
 0.196  0.217  0.322
 0.173  0.119  0.252
 0.155  0.149  0.239
 0.065  0.071  0.188
 0.000 -0.007  0.118
-0.019  0.058  0.178
 0.022  0.038  0.175
 0.023  0.042  0.161
 0.022  0.060  0.185
 0.019  0.046  0.177
 0.009  0.057  0.189
-0.036 -0.001  0.155
-0.097 -0.055  0.056
-0.140 -0.088  0.033
-0.119 -0.076  0.031
-0.090 -0.028  0.076
-0.104 -0.086  0.047
-0.114 -0.105  0.021
-0.144 -0.125 -0.010
-0.144 -0.156 -0.018
-0.146 -0.148 -0.004
-0.094 -0.111  0.042
-0.014 -0.007  0.100
-0.038 -0.004  0.110
 0.041  0.034  0.157
 0.056  0.087  0.230
 0.040  0.022  0.150
 0.034  0.008  0.132
 0.017 -0.001  0.118
-0.006 -0.030  0.079
 0.013  0.010  0.094
-0.079 -0.009  0.133
 0.042  0.009  0.118
 0.057  0.053  0.150
 0.063  0.026  0.118
 0.080  0.062  0.135
 0.077  0.053  0.141
 0.075  0.048  0.138
 0.059  0.106  0.210
 0.060  0.034  0.111
-0.015 -0.026  0.045
-0.043 -0.036  0.080
-0.021 -0.018  0.057
-0.012 -0.011  0.070
-0.021 -0.034  0.055
-0.029 -0.070  0.034
-0.075 -0.037  0.082
-0.118 -0.127 -0.014
-0.142 -0.131 -0.025
-0.113 -0.092  0.017
-0.099 -0.087  0.021
-0.081 -0.026  0.064
-0.061 -0.051  0.057
-0.071 -0.048  0.068
-0.072 -0.049  0.066
-0.064 -0.070  0.027
-0.105 -0.063  0.053
-0.144 -0.187 -0.099
-0.184 -0.209 -0.129
-0.181 -0.182 -0.097
-0.140 -0.165 -0.079
-0.063 -0.057  0.031
-0.064  0.011  0.115
 0.019  0.024  0.119
 0.021  0.040  0.139
 0.033  0.032  0.120
 0.027  0.047  0.166
 0.038  0.012  0.065
 0.035 -0.005  0.040
 0.018 -0.011  0.022
 0.023 -0.029 -0.013
 0.069  0.067  0.076
 0.072  0.086  0.199
 0.117  0.051  0.088
 0.112  0.072  0.138
 0.102  0.067  0.142
 0.106  0.093  0.162
 0.025  0.121  0.266
 0.085  0.070  0.149
 0.054  0.050  0.160
 0.015  0.036  0.121
-0.006  0.047  0.098
-0.084 -0.025  0.059
-0.036 -0.012  0.065
-0.052  0.013  0.129
-0.068 -0.054  0.056
-0.053 -0.041  0.075
-0.073 -0.052  0.051
-0.054 -0.050  0.039
-0.059  0.013  0.103
-0.069 -0.056  0.014
-0.084 -0.059  0.016
-0.094 -0.057  0.023
-0.120 -0.109 -0.015
-0.083 -0.074  0.005
-0.085 -0.070  0.002
-0.099 -0.109 -0.045
-0.100 -0.119 -0.060
-0.212 -0.200 -0.093
-0.163 -0.196 -0.147
-0.170 -0.183 -0.123
-0.093 -0.125 -0.062
 0.004 -0.024  0.036
 0.048  0.033  0.098
 0.034  0.004  0.066
 0.048  0.038  0.088
 0.025  0.036  0.089
 0.025  0.013  0.084
 0.025  0.083  0.129
-0.067 -0.009  0.058
 0.088  0.011  0.064
 0.162  0.179  0.199
 0.099  0.145  0.226
 0.205  0.171  0.212
 0.207  0.220  0.275
 0.194  0.180  0.243
 0.203  0.214  0.263
 0.164  0.187  0.265
 0.102  0.125  0.211
 0.042  0.063  0.124
 0.094  0.132  0.192
 0.087  0.123  0.177
 0.081  0.118  0.155
 0.041  0.059  0.135
 0.020  0.052  0.105
-0.007  0.077  0.150
-0.102  0.014  0.162
-0.084 -0.073  0.011
-0.110 -0.022  0.081
-0.129  0.024  0.188
-0.036 -0.009  0.063
-0.026  0.056  0.130
-0.024  0.004  0.062
-0.015  0.017  0.063
-0.026 -0.003  0.058
-0.042 -0.022  0.059
-0.110 -0.083  0.005
-0.118 -0.106 -0.033
-0.091 -0.014  0.083
-0.104 -0.106 -0.028
-0.119 -0.124 -0.053
-0.128 -0.125 -0.070
-0.101 -0.095 -0.050
-0.021  0.061  0.099
 0.037  0.068  0.078
 0.050  0.081  0.078
 0.049  0.087  0.079
 0.027  0.045  0.057
 0.064  0.107  0.093
 0.077  0.122  0.104
 0.073  0.108  0.087
 0.069  0.104  0.073
 0.069  0.092  0.065
 0.085  0.118  0.072
 0.003  0.103  0.089
 0.084  0.101  0.060
 0.064  0.077  0.049
 0.032  0.023 -0.001
 0.042  0.067  0.035
-0.022  0.095  0.156
 0.077  0.078  0.103
 0.071  0.125  0.143
 0.050  0.068  0.095
 0.040  0.068  0.077
-0.027  0.041  0.056
-0.023 -0.000 -0.004
-0.098 -0.070 -0.035
-0.144 -0.144 -0.119
-0.093 -0.078 -0.076
-0.074 -0.047 -0.058
-0.066 -0.067 -0.063
-0.066 -0.034 -0.042
-0.158 -0.133  0.053
-0.099 -0.244 -0.064
-0.100 -0.234 -0.054
-0.154 -0.360 -0.128
-0.184 -0.369 -0.178
-0.207 -0.407 -0.211
-0.135 -0.281 -0.178
-0.099 -0.169 -0.174
-0.179 -0.125 -0.099
-0.097 -0.138 -0.160
-0.089 -0.115 -0.100
-0.039 -0.073 -0.059
 0.017 -0.032  0.013
 0.038  0.003  0.029
 0.004 -0.047 -0.017
 0.019  0.013  0.005
 0.015  0.028  0.037
 0.071  0.051  0.048
 0.076  0.099  0.111
 0.083  0.062  0.073
 0.104  0.085  0.091
 0.033  0.135  0.200
 0.123  0.120  0.120
 0.112  0.122  0.128
 0.083  0.070  0.089
 0.080  0.092  0.087
 0.100  0.118  0.116
 0.095  0.106  0.099
 0.090  0.106  0.099
 0.038  0.088  0.093
 0.045  0.061  0.055
 0.003  0.052  0.083
-0.005 -0.000  0.032
 0.015  0.030  0.059
 0.004  0.025  0.066
-0.037 -0.033  0.027
-0.069 -0.059  0.013
-0.086 -0.063  0.009
-0.042 -0.016  0.032
-0.014  0.037  0.055
-0.019  0.072  0.194
-0.016 -0.007  0.084
-0.012  0.034  0.081
-0.024 -0.006  0.066
-0.057  0.006  0.062
-0.190 -0.131 -0.030
-0.156 -0.183 -0.101
-0.088 -0.058 -0.018
-0.080 -0.079 -0.008
-0.091 -0.111 -0.027
-0.091 -0.071 -0.028
-0.124 -0.097 -0.025
-0.145 -0.155 -0.068
-0.142 -0.066  0.030
-0.082 -0.030  0.050
-0.026  0.017  0.065
-0.024  0.016  0.056
 0.008  0.047  0.094
 0.029  0.067  0.090
 0.045  0.078  0.094
 0.043  0.051  0.092
 0.036  0.110  0.162
 0.040  0.052  0.094
 0.044  0.072  0.088
 0.042  0.086  0.086
 0.041  0.058  0.075
 0.081  0.097  0.111
 0.095  0.105  0.127
 0.093  0.098  0.124
 0.100  0.171  0.196
 0.118  0.108  0.137
 0.096  0.088  0.139
 0.082  0.098  0.146
 0.033  0.044  0.089
-0.014  0.002  0.026
-0.049 -0.031  0.021
-0.016  0.002  0.042
-0.024  0.000  0.049
-0.044 -0.007  0.040
-0.038 -0.026  0.017
-0.029  0.052  0.105
-0.022  0.007  0.034
-0.023  0.017  0.031
-0.077  0.003  0.072
-0.098 -0.063 -0.017
-0.119 -0.045  0.016
-0.135 -0.125 -0.030
-0.078 -0.061  0.015
-0.069 -0.038  0.043
-0.039 -0.065  0.005
-0.018 -0.040  0.035
-0.045 -0.102  0.027
-0.072 -0.136 -0.066
-0.123 -0.198 -0.120
-0.235 -0.243 -0.195
-0.214 -0.264 -0.236
-0.190 -0.175 -0.142
-0.127 -0.174 -0.135
-0.022 -0.036  0.011
 0.050  0.041  0.104
 0.053  0.028  0.084
 0.045  0.019  0.066
 0.036 -0.026 -0.002
 0.043 -0.013 -0.024
 0.047 -0.002  0.045
 0.128  0.054  0.087
 0.176  0.146  0.216
 0.272  0.243  0.291
 0.327  0.307  0.376
 0.296  0.272  0.334
 0.300  0.272  0.333
 0.393  0.400  0.438
 0.446  0.472  0.514
 0.443  0.469  0.512
 0.419  0.459  0.485
 0.382  0.412  0.439
 0.327  0.343  0.372
 0.283  0.303  0.339
 0.186  0.235  0.299
 0.151  0.168  0.229
 0.061  0.121  0.209
-0.007 -0.017  0.042
-0.042 -0.036  0.047
-0.019  0.037  0.138
-0.026  0.020  0.158
-0.041 -0.026  0.062
-0.047 -0.012  0.071
-0.080 -0.072  0.004
-0.071 -0.062  0.023
-0.137 -0.130 -0.040
-0.278 -0.178 -0.036
-0.217 -0.256 -0.173
-0.263 -0.186 -0.085
-0.117 -0.139 -0.035
-0.107 -0.044  0.059
-0.177 -0.147 -0.020
-0.137 -0.164 -0.067
-0.135 -0.137 -0.031
-0.169 -0.112  0.043
-0.042 -0.073  0.020
-0.046 -0.019  0.091
-0.033 -0.078  0.011
-0.046 -0.062  0.050
-0.035 -0.009  0.109
-0.026 -0.023  0.061
-0.018 -0.026  0.068
-0.012 -0.022  0.057
-0.010 -0.022  0.041
-0.018  0.001  0.015
-0.033 -0.025 -0.036
-0.020  0.009 -0.006
-0.030 -0.052  0.008
-0.021 -0.015  0.012
-0.013  0.048  0.069
-0.018  0.022  0.078
-0.017 -0.015 -0.001
-0.032  0.009  0.034
-0.084 -0.009  0.101
-0.066 -0.102 -0.055
-0.043  0.005  0.034
-0.123 -0.051 -0.011
-0.036 -0.049 -0.016
-0.055  0.004  0.063
-0.079 -0.096 -0.026
-0.074 -0.107 -0.008
-0.076 -0.089  0.004
-0.084 -0.107 -0.006
-0.084 -0.080 -0.000
-0.097 -0.099 -0.023
-0.065 -0.045  0.023
-0.052 -0.045  0.024
-0.067 -0.059 -0.002
-0.074 -0.059 -0.011
-0.094 -0.076 -0.031
-0.130 -0.053  0.078
-0.143 -0.159 -0.102
-0.185 -0.223 -0.154
-0.183 -0.231 -0.185
-0.127 -0.176 -0.125
-0.071 -0.135 -0.086
 0.004 -0.019  0.001
-0.045  0.012  0.098
 0.040 -0.003  0.017
 0.035  0.006  0.036
 0.025 -0.005  0.018
 0.025  0.016  0.016
-0.046 -0.026 -0.038
 0.027 -0.020 -0.052
 0.056  0.079  0.052
-0.006  0.093  0.170
 0.077  0.054  0.051
 0.085  0.072  0.061
 0.085  0.045  0.060
 0.094  0.089  0.089
 0.079  0.064  0.080
 0.068  0.112  0.142
 0.049  0.033  0.067
 0.038  0.032  0.044
 0.014  0.004  0.002
 0.019 -0.005 -0.000
 0.026 -0.012  0.007
 0.009 -0.023  0.015
 0.016 -0.039  0.006
 0.013 -0.030  0.017
-0.006 -0.073 -0.023
 0.015  0.125  0.046
-0.014  0.042 -0.034
-0.024  0.022 -0.062
-0.036  0.001 -0.102
-0.030 -0.041 -0.067
-0.029  0.024  0.058
-0.011  0.098 -0.003
-0.007  0.127  0.000
-0.046  0.017 -0.038
-0.046 -0.024 -0.069
-0.059 -0.030 -0.074
-0.118 -0.135 -0.166
-0.169 -0.197 -0.243
-0.195 -0.226 -0.268
-0.191 -0.206 -0.271
-0.176 -0.104 -0.165
-0.071  0.013 -0.120
 0.023  0.141 -0.034
 0.011  0.143  0.001
 0.059  0.050 -0.010
 0.052 -0.020  0.009
 0.065 -0.033 -0.011
 0.055  0.004  0.082
 0.032 -0.138  0.016
 0.010 -0.159 -0.015
 0.029 -0.128 -0.007
 0.048 -0.099  0.032
 0.073 -0.065  0.054
 0.077 -0.032  0.131
 0.072 -0.050  0.080
 0.063 -0.033  0.084
 0.089 -0.018  0.084
 0.097  0.032  0.108
 0.089  0.032  0.080
 0.072  0.043  0.085
 0.009  0.032  0.149
 0.045 -0.026  0.040
 0.047  0.001  0.062
 0.029 -0.033  0.028
 0.032 -0.018  0.030
 0.015 -0.019  0.018
-0.002 -0.089 -0.007
-0.003 -0.036 -0.007
-0.116 -0.116 -0.063
-0.083 -0.177 -0.120
-0.073 -0.108 -0.019
-0.055 -0.139 -0.050
-0.029 -0.088 -0.010
-0.016 -0.071 -0.014
 0.027  0.097 -0.012
-0.003  0.068  0.003
-0.010  0.068 -0.032
-0.054  0.050 -0.046
-0.102 -0.059 -0.136
-0.132 -0.136 -0.158
-0.103 -0.118 -0.121
-0.105 -0.123 -0.126
-0.106 -0.102 -0.121
-0.116 -0.116 -0.099
-0.140 -0.164 -0.173
-0.117 -0.140 -0.134
-0.030 -0.040 -0.050
 0.028 -0.016 -0.002
 0.013 -0.052 -0.043
 0.009 -0.054 -0.069
 0.050  0.004  0.003
 0.044  0.011  0.020
 0.062  0.017  0.023
 0.076  0.081  0.083
 0.071  0.043  0.037
 0.079  0.047  0.029
 0.067  0.032  0.019
 0.054  0.001 -0.021
 0.054  0.040 -0.007
 0.061  0.023  0.029
 0.104  0.068  0.072
 0.116  0.174  0.182
 0.112  0.131  0.145
 0.097  0.109  0.125
 0.101  0.133  0.145
 0.062  0.110  0.118
 0.034  0.063  0.070
-0.076 -0.022  0.005
-0.092 -0.077 -0.064
-0.114 -0.006  0.020
-0.113 -0.036 -0.016
-0.038 -0.018  0.007
-0.024  0.074  0.096
-0.016  0.018  0.031
-0.005  0.059  0.033
-0.055  0.073 -0.035
-0.090  0.042 -0.059
-0.119  0.022 -0.091
-0.081  0.044 -0.079
-0.052  0.106 -0.027
-0.052  0.035 -0.074
-0.036  0.045 -0.075
-0.096  0.017 -0.113
-0.074 -0.012 -0.143
-0.121 -0.046 -0.175
-0.136 -0.092 -0.198
-0.057  0.064 -0.020
 0.009  0.067 -0.020
 0.055  0.119  0.015
 0.045  0.119  0.037
 0.040  0.019  0.061
 0.077  0.043  0.096
 0.021 -0.003  0.098
 0.097  0.022  0.091
 0.089  0.063  0.136
 0.068 -0.016  0.022
 0.073  0.026 -0.006
 0.103  0.051  0.007
 0.102  0.043  0.010
 0.105  0.101  0.080
 0.115  0.102  0.082
 0.134  0.185  0.181
 0.133  0.129  0.139
 0.143  0.129  0.176
 0.122  0.084  0.164
 0.093  0.066  0.126
 0.014  0.018  0.039
-0.006  0.017  0.041
 0.047  0.074  0.062
 0.041  0.079  0.074
 0.042  0.062  0.039
 0.055  0.075  0.029
 0.043  0.049  0.051
 0.045  0.047  0.054
 0.056  0.098  0.113
 0.063  0.028  0.042
 0.008 -0.020  0.001
-0.059 -0.117 -0.036
-0.081 -0.155 -0.089
-0.023 -0.057 -0.036
-0.016 -0.029 -0.032
-0.011 -0.051 -0.055
-0.027 -0.055 -0.040
-0.050 -0.121 -0.112
-0.053 -0.102 -0.118
-0.080 -0.106 -0.062
-0.074 -0.140 -0.143
-0.001 -0.039 -0.051
 0.031 -0.028 -0.060
 0.089  0.030  0.010
 0.095  0.059  0.047
 0.105  0.043  0.054
 0.130  0.088  0.093
 0.100  0.100  0.107
 0.144  0.119  0.099
 0.149  0.152  0.115
 0.127  0.108  0.060
 0.116  0.095  0.027
 0.117  0.102  0.033
 0.156  0.143  0.061
 0.167  0.163  0.057
 0.157  0.155  0.090
 0.136  0.111  0.066
 0.120  0.125  0.095
 0.107  0.090  0.070
 0.097  0.114  0.090
 0.082  0.104  0.063
 0.079  0.154  0.038
 0.025  0.085  0.013
-0.039 -0.013 -0.047
-0.030  0.023 -0.011
 0.022  0.074  0.055
 0.034  0.097  0.033
 0.041  0.086  0.077
 0.009 -0.034  0.043
 0.005  0.032  0.105
-0.035 -0.060  0.019
-0.075 -0.081 -0.048
-0.110 -0.211 -0.141
-0.166 -0.313 -0.182
-0.112 -0.210 -0.110
-0.083 -0.118 -0.104
-0.059 -0.019 -0.014
-0.061 -0.082 -0.010
-0.079 -0.086 -0.025
-0.145 -0.190 -0.134
-0.190 -0.270 -0.220
-0.199 -0.228 -0.169
-0.151 -0.214 -0.180
-0.079 -0.134 -0.089
-0.088 -0.084 -0.004
 0.048 -0.011  0.022
 0.069  0.021  0.063
 0.064  0.008  0.051
 0.069  0.063  0.113
 0.073 -0.023  0.027
 0.033 -0.046 -0.009
 0.029 -0.055 -0.022
 0.045 -0.067 -0.012
 0.070 -0.019  0.014
-0.016 -0.021  0.034
 0.082 -0.013  0.041
 0.099  0.033  0.074
 0.089  0.027  0.071
 0.091  0.125  0.181
 0.067  0.023  0.083
 0.048  0.009  0.080
 0.034  0.007  0.074
 0.046  0.026  0.113
 0.066  0.083  0.145
-0.041  0.072  0.174
 0.040  0.056  0.110
 0.007  0.041  0.108
-0.027 -0.005  0.082
-0.033  0.018  0.114
-0.070 -0.035  0.072
-0.088 -0.035  0.086
-0.076 -0.018  0.100
-0.073 -0.027  0.071
-0.061 -0.016  0.063
-0.085 -0.039  0.035
-0.079 -0.046  0.045
-0.115 -0.047  0.044
-0.090 -0.048  0.075
-0.113 -0.072  0.108
-0.141 -0.121  0.040
-0.149 -0.082  0.026
-0.123 -0.002  0.003
-0.054  0.043  0.041
-0.057 -0.023  0.109
-0.067 -0.091  0.031
-0.035  0.032 -0.023
-0.096 -0.104 -0.116
-0.134 -0.137 -0.155
-0.190 -0.211 -0.145
-0.152 -0.135 -0.035
-0.068 -0.025  0.095
-0.052 -0.123 -0.007
-0.072 -0.108 -0.043
-0.023 -0.090 -0.000
 0.041 -0.038  0.049
 0.104  0.126  0.251
 0.260  0.295  0.445
 0.277  0.354  0.482
 0.283  0.349  0.450
 0.266  0.307  0.386
 0.257  0.320  0.419
 0.267  0.290  0.388
 0.296  0.327  0.429
 0.380  0.426  0.554
 0.407  0.443  0.591
 0.434  0.534  0.704
 0.385  0.444  0.579
 0.327  0.386  0.498
 0.254  0.294  0.434
 0.206  0.229  0.350
 0.142  0.230  0.360
 0.031  0.109  0.294
-0.047 -0.051  0.071
-0.093 -0.037  0.096
-0.069 -0.092  0.054
-0.057 -0.072  0.065
-0.060 -0.072  0.068
-0.056 -0.069  0.083
-0.041  0.033  0.136
-0.060 -0.038  0.066
-0.101 -0.096  0.017
-0.224 -0.168 -0.038
-0.192 -0.194 -0.085
-0.186 -0.123 -0.001
-0.143 -0.145 -0.021
-0.133 -0.135 -0.017
-0.149 -0.156 -0.029
-0.176 -0.204 -0.075
-0.194 -0.203 -0.103
-0.211 -0.255 -0.126
-0.201 -0.224 -0.086
-0.095 -0.096  0.036
-0.063 -0.064  0.039
-0.039 -0.029  0.072
-0.030  0.013  0.101
-0.020 -0.003  0.064
-0.006  0.024  0.085
-0.003  0.033  0.092
-0.005  0.023  0.068
 0.013  0.093  0.105
-0.004  0.020  0.041
-0.009  0.024  0.049
-0.006 -0.003  0.072
-0.005  0.024  0.064
-0.002  0.026  0.074
 0.013  0.034  0.074
 0.022  0.034  0.064
 0.022  0.093  0.144
 0.012  0.013  0.049
 0.010  0.014  0.055
-0.009 -0.001  0.057
-0.009  0.003  0.057
-0.018  0.059  0.084
-0.072 -0.026  0.039
-0.062 -0.040  0.017
-0.050 -0.048  0.014
-0.026 -0.041  0.023
-0.018 -0.045  0.011
-0.019 -0.042  0.011
-0.032 -0.052  0.007
-0.066 -0.079 -0.003
-0.074 -0.024  0.040
-0.125 -0.101 -0.025
-0.061 -0.092 -0.019
-0.052 -0.015  0.069
-0.038 -0.070 -0.002
-0.046 -0.069  0.015
-0.046 -0.059  0.031
-0.067 -0.094  0.002
-0.098 -0.046  0.059
-0.104 -0.083  0.053
-0.180 -0.294 -0.074
-0.226 -0.336 -0.034
-0.217 -0.341 -0.131
-0.169 -0.286 -0.143
-0.097 -0.197 -0.064
-0.076 -0.195 -0.023
-0.037 -0.135 -0.006
-0.020 -0.145 -0.014
-0.028 -0.095  0.021
-0.101 -0.135 -0.138
-0.074 -0.121 -0.111
-0.067 -0.052 -0.042
-0.070 -0.111 -0.079
-0.065 -0.159 -0.055
-0.068 -0.144 -0.031
-0.056 -0.139  0.023
-0.012 -0.074  0.053
-0.043 -0.023  0.184
-0.027 -0.091  0.028
-0.052 -0.118 -0.006
-0.090 -0.163 -0.063
-0.086 -0.092  0.019
-0.043 -0.124 -0.029
-0.070 -0.139 -0.049
-0.052 -0.098 -0.009
-0.045 -0.082 -0.023
-0.022 -0.004  0.032
 0.005 -0.006  0.045
-0.013 -0.015  0.034
-0.045 -0.046 -0.002
-0.074 -0.093 -0.047
-0.068 -0.065 -0.014
-0.056 -0.084 -0.007
-0.052 -0.099 -0.007
-0.029 -0.046  0.010
-0.033 -0.076 -0.024
-0.019  0.016  0.061
-0.016 -0.048 -0.009
-0.012 -0.027 -0.008
-0.057  0.003  0.112
-0.059 -0.076 -0.039
-0.078 -0.079 -0.048
-0.048 -0.069 -0.077
-0.019 -0.022 -0.045
-0.027 -0.022  0.029
-0.032 -0.067 -0.047
-0.029 -0.070 -0.057
-0.046 -0.086 -0.100
-0.056 -0.058 -0.100
-0.075 -0.093 -0.140
-0.086 -0.125 -0.143
-0.068 -0.066 -0.061
-0.030 -0.059 -0.049
 0.002 -0.018 -0.023
 0.004 -0.001 -0.013
-0.010 -0.044 -0.053
 0.025  0.035  0.023
 0.072  0.038  0.039
 0.075  0.035  0.018
 0.077  0.040  0.041
 0.075  0.046  0.040
 0.073  0.092  0.110
 0.060  0.040  0.038
 0.056  0.046  0.028
 0.032  0.011  0.025
 0.015 -0.006 -0.017
 0.054  0.037  0.031
-0.019 -0.006  0.011
 0.056  0.013 -0.011
 0.055  0.032  0.074
 0.059  0.022  0.021
 0.061  0.047  0.039
 0.065  0.062  0.027
 0.023  0.028 -0.011
 0.008  0.016 -0.003
-0.015 -0.025 -0.045
-0.051 -0.009 -0.015
-0.046 -0.079 -0.158
-0.022 -0.063 -0.110
 0.011 -0.013 -0.038
 0.010 -0.026 -0.053
 0.034  0.030 -0.013
 0.037  0.054 -0.014
 0.009 -0.002 -0.027
 0.010  0.017 -0.006
-0.020 -0.041 -0.061
-0.054 -0.033 -0.063
-0.104 -0.065 -0.028
-0.063 -0.073 -0.103
-0.005 -0.021 -0.055
 0.011 -0.011 -0.065
 0.032  0.018 -0.040
 0.010 -0.011 -0.060
 0.014  0.006 -0.048
-0.103 -0.026 -0.033
-0.022 -0.027 -0.094
-0.061 -0.058 -0.128
-0.088 -0.101 -0.197
-0.078 -0.035 -0.123
-0.047 -0.087 -0.183
-0.045 -0.093 -0.161
-0.054 -0.093 -0.183
-0.060 -0.115 -0.175
-0.063 -0.087 -0.134
-0.054 -0.105 -0.148
-0.015 -0.055 -0.117
 0.011 -0.021 -0.101
 0.025 -0.024 -0.096
 0.059  0.078 -0.004
 0.100  0.048 -0.036
 0.105  0.076  0.004
 0.102  0.085  0.003
 0.105  0.082  0.004
 0.086  0.081 -0.005
 0.062  0.039 -0.061
 0.054  0.038 -0.069
-0.031  0.048  0.052
 0.094  0.064 -0.012
 0.088  0.051  0.006
 0.077  0.032 -0.022
 0.091  0.082  0.045
 0.068 -0.006 -0.046
 0.094  0.038 -0.022
 0.092  0.062  0.013
 0.079  0.056  0.021
 0.043  0.110  0.076
-0.087  0.009  0.011
-0.000 -0.001 -0.034
 0.034  0.115  0.103
 0.090  0.103  0.047
 0.074  0.099  0.042
 0.062  0.086  0.030
 0.012  0.027 -0.019
-0.026  0.049  0.019
-0.030 -0.019 -0.066
-0.015 -0.003 -0.065
-0.082  0.033  0.067
-0.004 -0.014 -0.042
-0.000 -0.002 -0.023
-0.007 -0.026 -0.040
-0.014 -0.017 -0.024
-0.024 -0.048 -0.080
-0.051 -0.019 -0.062
-0.123 -0.137 -0.155
-0.104 -0.143 -0.175
-0.048 -0.079 -0.118
-0.059 -0.097 -0.120
-0.067 -0.066 -0.082
-0.154 -0.124 -0.120
-0.082 -0.107 -0.123
-0.077 -0.041 -0.050
-0.139 -0.079 -0.032
-0.011 -0.048 -0.078
-0.004  0.013 -0.022
 0.004 -0.039 -0.105
 0.050  0.014 -0.052
 0.063  0.032 -0.025
 0.066  0.037 -0.006
 0.078  0.128  0.107
 0.086  0.082  0.053
 0.102  0.106  0.063
-0.003  0.075  0.077
 0.074  0.072  0.016
 0.054  0.066  0.023
 0.049  0.022 -0.023
 0.096  0.108  0.053
 0.092  0.138  0.116
 0.109  0.119  0.085
 0.098  0.123  0.101
 0.076  0.123  0.096
 0.016  0.035 -0.004
-0.013  0.031 -0.021
-0.024  0.040  0.021
-0.005  0.051  0.016
 0.005  0.055  0.036
 0.013  0.080  0.054
-0.009  0.030  0.003
 0.003  0.040 -0.001
-0.007  0.022  0.002
-0.007  0.005  0.006
-0.042 -0.011 -0.041
-0.077 -0.033 -0.081
-0.065 -0.046 -0.089
-0.054 -0.021 -0.105
 0.010  0.118 -0.016
 0.016  0.114  0.019
 0.024  0.051 -0.004
-0.019 -0.056 -0.091
-0.015 -0.049 -0.044
 0.026  0.040  0.022
-0.021 -0.076 -0.048
-0.066 -0.072 -0.013
-0.078 -0.186 -0.131
-0.066 -0.167 -0.109
-0.063 -0.161 -0.081
-0.031 -0.122 -0.051
 0.025 -0.039  0.026
 0.059  0.000  0.062
 0.095  0.067  0.119
 0.077  0.032  0.069
 0.080  0.109  0.127
 0.089  0.041  0.048
 0.105  0.058  0.037
 0.135  0.081  0.070
 0.148  0.094  0.078
 0.162  0.162  0.136
 0.165  0.141  0.121
 0.148  0.099  0.097
 0.149  0.114  0.115
 0.134  0.114  0.114
 0.116  0.181  0.190
 0.093  0.085  0.079
 0.083  0.077  0.067
 0.099  0.096  0.095
 0.112  0.096  0.110
 0.116  0.201  0.219
 0.103  0.131  0.138
 0.081  0.116  0.121
 0.016  0.055  0.075
 0.031  0.029  0.053
 0.015 -0.007  0.031
-0.009 -0.032 -0.033
-0.042 -0.002 -0.010
-0.018 -0.051 -0.072
 0.001 -0.018 -0.007
 0.010 -0.003  0.032
-0.002 -0.020  0.035
 0.023  0.039  0.073
 0.029  0.003  0.051
 0.020 -0.009  0.018
-0.021 -0.039 -0.028
-0.065 -0.112 -0.100
-0.080 -0.129 -0.134
-0.052 -0.074 -0.086
-0.047 -0.108 -0.118
-0.059 -0.119 -0.079
-0.077 -0.131 -0.090
-0.082 -0.073 -0.033
-0.070 -0.082 -0.110
-0.046 -0.062 -0.113
-0.024 -0.060 -0.120
 0.043  0.092 -0.060
 0.018  0.007 -0.022
 0.023  0.100 -0.041
 0.062  0.194  0.044
 0.071  0.063 -0.027
 0.077  0.040 -0.003
 0.065  0.007 -0.017
 0.052 -0.048 -0.044
 0.076  0.003  0.019
 0.106  0.034  0.071
 0.123  0.085  0.128
 0.116  0.090  0.127
 0.090  0.057  0.084
 0.039  0.075  0.122
 0.045  0.031  0.004
 0.051  0.044  0.042
 0.064  0.073  0.058
 0.046  0.039  0.025
 0.023  0.064  0.076
-0.001 -0.010 -0.012
-0.006 -0.008 -0.018
-0.026 -0.062 -0.063
-0.060 -0.073 -0.091
-0.084 -0.085 -0.098
-0.094 -0.103 -0.121
-0.051 -0.054 -0.085
-0.042 -0.036 -0.039
-0.033 -0.065 -0.087
-0.030 -0.053 -0.086
-0.034 -0.081 -0.123
-0.020 -0.056 -0.112
-0.148 -0.125 -0.164
-0.095 -0.132 -0.226
-0.114 -0.138 -0.211
-0.135 -0.186 -0.260
-0.102 -0.156 -0.251
-0.146 -0.161 -0.272
-0.120 -0.175 -0.264
-0.115 -0.160 -0.264
-0.092 -0.152 -0.256
-0.036 -0.027 -0.144
 0.007 -0.028 -0.136
 0.016 -0.005 -0.129
 0.013 -0.005 -0.131
 0.018 -0.016 -0.128
 0.038  0.064 -0.037
 0.034 -0.004 -0.077
 0.039 -0.012 -0.069
 0.067  0.045 -0.037
 0.088  0.059 -0.017
 0.108  0.121  0.054
 0.103  0.060 -0.040
 0.100  0.053 -0.039
 0.099  0.060 -0.035
 0.114  0.060  0.005
 0.147  0.121  0.066
 0.122  0.102  0.077
 0.137  0.120  0.083
 0.124  0.165  0.172
 0.113  0.100  0.081
 0.102  0.063  0.061
 0.055  0.033  0.015
 0.005 -0.024 -0.043
-0.032 -0.049 -0.084
 0.018  0.019 -0.016
 0.022 -0.004 -0.046
 0.012 -0.020 -0.035
 0.012 -0.010 -0.047
 0.008 -0.029 -0.059
 0.016 -0.011 -0.034
-0.029 -0.057 -0.061
-0.061 -0.105 -0.118
-0.102 -0.062 -0.096
-0.162 -0.087 -0.069
-0.027 -0.070 -0.136
-0.029 -0.049 -0.099
-0.012 -0.071 -0.136
-0.009 -0.067 -0.152
-0.086 -0.076 -0.174
-0.019 -0.002 -0.150
-0.059 -0.046 -0.169
-0.062 -0.071 -0.244
-0.018 -0.024 -0.242
 0.047  0.003 -0.119
 0.110  0.042 -0.067
 0.156  0.072 -0.031
 0.137  0.037 -0.033
 0.142  0.045 -0.053
 0.148  0.075 -0.029
 0.117  0.322  0.081
 0.158  0.272 -0.054
 0.150  0.273 -0.026
 0.186  0.280 -0.011
 0.246  0.335  0.054
 0.192  0.302  0.208
 0.191  0.104  0.067
 0.097  0.113  0.151
 0.224  0.182  0.090
 0.157  0.144  0.086
 0.144  0.122  0.073
 0.111  0.139  0.082
 0.100  0.138  0.078
 0.114  0.191  0.139
 0.086  0.095  0.075
 0.088  0.081  0.069
 0.050  0.068  0.036
 0.059  0.061  0.021
 0.043  0.062  0.035
 0.012  0.046 -0.059
-0.031 -0.038 -0.143
-0.036  0.002 -0.119
-0.080 -0.030 -0.084
-0.111  0.100 -0.013
-0.106  0.023 -0.029
-0.110 -0.099 -0.119
-0.115 -0.123 -0.151
-0.107 -0.136 -0.179
-0.092 -0.114 -0.134
-0.094 -0.148 -0.156
-0.089 -0.118 -0.143
-0.117 -0.173 -0.208
-0.138 -0.134 -0.187
-0.192 -0.236 -0.283
-0.227 -0.252 -0.318
-0.233 -0.256 -0.305
-0.165 -0.201 -0.267
-0.065 -0.061 -0.110
-0.030 -0.038 -0.111
-0.045 -0.053 -0.139
-0.026 -0.022 -0.088
-0.023 -0.070 -0.141
-0.005 -0.058 -0.132
 0.003 -0.067 -0.160
 0.037 -0.026 -0.126
 0.075  0.020 -0.059
 0.131  0.075  0.015
 0.172  0.189  0.148
 0.204  0.177  0.124
 0.276  0.277  0.238
 0.303  0.320  0.298
 0.342  0.408  0.392
 0.264  0.389  0.405
 0.304  0.377  0.379
 0.261  0.351  0.381
 0.241  0.321  0.367
 0.237  0.319  0.355
 0.185  0.336  0.461
 0.179  0.250  0.287
 0.141  0.209  0.228
 0.095  0.129  0.152
 0.055  0.089  0.135
 0.028  0.055  0.116
-0.007  0.091  0.180
-0.050  0.004  0.097
-0.075 -0.018  0.085
-0.067 -0.007  0.105
-0.026 -0.003  0.106
-0.018  0.018  0.135
-0.027 -0.017  0.061
-0.030 -0.011  0.051
-0.032 -0.054  0.001
-0.053 -0.057 -0.024
-0.094 -0.101 -0.059
-0.157 -0.161 -0.105
-0.196 -0.199 -0.107
-0.203 -0.236 -0.186
-0.148 -0.177 -0.099
-0.059 -0.080  0.003
-0.007 -0.043  0.036
 0.022 -0.008  0.041
-0.064 -0.012  0.075
 0.027 -0.016  0.031
 0.017 -0.016  0.030
 0.005 -0.024  0.020
 0.017  0.069  0.104
 0.013 -0.006  0.025
 0.005 -0.010  0.022
-0.001  0.001  0.015
-0.002 -0.000 -0.004
 0.016 -0.018  0.002
 0.043  0.023  0.048
 0.041  0.025  0.024
 0.049  0.055  0.045
-0.050  0.058  0.145
 0.010 -0.000  0.020
-0.000 -0.014  0.009
-0.039 -0.062 -0.032
-0.052  0.002  0.019
-0.031 -0.025  0.003
-0.021 -0.017 -0.011
 0.011  0.013  0.028
 0.015  0.007  0.006
 0.023  0.022  0.014
 0.004  0.011  0.022
-0.001  0.006  0.017
 0.007  0.012  0.022
-0.080  0.038  0.112
-0.011  0.027  0.048
-0.026  0.038  0.074
-0.061 -0.025  0.033
-0.027  0.013  0.022
-0.125  0.003  0.064
-0.033 -0.007 -0.008
-0.044 -0.017 -0.006
-0.075 -0.096 -0.076
-0.081 -0.110 -0.105
-0.189 -0.137 -0.063
-0.132 -0.183 -0.154
-0.125 -0.128 -0.101
-0.079 -0.088 -0.043
-0.026 -0.050 -0.035
 0.019  0.039  0.080
 0.027  0.012  0.025
 0.040  0.026  0.026
 0.046  0.033  0.038
 0.048  0.026  0.027
 0.054  0.049  0.030
 0.032  0.040  0.031
 0.043  0.043  0.014
 0.048  0.074  0.014
 0.064  0.063  0.025
 0.063  0.050  0.024
 0.077  0.086  0.041
-0.027  0.065  0.087
 0.055  0.034 -0.003
 0.050  0.033 -0.000
 0.023 -0.016 -0.065
 0.016  0.005 -0.057
-0.010 -0.014 -0.046
-0.035 -0.069 -0.100
-0.019 -0.053 -0.079
 0.027  0.003 -0.029
 0.043  0.026 -0.018
 0.054  0.034 -0.006
 0.031 -0.000 -0.008
 0.008 -0.034 -0.039
-0.011 -0.032 -0.034
-0.036 -0.077 -0.101
-0.054 -0.096 -0.121
-0.028 -0.079 -0.098
-0.024 -0.084 -0.098
-0.020 -0.013  0.007
-0.011 -0.057 -0.040
 0.004 -0.027 -0.023
-0.001 -0.015 -0.008
-0.005 -0.009  0.007
-0.021  0.019  0.042
-0.051 -0.053 -0.046
-0.065 -0.079 -0.083
-0.022 -0.045 -0.035
-0.018 -0.042 -0.047
-0.015 -0.034 -0.043
-0.057 -0.063 -0.054
-0.075 -0.114 -0.080
-0.078 -0.084 -0.075
-0.084 -0.111 -0.095
-0.055 -0.096 -0.103
-0.019 -0.063 -0.075
 0.031 -0.015 -0.038
 0.072  0.043  0.006
-0.004  0.063  0.061
 0.083  0.053  0.016
 0.093  0.115  0.077
 0.098  0.102  0.060
 0.090  0.087  0.056
 0.060  0.062  0.051
 0.059  0.049  0.031
 0.065  0.110  0.112
 0.080  0.037  0.018
 0.093  0.047  0.003
 0.016  0.037  0.023
 0.086  0.022 -0.000
 0.099  0.057  0.026
 0.081  0.047  0.017
 0.081  0.108  0.053
 0.045  0.014 -0.004
 0.009 -0.018 -0.046
-0.036 -0.057 -0.086
-0.024 -0.053 -0.069
 0.012 -0.011 -0.046
-0.054  0.010  0.081
-0.011 -0.058 -0.073
-0.015 -0.058 -0.070
-0.030 -0.080 -0.097
-0.021 -0.003 -0.035
-0.060 -0.093 -0.106
-0.079 -0.095 -0.116
-0.123 -0.124 -0.134
-0.072 -0.071 -0.078
-0.052 -0.009 -0.029
-0.036 -0.044 -0.061
-0.060 -0.076 -0.036
-0.066 -0.071 -0.028
-0.054 -0.034 -0.037
-0.062  0.006  0.019
-0.066 -0.044 -0.054
-0.082 -0.059 -0.067
-0.106 -0.078 -0.092
-0.136 -0.131 -0.136
-0.132 -0.087 -0.111
-0.162 -0.135 -0.134
-0.116 -0.134 -0.151
-0.116 -0.111 -0.144
-0.139 -0.151 -0.168
-0.095 -0.111 -0.140
-0.064 -0.028 -0.048
-0.150 -0.082 -0.069
-0.059 -0.083 -0.127
-0.052  0.002 -0.022
 0.004 -0.016 -0.030
 0.009 -0.005 -0.038
 0.009 -0.004 -0.024
 0.001 -0.030 -0.033
 0.007  0.017 -0.000
 0.004 -0.011 -0.065
-0.009 -0.026 -0.090
-0.031 -0.041 -0.118
-0.061 -0.100 -0.166
-0.033 -0.036 -0.109
-0.007 -0.014 -0.061
-0.012 -0.036 -0.066
 0.002  0.001 -0.038
-0.022  0.004 -0.031
-0.006 -0.014 -0.052
-0.007  0.059  0.010
-0.040  0.001 -0.092
-0.082 -0.032 -0.132
-0.135 -0.097 -0.162
-0.122 -0.100 -0.158
-0.080 -0.058 -0.134
-0.074 -0.027 -0.033
-0.068 -0.064 -0.105
-0.090 -0.046 -0.098
-0.056 -0.046 -0.104
-0.073 -0.073 -0.103
-0.097 -0.080 -0.159
-0.122 -0.074 -0.173
-0.224 -0.133 -0.204
-0.117 -0.094 -0.177
-0.084  0.023 -0.076
-0.181 -0.070 -0.111
-0.093 -0.075 -0.141
-0.112 -0.053 -0.109
-0.128 -0.120 -0.194
-0.116 -0.115 -0.200
-0.109 -0.096 -0.194
-0.077 -0.078 -0.200
-0.073 -0.013 -0.143
-0.122 -0.011 -0.070
-0.004 -0.013 -0.154
 0.006  0.003 -0.116
 0.016  0.016 -0.130
 0.014  0.074 -0.039
 0.025  0.018 -0.120
 0.040  0.030 -0.116
-0.028  0.055 -0.020
 0.012 -0.014 -0.157
-0.017 -0.029 -0.184
-0.032 -0.044 -0.235
 0.005  0.002 -0.197
 0.025  0.027 -0.153
 0.021  0.020 -0.167
 0.043  0.048 -0.118
-0.016  0.019 -0.123
 0.037  0.041 -0.106
 0.041  0.095 -0.082
-0.007  0.052 -0.139
-0.019  0.142 -0.136
-0.132  0.112 -0.161
-0.048  0.016 -0.187
-0.015  0.088 -0.113
 0.002 -0.036 -0.165
-0.011 -0.044 -0.136
-0.028 -0.058 -0.135
-0.035 -0.074 -0.162
-0.019 -0.026 -0.155
-0.041 -0.073 -0.171
-0.079 -0.056 -0.230
-0.116 -0.093 -0.266
-0.158 -0.135 -0.296
-0.098 -0.081 -0.227
-0.073 -0.027 -0.199
-0.078 -0.089 -0.212
-0.078 -0.062 -0.141
-0.040 -0.063 -0.149
 0.034  0.043 -0.078
-0.015  0.066 -0.031
 0.059  0.032 -0.079
 0.044  0.033 -0.055
 0.011 -0.071 -0.158
 0.031 -0.032 -0.175
 0.045  0.023 -0.089
 0.068  0.008 -0.130
 0.071  0.053 -0.117
 0.086  0.074 -0.095
 0.074  0.078 -0.040
-0.001  0.040 -0.007
 0.084  0.085 -0.017
 0.070  0.094 -0.021
 0.046  0.092 -0.067
 0.045  0.128 -0.018
 0.078  0.157 -0.004
 0.072  0.176 -0.044
 0.040  0.024 -0.093
 0.073  0.123 -0.051
 0.046  0.135  0.033
 0.033  0.133  0.016
 0.011  0.096 -0.030
-0.018  0.015 -0.056
-0.114 -0.014  0.002
-0.116 -0.180 -0.181
-0.127 -0.203 -0.163
-0.135 -0.225 -0.194
-0.106 -0.189 -0.153
-0.104 -0.210 -0.178
-0.085 -0.198 -0.168
-0.093 -0.202 -0.194
-0.097 -0.192 -0.175
-0.068 -0.108 -0.146
-0.066 -0.076 -0.154
-0.084  0.000 -0.106
-0.040  0.029 -0.148
-0.016  0.085 -0.129
-0.052  0.076  0.051
 0.052  0.058 -0.097
 0.018 -0.025 -0.139
 0.013 -0.045 -0.135
 0.067  0.094 -0.084
 0.095  0.103 -0.050
 0.095  0.085 -0.005
 0.097  0.027 -0.068
 0.105  0.038 -0.075
 0.018  0.007 -0.097
 0.118  0.053 -0.072
 0.141  0.109  0.005
 0.140  0.075 -0.020
 0.153  0.118  0.007
 0.154  0.132  0.061
 0.144  0.120  0.026
