-0.350  0.312  0.409
-0.479  0.244  0.291
-0.451  0.249  0.289
-0.298  0.269  0.360
-0.325  0.191  0.160
-0.571  0.378  0.208
-0.674  0.663  0.450
-0.530  0.816  0.717
-0.454  0.844  0.989
-0.378  0.799  1.145
-0.325  0.641  0.960
-0.469  0.250  0.494
-0.456  0.133  0.382
-0.436 -0.032  0.187
-0.357 -0.067  0.080
-0.212 -0.001  0.230
-0.104  0.079  0.391
 0.069  0.268  0.690
 0.031  0.162  0.611
-0.038  0.025  0.405
-0.161 -0.211 -0.029
-0.199 -0.315 -0.238
-0.110 -0.174 -0.190
-0.247 -0.402 -0.309
-0.175 -0.275 -0.013
-0.079 -0.145  0.185
 0.049  0.042  0.506
 0.265  0.156  0.499
 0.097 -0.082  0.195
 0.019 -0.191 -0.032
-0.085 -0.386 -0.386
-0.128 -0.452 -0.497
-0.078 -0.351 -0.284
 0.022 -0.176  0.025
 0.193  0.062  0.353
 0.202 -0.004  0.191
 0.082 -0.147 -0.060
 0.029 -0.285 -0.326
-0.039 -0.359 -0.464
 0.024 -0.276 -0.274
 0.128 -0.139  0.064
 0.318  0.164  0.607
 0.319  0.147  0.498
 0.115 -0.159  0.020
 0.119 -0.204 -0.084
 0.108 -0.250 -0.273
 0.191 -0.106 -0.129
 0.329 -0.006 -0.012
 0.223 -0.048 -0.086
 0.174 -0.094 -0.114
-0.051 -0.269 -0.485
 0.341 -0.120  0.019
 0.672  0.027  0.543
 0.734  0.227  0.926
 0.442  0.129  0.491
-0.173 -0.086 -0.228
-0.376  0.004 -0.442
-0.473 -0.224 -0.437
 0.009  0.021  0.267
 0.381  0.119  0.665
 0.132 -0.049  0.302
-0.161 -0.275 -0.193
-0.222 -0.292 -0.275
-0.238 -0.318 -0.314
-0.188 -0.231 -0.159
-0.126 -0.082 -0.112
-0.164 -0.269 -0.274
-0.155 -0.288 -0.287
-0.267 -0.437 -0.571
-0.341 -0.517 -0.724
-0.342 -0.421 -0.550
-0.247 -0.338 -0.307
-0.069 -0.088  0.161
-0.125 -0.245 -0.148
-0.149 -0.336 -0.326
-0.149 -0.385 -0.432
-0.140 -0.382 -0.495
 0.092 -0.045 -0.121
 0.110  0.002  0.122
 0.135  0.149  0.411
 0.163  0.083  0.265
 0.233  0.028  0.035
 0.251 -0.057 -0.250
 0.270 -0.098 -0.363
 0.275 -0.088 -0.394
 0.158 -0.177 -0.512
 0.158 -0.079 -0.277
 0.234  0.083  0.046
 0.273  0.259  0.354
 0.256  0.099  0.092
 0.129 -0.058 -0.164
 0.041 -0.228 -0.497
 0.043 -0.272 -0.656
 0.147 -0.146 -0.422
 0.203  0.000 -0.124
 0.230  0.218  0.285
 0.165  0.109  0.073
-0.041 -0.183 -0.385
-0.137 -0.301 -0.605
-0.192 -0.388 -0.754
-0.133 -0.309 -0.610
-0.049 -0.184 -0.399
 0.065  0.085  0.124
 0.119  0.173  0.239
 0.039  0.025 -0.006
-0.054 -0.124 -0.263
-0.203 -0.307 -0.602
-0.170 -0.225 -0.438
-0.214 -0.310 -0.613
-0.125 -0.177 -0.343
-0.063 -0.091 -0.175
-0.052 -0.151 -0.327
-0.117 -0.245 -0.471
-0.134 -0.307 -0.619
-0.085 -0.198 -0.412
-0.028 -0.116 -0.219
 0.064  0.092  0.193
 0.034  0.094  0.199
 0.004 -0.035 -0.065
-0.086 -0.163 -0.279
-0.112 -0.231 -0.445
-0.002 -0.132 -0.377
 0.212  0.200 -0.031
 0.173  0.122  0.057
 0.160  0.057 -0.080
 0.068 -0.093 -0.324
 0.043 -0.130 -0.388
 0.073 -0.050 -0.269
 0.049 -0.083 -0.229
 0.072 -0.037 -0.168
-0.039 -0.171 -0.365
-0.040 -0.192 -0.440
-0.134 -0.272 -0.499
-0.126 -0.221 -0.371
-0.083 -0.159 -0.244
-0.140 -0.155 -0.254
-0.176 -0.255 -0.419
-0.203 -0.290 -0.490
-0.120 -0.168 -0.422
-0.116 -0.145 -0.205
-0.102 -0.100 -0.141
-0.117 -0.161 -0.274
-0.103 -0.145 -0.273
-0.093 -0.101 -0.180
 0.004  0.068  0.095
 0.076  0.219  0.351
-0.068 -0.022 -0.071
-0.067 -0.078 -0.178
 0.006  0.000 -0.222
-0.026  0.022  0.002
 0.139  0.311  0.527
 0.174  0.241  0.382
 0.063  0.025 -0.006
 0.077 -0.002 -0.146
 0.119  0.057 -0.058
 0.333  0.365  0.458
 0.341  0.310  0.358
 0.225  0.113  0.043
 0.229  0.108 -0.068
 0.202  0.074 -0.027
 0.320  0.303  0.383
 0.401  0.390  0.461
 0.300  0.181  0.124
 0.310  0.173 -0.065
 0.186  0.015 -0.154
 0.275  0.224  0.267
 0.309  0.331  0.454
 0.211  0.158  0.149
 0.109  0.013 -0.204
 0.049 -0.073 -0.210
 0.159  0.198  0.319
 0.234  0.350  0.542
 0.144  0.213  0.345
 0.023  0.024  0.048
-0.026 -0.115 -0.227
 0.051  0.060  0.064
 0.172  0.268  0.376
 0.104  0.195  0.296
-0.007  0.044  0.046
-0.050 -0.054 -0.125
 0.042  0.132  0.218
 0.182  0.310  0.467
 0.155  0.231  0.358
 0.057  0.083  0.135
-0.049 -0.055 -0.093
-0.026  0.079  0.194
 0.092  0.239  0.432
 0.060  0.127  0.223
 0.047  0.086 -0.022
-0.042 -0.037 -0.105
 0.016  0.127  0.198
 0.101  0.248  0.369
 0.141  0.186  0.206
 0.083  0.033 -0.113
 0.147  0.076 -0.073
 0.256  0.301  0.320
 0.291  0.415  0.545
 0.284  0.342  0.403
 0.181  0.129  0.010
 0.113  0.033 -0.157
 0.158  0.146 -0.014
 0.212  0.287  0.307
 0.205  0.307  0.391
 0.054  0.041 -0.056
 0.004 -0.001 -0.076
-0.045 -0.103 -0.278
 0.034  0.041  0.018
 0.192  0.383  0.438
 0.017  0.065  0.108
-0.084 -0.044 -0.068
-0.103 -0.115 -0.233
-0.043 -0.027 -0.103
 0.092  0.259  0.264
-0.061  0.043  0.089
-0.133 -0.060 -0.053
-0.142 -0.139 -0.244
-0.098 -0.093 -0.209
 0.115  0.306  0.246
-0.007  0.186  0.362
-0.062  0.136  0.307
-0.101 -0.048 -0.052
-0.136 -0.125 -0.281
-0.039 -0.066 -0.246
-0.089 -0.108 -0.195
-0.056 -0.055 -0.083
-0.084 -0.111 -0.208
-0.094 -0.163 -0.279
-0.016 -0.075 -0.114
 0.057  0.067  0.098
 0.070  0.141  0.221
-0.055 -0.054 -0.084
-0.083 -0.070 -0.142
-0.079 -0.064 -0.207
-0.128 -0.050 -0.155
-0.030  0.048  0.033
 0.053  0.330  0.447
 0.063  0.514  0.576
-0.049  0.467  0.350
-0.105  0.423  0.234
-0.181  0.280  0.031
-0.034  0.379  0.282
 0.099  0.523  0.591
 0.164  0.686  0.953
 0.181  0.633  0.881
 0.010  0.294  0.416
-0.105  0.071  0.095
-0.106  0.048  0.047
-0.189 -0.089 -0.134
-0.091  0.064  0.158
-0.024  0.113  0.246
-0.050  0.041  0.128
-0.198 -0.025 -0.071
-0.210  0.135  0.063
-0.202  0.252  0.278
-0.123  0.397  0.519
-0.028  0.539  0.831
-0.024  0.429  0.745
-0.028  0.287  0.509
-0.048  0.162  0.108
-0.141 -0.021  0.021
-0.138 -0.024  0.059
-0.085 -0.001  0.101
 0.033  0.217  0.501
 0.043  0.176  0.398
-0.001 -0.006  0.058
 0.011 -0.045  0.001
-0.008 -0.111 -0.176
 0.102  0.032  0.101
 0.164  0.089  0.208
 0.148 -0.015 -0.014
 0.223  0.059 -0.025
 0.165 -0.102 -0.205
 0.151 -0.106 -0.198
 0.194 -0.042 -0.025
 0.271  0.126  0.283
 0.083 -0.147 -0.130
 0.017 -0.286 -0.352
 0.001 -0.290 -0.304
 0.017 -0.297 -0.300
 0.102 -0.077  0.091
 0.073 -0.124 -0.022
-0.033 -0.296 -0.365
-0.024 -0.306 -0.368
-0.053 -0.339 -0.426
-0.004 -0.193 -0.107
 0.055 -0.127 -0.023
-0.033 -0.272 -0.248
-0.036 -0.262 -0.252
-0.069 -0.331 -0.382
-0.042 -0.261 -0.235
-0.044 -0.170 -0.060
 0.056  0.038  0.290
 0.018 -0.053  0.037
-0.066 -0.219 -0.222
-0.017 -0.165 -0.152
-0.020 -0.189 -0.241
 0.091 -0.012  0.099
 0.053 -0.086 -0.038
 0.024 -0.167 -0.229
 0.044 -0.159 -0.271
 0.092 -0.109 -0.177
 0.128  0.076  0.221
 0.065 -0.005  0.087
-0.014 -0.208 -0.267
-0.024 -0.222 -0.267
 0.011 -0.178 -0.175
 0.120  0.093  0.305
 0.231  0.225  0.413
 0.084 -0.091 -0.078
 0.076 -0.098 -0.119
 0.113 -0.096 -0.197
 0.260  0.133  0.195
 0.389  0.401  0.415
 0.176  0.021  0.044
 0.059 -0.105 -0.143
-0.021 -0.243 -0.369
-0.002 -0.174 -0.208
 0.189  0.142  0.151
 0.018 -0.061 -0.068
-0.021 -0.125 -0.163
-0.047 -0.211 -0.371
-0.016 -0.147 -0.274
 0.070  0.066  0.090
-0.008 -0.009  0.030
-0.085 -0.115 -0.108
-0.158 -0.245 -0.369
-0.146 -0.216 -0.292
-0.057 -0.030  0.082
-0.067 -0.002  0.156
-0.128 -0.129 -0.055
-0.181 -0.240 -0.276
-0.136 -0.145 -0.120
-0.070 -0.033  0.084
-0.003  0.110  0.313
 0.100  0.159  0.173
-0.082 -0.102 -0.164
-0.048 -0.072 -0.075
-0.043 -0.083 -0.112
 0.047  0.132  0.330
 0.016  0.055  0.151
-0.002 -0.049 -0.055
-0.042 -0.113 -0.209
 0.001 -0.086 -0.151
 0.036  0.069  0.181
 0.033  0.022  0.096
 0.007 -0.079 -0.153
-0.044 -0.170 -0.272
 0.003 -0.144 -0.300
 0.010 -0.079 -0.095
 0.078  0.161  0.271
-0.046  0.025 -0.046
-0.086  0.027 -0.082
-0.168 -0.087 -0.290
-0.187 -0.066 -0.191
-0.049  0.220  0.137
-0.198 -0.051 -0.081
-0.241 -0.135 -0.194
-0.255 -0.218 -0.394
-0.259 -0.184 -0.320
-0.131 -0.049 -0.111
-0.093  0.063  0.102
-0.233 -0.059 -0.224
-0.327  0.046 -0.115
-0.349  0.108 -0.143
-0.284  0.253  0.229
-0.324  0.175  0.216
-0.381 -0.015 -0.085
-0.197  0.145  0.038
-0.329 -0.073 -0.094
-0.279  0.028  0.179
-0.187  0.108  0.325
-0.170  0.074  0.236
-0.211 -0.076 -0.026
-0.234 -0.125 -0.178
-0.280 -0.025 -0.089
-0.428  0.108  0.194
-0.501  0.166  0.271
-0.554  0.029 -0.004
-0.501 -0.028 -0.110
-0.360  0.051  0.069
-0.150  0.210  0.348
-0.074  0.232  0.359
-0.126  0.061  0.043
-0.097  0.006 -0.076
 0.002  0.134  0.211
 0.064  0.221  0.400
 0.063  0.133  0.194
 0.088  0.108  0.024
-0.007 -0.098 -0.203
 0.035 -0.008 -0.010
 0.142  0.154  0.233
 0.184  0.199  0.301
 0.128  0.013 -0.056
 0.097 -0.052 -0.190
 0.184  0.094  0.127
 0.261  0.247  0.422
 0.261  0.158  0.244
 0.166 -0.037 -0.144
 0.241  0.013 -0.078
 0.297  0.157  0.242
 0.293  0.240  0.426
 0.225  0.113  0.196
 0.144 -0.054 -0.139
 0.166 -0.020 -0.079
 0.402  0.431  0.470
 0.249  0.294  0.546
 0.200  0.190  0.359
 0.138 -0.040 -0.091
 0.140 -0.078 -0.216
 0.229  0.094  0.031
 0.187  0.193  0.402
 0.254  0.397  0.762
 0.306  0.388  0.661
 0.367  0.309  0.446
 0.305  0.110  0.059
 0.204 -0.061 -0.212
 0.162 -0.084 -0.201
 0.134 -0.129 -0.288
 0.144 -0.144 -0.344
 0.112 -0.161 -0.333
 0.128 -0.143 -0.295
 0.260  0.162  0.281
 0.215  0.143  0.256
-0.029 -0.211 -0.385
-0.206 -0.325 -0.795
-0.373 -0.425 -0.940
-0.107 -0.256 -0.443
 0.457  0.037  0.404
 0.672  0.365  1.004
 0.380  0.242  0.526
 0.135 -0.068 -0.058
-0.053 -0.205 -0.398
-0.065 -0.256 -0.509
 0.003 -0.194 -0.331
-0.007 -0.168 -0.244
-0.036 -0.054  0.062
-0.228 -0.292 -0.434
-0.227 -0.279 -0.404
-0.243 -0.317 -0.541
-0.123 -0.237 -0.412
 0.017 -0.034 -0.008
 0.214  0.121  0.473
 0.478  0.301  0.968
 0.439  0.172  0.703
 0.188  0.024  0.169
-0.319 -0.216 -0.595
-0.399 -0.301 -0.741
-0.050 -0.115 -0.192
 0.453  0.226  0.608
 0.641  0.505  1.246
 0.546  0.529  1.333
 0.288  0.305  0.730
-0.172 -0.095 -0.241
-0.435 -0.191 -0.683
-0.306 -0.111 -0.588
-0.125  0.069 -0.127
-0.049  0.186  0.228
-0.002  0.331  0.606
 0.290  0.694  1.166
 0.246  0.419  1.020
 0.237  0.279  0.749
 0.063  0.033  0.201
-0.197 -0.011 -0.011
-0.565 -0.071 -0.233
-0.873 -0.085 -0.334
-0.983 -0.076 -0.282
-0.877  0.057 -0.014
-0.652  0.312  0.245
-0.801 -0.086 -0.155
-0.770 -0.163 -0.242
-0.701 -0.220 -0.357
-0.665 -0.121 -0.146
-1.026 -0.120 -0.154
-1.175  0.024  0.019
-1.181  0.184  0.142
-1.116  0.098 -0.016
-1.035  0.007 -0.096
-0.939 -0.107 -0.241
-0.781 -0.094 -0.305
-0.826 -0.210 -0.391
-0.679 -0.088 -0.066
-0.572 -0.014  0.090
-0.408  0.132  0.404
-0.272  0.167  0.206
-0.400 -0.133 -0.160
-0.346 -0.156 -0.226
-0.299 -0.230 -0.429
-0.167 -0.116 -0.265
-0.075 -0.098 -0.228
 0.043  0.092  0.224
 0.123  0.071  0.140
 0.090 -0.045 -0.077
 0.058 -0.105 -0.194
 0.008 -0.192 -0.370
-0.040 -0.233 -0.476
-0.051 -0.252 -0.481
 0.024 -0.116 -0.190
-0.021 -0.220 -0.377
 0.027 -0.176 -0.285
 0.044 -0.231 -0.368
 0.020 -0.204 -0.298
-0.024 -0.180 -0.261
-0.123 -0.343 -0.542
-0.054 -0.270 -0.598
-0.071 -0.355 -0.610
 0.051 -0.195 -0.369
 0.163 -0.069 -0.138
 0.266  0.109  0.214
 0.330  0.125  0.110
 0.241 -0.037 -0.206
 0.171 -0.117 -0.280
 0.081 -0.217 -0.391
 0.186 -0.130 -0.221
 0.198 -0.041 -0.019
 0.243  0.065  0.263
 0.197 -0.056  0.049
 0.138 -0.186 -0.217
 0.178 -0.138 -0.156
 0.185 -0.157 -0.254
 0.230 -0.046 -0.084
 0.233  0.026  0.065
 0.114 -0.135 -0.206
 0.041 -0.208 -0.311
 0.031 -0.284 -0.406
 0.064 -0.226 -0.253
 0.257 -0.030  0.008
 0.356  0.053  0.060
 0.440  0.143 -0.026
 0.280 -0.119 -0.275
 0.260 -0.098 -0.191
 0.262 -0.014 -0.076
 0.307  0.146  0.219
 0.170  0.043 -0.106
-0.019 -0.271 -0.497
 0.014 -0.226 -0.427
 0.115 -0.159 -0.292
 0.201  0.013 -0.016
 0.335  0.280  0.181
 0.073 -0.094 -0.259
 0.073 -0.111 -0.260
 0.036 -0.172 -0.476
 0.042 -0.145 -0.418
 0.130  0.039 -0.086
 0.056 -0.005 -0.141
 0.072  0.006 -0.084
 0.042 -0.087 -0.313
 0.077 -0.072 -0.334
 0.189  0.082 -0.039
 0.258  0.165  0.135
 0.257  0.186 -0.091
 0.161  0.022 -0.147
 0.109  0.004 -0.121
 0.112  0.092  0.035
 0.212  0.300  0.445
 0.223  0.210  0.302
 0.097 -0.025 -0.122
 0.061 -0.090 -0.234
 0.066 -0.124 -0.321
 0.181  0.062  0.006
 0.261  0.216  0.318
 0.251  0.314  0.546
 0.261  0.284  0.494
 0.073 -0.014  0.000
-0.024 -0.132 -0.251
-0.016 -0.152 -0.307
-0.006 -0.194 -0.373
 0.014 -0.121 -0.243
 0.077  0.007  0.003
 0.224  0.183  0.158
 0.007 -0.165 -0.308
-0.000 -0.158 -0.302
-0.037 -0.174 -0.339
 0.031  0.066  0.148
 0.011  0.129  0.278
 0.013  0.163  0.340
 0.033  0.155  0.360
 0.027  0.101  0.240
 0.035  0.080  0.156
 0.006 -0.039 -0.140
-0.031 -0.118 -0.325
 0.061 -0.063 -0.230
 0.050 -0.012 -0.183
 0.101  0.130  0.113
 0.067  0.186  0.310
 0.189  0.265  0.259
 0.018  0.011 -0.015
-0.083 -0.102 -0.211
-0.081 -0.194 -0.375
-0.029 -0.151 -0.301
 0.042 -0.068 -0.137
 0.086  0.059  0.114
 0.219  0.221  0.152
-0.013 -0.088 -0.207
-0.017 -0.094 -0.242
-0.045 -0.143 -0.360
 0.017 -0.075 -0.222
 0.158  0.065  0.013
 0.252  0.204  0.274
 0.172  0.020 -0.097
 0.206  0.053 -0.039
 0.222  0.012 -0.141
 0.214  0.021 -0.120
 0.277  0.138  0.118
 0.299  0.248  0.367
 0.344  0.339  0.410
-0.020 -0.111 -0.225
-0.015 -0.144 -0.222
-0.119 -0.228 -0.360
-0.067 -0.152 -0.162
-0.067 -0.177 -0.202
-0.025 -0.032  0.122
 0.014 -0.004  0.127
-0.102 -0.143 -0.122
-0.160 -0.183 -0.195
-0.201 -0.247 -0.343
-0.122 -0.147 -0.230
-0.199 -0.257 -0.387
-0.090 -0.150 -0.201
-0.088 -0.130 -0.137
-0.054 -0.102 -0.102
-0.034 -0.120 -0.164
 0.007 -0.046 -0.036
-0.036 -0.079 -0.122
 0.013  0.022  0.112
 0.018 -0.008  0.033
 0.017  0.019  0.055
 0.007 -0.034 -0.025
-0.020 -0.082 -0.100
-0.015 -0.049 -0.051
 0.061  0.056  0.131
 0.229  0.241  0.398
 0.135  0.039  0.020
 0.123  0.059  0.063
 0.124  0.038 -0.018
 0.165  0.124  0.143
 0.273  0.344  0.462
 0.252  0.330  0.535
 0.222  0.258  0.355
 0.144  0.118  0.053
 0.171  0.113 -0.013
 0.230  0.212  0.246
 0.314  0.347  0.499
 0.218  0.200  0.184
 0.106  0.056 -0.099
 0.071  0.014 -0.193
 0.013 -0.030 -0.104
 0.007  0.084  0.223
-0.061 -0.005  0.121
-0.131 -0.118 -0.052
-0.125 -0.212 -0.193
-0.143 -0.214 -0.204
-0.002  0.058  0.119
-0.016  0.077  0.356
-0.058 -0.027  0.165
-0.108 -0.167 -0.138
-0.089 -0.137 -0.058
-0.038  0.009  0.230
-0.066  0.049  0.399
-0.021  0.024  0.332
-0.055 -0.114 -0.012
-0.043 -0.111 -0.078
 0.086  0.083  0.245
 0.133  0.203  0.499
 0.120  0.167  0.438
 0.015 -0.018  0.053
 0.013 -0.031  0.017
 0.047  0.064  0.264
 0.109  0.173  0.493
 0.041  0.093  0.328
 0.047 -0.010  0.109
 0.138  0.082  0.183
 0.202  0.163  0.263
 0.264  0.318  0.608
 0.179  0.206  0.366
 0.092  0.083  0.131
 0.092  0.073  0.103
 0.035  0.017  0.067
 0.066  0.214  0.343
-0.078  0.024  0.202
-0.164 -0.100 -0.001
-0.169 -0.180 -0.215
-0.121 -0.066  0.016
-0.015  0.061  0.209
-0.034  0.039  0.161
-0.112 -0.080 -0.078
-0.158 -0.161 -0.287
-0.090 -0.069 -0.082
-0.083 -0.015  0.042
-0.130 -0.037  0.074
-0.223 -0.156 -0.103
-0.235 -0.209 -0.164
-0.179 -0.129 -0.194
-0.148 -0.047  0.075
-0.090  0.053  0.228
-0.095 -0.047 -0.036
-0.074  0.007  0.066
-0.087 -0.057 -0.089
-0.129 -0.019  0.052
-0.137  0.023  0.105
-0.123  0.055  0.178
-0.115 -0.051 -0.052
-0.050  0.004  0.033
-0.057  0.006  0.029
-0.051  0.102  0.267
-0.065  0.037  0.122
-0.025 -0.032 -0.003
 0.046  0.079  0.034
-0.024 -0.063 -0.040
-0.012  0.069  0.231
 0.003  0.083  0.186
-0.040  0.067  0.030
 0.014  0.246  0.042
-0.138  0.093 -0.024
-0.079  0.237  0.306
-0.065  0.208  0.272
-0.165  0.071  0.023
-0.173 -0.005 -0.100
-0.203 -0.071 -0.195
-0.147  0.002  0.017
-0.096  0.067  0.192
-0.103  0.011  0.064
-0.188 -0.093 -0.124
-0.149 -0.061 -0.054
-0.151 -0.077 -0.099
-0.047  0.094  0.275
-0.062  0.047  0.134
-0.032 -0.023  0.008
-0.016 -0.040 -0.063
 0.001 -0.018 -0.010
 0.057  0.128  0.344
 0.065  0.172  0.377
 0.040  0.089  0.218
 0.084  0.100  0.201
 0.106  0.045  0.099
 0.129  0.127  0.290
 0.148  0.163  0.333
 0.149  0.148  0.286
 0.122  0.056  0.104
 0.148  0.086  0.131
 0.198  0.231  0.441
 0.185  0.242  0.471
 0.200  0.207  0.350
 0.300  0.294  0.233
 0.180  0.103  0.084
 0.228  0.230  0.369
 0.262  0.270  0.410
 0.280  0.176  0.145
 0.328  0.169 -0.035
 0.272  0.119  0.058
 0.248  0.218  0.363
 0.231  0.174  0.277
 0.156  0.038  0.042
 0.072 -0.067 -0.127
 0.006 -0.087 -0.159
 0.191  0.236  0.330
 0.064  0.031  0.169
-0.016 -0.073 -0.031
-0.092 -0.185 -0.284
-0.010 -0.032  0.054
 0.035  0.046  0.191
-0.033 -0.055  0.032
-0.054 -0.135 -0.216
-0.083 -0.176 -0.293
-0.045 -0.120 -0.120
 0.040  0.005  0.068
 0.073  0.109  0.296
 0.011 -0.066 -0.056
-0.013 -0.130 -0.211
 0.067 -0.013 -0.100
 0.102  0.026  0.079
 0.155  0.156  0.352
 0.067  0.001 -0.011
 0.141  0.063  0.032
 0.103  0.006 -0.114
 0.130  0.119  0.139
 0.209  0.221  0.407
 0.177  0.112  0.149
 0.038 -0.041 -0.084
 0.019 -0.092 -0.181
 0.076  0.050  0.080
 0.120  0.123  0.272
 0.126  0.101  0.177
 0.098 -0.015 -0.074
 0.087 -0.047 -0.166
 0.076 -0.012 -0.061
 0.145  0.168  0.320
 0.088  0.118  0.178
 0.083  0.041  0.047
 0.040 -0.078 -0.192
 0.022 -0.127 -0.310
 0.003 -0.110 -0.218
 0.085  0.023  0.059
 0.260  0.272  0.242
 0.024 -0.083 -0.161
-0.019 -0.123 -0.220
-0.053 -0.169 -0.346
-0.008 -0.083 -0.117
 0.036 -0.027 -0.016
 0.050  0.091  0.238
-0.006  0.012 -0.056
-0.142 -0.041 -0.196
-0.173  0.030 -0.216
-0.214 -0.013 -0.113
-0.201  0.013 -0.063
-0.220 -0.064 -0.205
-0.162 -0.072 -0.186
-0.071  0.088  0.191
-0.052  0.143  0.327
-0.051  0.121  0.291
-0.104 -0.055 -0.051
-0.137 -0.115 -0.204
-0.124 -0.105 -0.180
-0.096 -0.112 -0.207
-0.026 -0.060 -0.100
 0.012  0.055  0.138
 0.044  0.158  0.388
 0.109  0.126  0.262
 0.126  0.115  0.136
 0.087  0.004 -0.133
 0.134 -0.003 -0.154
 0.082 -0.039 -0.178
 0.146  0.034  0.059
 0.245  0.229  0.283
 0.237  0.287  0.507
 0.273  0.308  0.534
 0.180  0.112  0.142
 0.017 -0.114 -0.292
 0.136  0.051 -0.245
 0.055 -0.106 -0.340
 0.084 -0.002 -0.073
 0.057 -0.018 -0.049
-0.029 -0.110 -0.252
-0.038 -0.130 -0.346
-0.038 -0.129 -0.331
 0.009 -0.073 -0.218
 0.020  0.016  0.055
-0.015  0.031  0.194
 0.003 -0.035 -0.057
-0.140 -0.217 -0.315
-0.151 -0.216 -0.299
-0.193 -0.266 -0.433
-0.224 -0.236 -0.401
-0.228 -0.255 -0.501
-0.212 -0.187 -0.329
-0.206 -0.240 -0.432
-0.194 -0.215 -0.376
-0.214 -0.180 -0.323
-0.219 -0.183 -0.373
-0.259 -0.112 -0.339
-0.238 -0.074 -0.299
-0.218  0.052 -0.215
-0.264 -0.092 -0.283
-0.239 -0.063 -0.061
-0.158  0.017  0.106
-0.196  0.240  0.440
-0.212  0.371  0.600
-0.373  0.235  0.429
-0.425  0.103  0.274
-0.464 -0.111 -0.207
-0.355 -0.026 -0.192
-0.518 -0.197 -0.326
-0.303 -0.037  0.064
-0.122  0.072  0.270
-0.058  0.052  0.217
-0.163 -0.131 -0.126
-0.343 -0.242 -0.356
-0.589 -0.382 -0.673
-0.537 -0.322 -0.526
-0.444 -0.103 -0.343
-0.474 -0.216 -0.260
-0.310 -0.035  0.180
-0.282 -0.061  0.074
-0.295 -0.166 -0.177
-0.385 -0.137 -0.200
-0.582 -0.089 -0.123
-0.554 -0.045  0.063
-0.481 -0.000  0.158
-0.503  0.090  0.239
-0.320  0.205  0.477
-0.152  0.242  0.546
-0.337  0.063  0.214
-0.515  0.140  0.333
-0.472  0.202  0.440
-0.432  0.264  0.514
-0.400  0.222  0.410
-0.233  0.297  0.635
-0.077  0.499  0.757
-0.134  0.266  0.608
-0.062  0.175  0.453
-0.094  0.061  0.094
-0.039  0.063  0.052
 0.026  0.033  0.016
-0.011  0.020 -0.035
 0.107  0.424  0.507
-0.172  0.281  0.493
-0.338  0.292  0.463
-0.436  0.291  0.400
-0.336  0.603  0.955
-0.229  0.800  1.152
-0.040  0.848  1.289
 0.036  0.672  1.130
-0.158  0.382  0.683
-0.264  0.234  0.338
-0.254  0.151  0.320
-0.110  0.324  0.719
-0.188  0.303  0.727
-0.138  0.328  0.735
-0.109  0.287  0.562
-0.189  0.152  0.275
 0.067  0.322  0.581
-0.066  0.110  0.590
-0.184 -0.054  0.348
-0.176 -0.170  0.183
-0.222 -0.167  0.230
-0.470 -0.197  0.187
-0.382  0.059  0.666
-0.309  0.207  0.859
-0.268  0.186  0.810
-0.210  0.053  0.565
-0.339 -0.144  0.229
-0.610 -0.066  0.263
-0.647 -0.056  0.184
-0.511  0.073  0.432
-0.412  0.063  0.396
-0.347 -0.099  0.114
-0.151  0.003  0.058
-0.224 -0.235 -0.200
-0.143 -0.216 -0.146
 0.028 -0.087  0.158
 0.021 -0.111  0.114
-0.026 -0.270 -0.197
 0.071 -0.230 -0.120
 0.069 -0.300 -0.280
 0.167 -0.189 -0.023
 0.244 -0.118  0.076
 0.120 -0.293 -0.289
 0.127 -0.338 -0.347
 0.160 -0.372 -0.404
 0.152 -0.331 -0.334
 0.211 -0.231 -0.130
 0.304 -0.062  0.133
 0.256 -0.177  0.021
 0.173 -0.302 -0.222
 0.171 -0.406 -0.471
 0.168 -0.330 -0.345
 0.250 -0.248 -0.243
 0.199 -0.278 -0.412
 0.341 -0.234 -0.313
 0.442 -0.205 -0.223
 0.341 -0.232 -0.285
 0.367 -0.154 -0.120
 0.315 -0.055  0.062
 0.266 -0.202 -0.295
 0.263 -0.197 -0.316
 0.259 -0.251 -0.450
 0.364 -0.126 -0.168
 0.400 -0.071 -0.047
 0.330 -0.207 -0.336
 0.337 -0.236 -0.411
 0.330 -0.267 -0.516
 0.395 -0.148 -0.234
 0.454 -0.068 -0.122
 0.412 -0.095 -0.237
 0.400 -0.155 -0.390
 0.410 -0.181 -0.501
 0.468 -0.093 -0.322
 0.490 -0.020 -0.194
 0.527 -0.036 -0.214
 0.449 -0.126 -0.424
 0.416 -0.125 -0.400
 0.389 -0.159 -0.432
 0.402 -0.059 -0.161
 0.256 -0.234 -0.478
 0.159 -0.285 -0.516
 0.133 -0.363 -0.664
 0.164 -0.239 -0.434
 0.300 -0.101 -0.204
 0.281 -0.082 -0.162
 0.223 -0.170 -0.387
 0.259 -0.197 -0.481
 0.275 -0.162 -0.507
 0.335 -0.089 -0.311
 0.351  0.052 -0.012
 0.375 -0.002 -0.107
 0.314 -0.050 -0.215
 0.264 -0.140 -0.410
 0.263 -0.114 -0.363
 0.280  0.003 -0.120
 0.257  0.037 -0.013
 0.183 -0.062 -0.234
 0.120 -0.163 -0.484
 0.198 -0.085 -0.316
 0.192 -0.081 -0.357
 0.265  0.108 -0.010
 0.333  0.160  0.062
 0.311  0.028 -0.205
 0.365  0.031 -0.338
 0.330 -0.009 -0.374
 0.371  0.063 -0.169
 0.480  0.185  0.048
 0.504  0.198  0.060
 0.406  0.059 -0.236
 0.379  0.009 -0.379
 0.518  0.152 -0.276
 0.472  0.157 -0.068
 0.478  0.300  0.230
 0.474  0.257  0.117
 0.358  0.115 -0.148
 0.228 -0.026 -0.422
 0.204 -0.062 -0.473
 0.173 -0.102 -0.546
 0.225 -0.028 -0.345
 0.204  0.095 -0.032
 0.197  0.027 -0.192
 0.100 -0.121 -0.461
 0.113 -0.117 -0.556
 0.013 -0.178 -0.502
-0.006 -0.076 -0.256
 0.008 -0.094 -0.316
-0.046 -0.156 -0.438
-0.036 -0.175 -0.464
-0.056 -0.200 -0.490
-0.050 -0.138 -0.418
-0.114 -0.147 -0.269
-0.109 -0.151 -0.254
-0.088 -0.180 -0.382
-0.042 -0.112 -0.300
 0.019 -0.053 -0.211
-0.026  0.005 -0.049
-0.100 -0.023 -0.102
-0.119 -0.082 -0.240
-0.061  0.010 -0.286
-0.073 -0.066 -0.211
-0.055  0.047  0.031
 0.024  0.115  0.132
 0.082  0.096  0.062
 0.099  0.029 -0.143
 0.095 -0.005 -0.237
 0.165  0.083 -0.041
 0.196  0.164  0.129
 0.157  0.129  0.094
 0.108  0.050 -0.205
 0.054 -0.064 -0.315
 0.133  0.013 -0.194
 0.132  0.030 -0.117
 0.207  0.160  0.107
 0.161  0.054 -0.104
 0.132  0.040 -0.097
 0.054 -0.060 -0.297
 0.027  0.007 -0.091
-0.027  0.037  0.018
-0.073 -0.041 -0.091
-0.064 -0.061 -0.156
-0.115 -0.093 -0.199
-0.199  0.046 -0.104
-0.202  0.094  0.211
-0.135  0.059  0.142
-0.201 -0.052 -0.105
-0.310 -0.106 -0.261
-0.308 -0.101 -0.270
-0.226  0.061  0.137
-0.141  0.029  0.071
-0.189 -0.050 -0.159
-0.283 -0.105 -0.346
-0.209 -0.048 -0.196
-0.148  0.087 -0.021
 0.090  0.154  0.256
 0.150  0.124  0.219
 0.105  0.077  0.100
-0.085  0.036  0.057
-0.173 -0.008  0.024
-0.117  0.025  0.075
-0.059 -0.053 -0.083
-0.119 -0.113 -0.307
-0.115 -0.090 -0.266
-0.030  0.056  0.066
-0.022  0.146  0.009
 0.072  0.011 -0.071
 0.198 -0.000 -0.074
 0.185 -0.018 -0.052
 0.196  0.142  0.277
 0.162  0.145  0.255
 0.058  0.087  0.162
-0.032 -0.056 -0.045
-0.070 -0.101 -0.093
-0.116 -0.092  0.017
-0.153 -0.117  0.024
-0.185 -0.197 -0.166
-0.092 -0.188 -0.170
 0.018  0.014  0.009
-0.112 -0.108  0.008
-0.057 -0.052  0.112
-0.096 -0.159 -0.199
-0.056 -0.120 -0.181
 0.013 -0.084 -0.086
 0.045  0.077  0.297
 0.011  0.094  0.347
-0.084 -0.035  0.118
-0.048 -0.005 -0.003
-0.093 -0.130 -0.118
-0.088 -0.129 -0.103
-0.039 -0.083 -0.081
 0.031 -0.007  0.043
 0.035 -0.035 -0.066
 0.101  0.002 -0.041
 0.216  0.246  0.348
 0.193  0.278  0.384
 0.165  0.203  0.249
 0.129  0.106 -0.047
 0.209  0.174  0.067
 0.252  0.155 -0.010
 0.331  0.316  0.384
 0.310  0.263  0.280
 0.180  0.076 -0.045
 0.130  0.004 -0.165
 0.126 -0.026 -0.216
 0.211  0.134  0.087
 0.199  0.166  0.295
 0.200  0.207  0.382
 0.006 -0.034 -0.033
-0.060 -0.063 -0.027
-0.143 -0.148 -0.238
-0.147 -0.084 -0.086
-0.071  0.011  0.116
-0.118 -0.046  0.086
-0.148 -0.121 -0.069
-0.222 -0.232 -0.280
-0.088 -0.121 -0.226
-0.219 -0.240 -0.228
-0.206 -0.115 -0.018
-0.147 -0.061  0.161
-0.129 -0.060  0.079
-0.113 -0.112 -0.116
-0.086 -0.054  0.012
-0.088 -0.075 -0.081
-0.075 -0.011  0.073
-0.006  0.125  0.322
-0.071 -0.021  0.056
-0.067 -0.041 -0.012
-0.080 -0.073 -0.082
-0.051 -0.048 -0.049
 0.001  0.012  0.072
 0.042  0.157  0.362
 0.094  0.137  0.254
 0.133  0.110  0.032
 0.173  0.116 -0.033
 0.225  0.124 -0.071
 0.377  0.356  0.169
 0.324  0.332  0.405
 0.280  0.313  0.381
 0.227  0.176  0.095
 0.246  0.191  0.148
 0.228  0.119  0.050
 0.159  0.077  0.025
 0.143  0.128  0.166
 0.092  0.035  0.041
 0.119  0.089 -0.076
-0.017 -0.104 -0.167
-0.096 -0.124 -0.178
-0.089 -0.085 -0.075
-0.061  0.074  0.292
-0.100 -0.004  0.101
-0.232 -0.171 -0.173
-0.200 -0.152 -0.157
-0.206 -0.203 -0.236
-0.147 -0.156 -0.215
-0.246 -0.236 -0.445
-0.263 -0.239 -0.468
-0.205 -0.188 -0.371
-0.185 -0.101 -0.232
-0.189 -0.190 -0.456
-0.129 -0.174 -0.451
-0.015 -0.041 -0.372
-0.015  0.000 -0.125
 0.005  0.070  0.016
-0.001 -0.005 -0.167
 0.045  0.025 -0.048
 0.099  0.102  0.153
 0.096  0.182  0.381
 0.141  0.303  0.679
 0.231  0.307  0.653
 0.188  0.164  0.375
 0.297  0.290  0.319
 0.222  0.119  0.173
 0.313  0.249  0.274
 0.247  0.275  0.478
 0.216  0.211  0.322
 0.208  0.109  0.164
 0.168  0.093  0.121
 0.126  0.068  0.041
 0.199  0.248  0.446
 0.201  0.182  0.305
 0.124  0.039  0.019
 0.092  0.014 -0.029
 0.041 -0.028 -0.086
 0.110  0.102  0.111
 0.020  0.041  0.094
-0.073  0.003 -0.001
-0.160  0.002 -0.031
-0.149  0.123  0.185
-0.066  0.246  0.374
-0.147  0.179  0.353
-0.264  0.017  0.073
-0.301 -0.075 -0.060
-0.274 -0.042  0.006
-0.248 -0.047  0.006
-0.208  0.087  0.291
-0.190  0.023  0.151
-0.271 -0.128 -0.086
-0.261 -0.149 -0.196
-0.273 -0.134 -0.071
-0.202  0.052  0.286
-0.158  0.023  0.192
-0.126 -0.030  0.049
-0.110 -0.026  0.063
-0.081 -0.039  0.060
 0.019  0.101  0.296
-0.041  0.077  0.291
-0.110 -0.004  0.131
-0.100 -0.079  0.006
-0.074 -0.051  0.054
 0.017  0.041  0.163
 0.082  0.188  0.415
 0.042  0.060  0.088
 0.060 -0.005 -0.041
 0.013 -0.046 -0.073
-0.004 -0.070 -0.122
 0.045  0.021  0.097
 0.027 -0.010  0.064
-0.061 -0.139 -0.147
-0.092 -0.210 -0.263
 0.045 -0.030 -0.223
-0.033 -0.139 -0.198
 0.099  0.072  0.163
 0.086  0.115  0.228
 0.223  0.273  0.537
 0.119  0.056  0.082
-0.026 -0.138 -0.207
-0.086 -0.185 -0.346
-0.114 -0.202 -0.366
-0.029 -0.064 -0.086
 0.047  0.034  0.143
 0.039  0.083  0.242
 0.003 -0.063 -0.089
-0.015 -0.122 -0.220
-0.047 -0.155 -0.293
 0.006 -0.093 -0.215
 0.028  0.037  0.059
 0.100  0.078  0.169
 0.063  0.000 -0.022
-0.004 -0.062 -0.098
-0.036 -0.063 -0.082
-0.064 -0.063 -0.043
-0.029  0.072  0.288
-0.023  0.081  0.315
-0.056 -0.027  0.119
-0.043 -0.067 -0.055
-0.011 -0.080 -0.159
 0.144  0.147  0.051
 0.112  0.109  0.198
 0.198  0.258  0.431
 0.174  0.118  0.120
 0.209  0.155  0.159
 0.211  0.084 -0.035
 0.246  0.127  0.072
 0.281  0.159  0.106
 0.297  0.184  0.151
 0.234  0.076 -0.043
 0.170 -0.003 -0.201
 0.127 -0.041 -0.156
 0.076 -0.016 -0.052
 0.092  0.035  0.085
-0.034 -0.132 -0.205
-0.025 -0.100 -0.114
-0.049 -0.149 -0.223
-0.009 -0.067 -0.028
 0.013  0.017  0.152
-0.074 -0.132 -0.099
-0.061 -0.100 -0.058
-0.064 -0.148 -0.180
-0.063 -0.114 -0.096
-0.020  0.034  0.173
-0.087 -0.065  0.019
-0.109 -0.057  0.013
-0.145 -0.108 -0.093
-0.127 -0.033  0.046
-0.086  0.044  0.164
-0.081  0.014  0.102
-0.075  0.003  0.066
-0.046 -0.011 -0.017
 0.028  0.085  0.146
 0.087  0.143  0.205
 0.163  0.260  0.490
 0.101  0.100  0.170
 0.096  0.086  0.168
 0.056  0.022  0.069
 0.067  0.078  0.190
 0.084  0.157  0.335
 0.110  0.107  0.213
 0.125  0.071  0.121
 0.092  0.001 -0.047
 0.148  0.072  0.108
 0.247  0.310  0.341
 0.094  0.096  0.202
 0.075  0.023  0.125
-0.058 -0.134 -0.154
-0.049 -0.130 -0.178
 0.013 -0.020 -0.001
 0.065  0.071  0.158
-0.020 -0.035 -0.007
-0.092 -0.139 -0.197
-0.055 -0.107 -0.147
 0.069  0.099  0.123
 0.058  0.088  0.252
 0.017  0.041  0.157
-0.089 -0.111 -0.141
-0.115 -0.103 -0.107
-0.071 -0.042  0.005
-0.013  0.095  0.268
-0.013  0.070  0.166
-0.083 -0.043 -0.009
-0.075 -0.005  0.070
-0.059  0.009  0.050
 0.013  0.146  0.321
 0.155  0.347  0.390
-0.011  0.066  0.100
-0.054  0.029  0.058
-0.054  0.022  0.048
 0.017  0.198  0.403
 0.037  0.174  0.330
-0.061  0.019  0.047
-0.125 -0.058 -0.080
-0.129 -0.061 -0.053
-0.038  0.115  0.270
-0.021  0.122  0.302
-0.007  0.078  0.244
-0.030 -0.037 -0.053
 0.027  0.035  0.073
 0.108  0.156  0.266
 0.149  0.234  0.443
-0.008 -0.001  0.040
-0.115 -0.141 -0.217
-0.160 -0.179 -0.262
-0.107 -0.102 -0.099
-0.002  0.118  0.254
 0.015  0.145  0.314
-0.016  0.047  0.119
-0.098 -0.131 -0.199
-0.117 -0.130 -0.179
-0.152 -0.177 -0.300
-0.132 -0.059  0.012
-0.087  0.028  0.150
-0.196 -0.046  0.062
-0.239 -0.186 -0.177
-0.358 -0.308 -0.396
-0.307 -0.262 -0.325
-0.271 -0.214 -0.257
-0.185 -0.077 -0.027
-0.136  0.037  0.208
-0.065  0.116  0.281
-0.099 -0.005  0.062
-0.087 -0.045 -0.062
-0.101 -0.074 -0.170
-0.033 -0.012 -0.119
 0.027  0.040 -0.046
 0.042  0.108  0.092
 0.084  0.184  0.264
 0.064  0.123  0.132
-0.002 -0.013 -0.103
 0.063  0.023 -0.148
 0.093  0.032 -0.068
 0.069  0.122  0.172
 0.092  0.156  0.230
 0.081  0.110  0.158
 0.038 -0.005 -0.160
 0.006 -0.044 -0.170
-0.017 -0.091 -0.265
 0.056  0.013 -0.078
 0.083  0.085  0.113
 0.079  0.138  0.271
 0.056 -0.008 -0.078
 0.049 -0.010 -0.078
 0.005 -0.076 -0.240
 0.003 -0.048 -0.160
-0.048 -0.122 -0.325
-0.057 -0.104 -0.234
-0.067 -0.144 -0.304
-0.095 -0.159 -0.340
 0.007 -0.061 -0.136
 0.050  0.027  0.048
 0.172  0.260  0.269
 0.056  0.319  0.470
-0.016  0.388  0.498
-0.086  0.283  0.252
-0.072  0.262  0.210
-0.040  0.245  0.180
-0.042  0.209  0.157
-0.053  0.231  0.223
-0.007  0.352  0.523
 0.027  0.313  0.422
-0.053  0.122  0.103
-0.038  0.110 -0.045
-0.103  0.030 -0.056
-0.061  0.064  0.027
-0.019  0.083  0.045
 0.030  0.229  0.386
 0.106  0.291  0.458
 0.107  0.195  0.299
 0.148  0.157  0.066
 0.099  0.051 -0.003
 0.063  0.019 -0.051
 0.086 -0.007 -0.109
 0.103  0.043 -0.000
 0.101 -0.005 -0.123
 0.095 -0.029 -0.167
 0.099 -0.009 -0.107
 0.043 -0.067 -0.196
 0.104  0.058  0.117
 0.156  0.125  0.260
 0.131  0.078  0.150
 0.008 -0.137 -0.234
-0.067 -0.195 -0.319
-0.095 -0.226 -0.347
-0.129 -0.262 -0.399
-0.108 -0.221 -0.317
-0.092 -0.150 -0.148
-0.048 -0.059  0.074
-0.083 -0.164 -0.127
-0.086 -0.196 -0.218
-0.094 -0.248 -0.363
-0.130 -0.287 -0.406
-0.077 -0.217 -0.367
-0.090 -0.160 -0.090
-0.045 -0.044  0.177
-0.134 -0.177 -0.053
-0.212 -0.234 -0.121
-0.208 -0.287 -0.252
-0.234 -0.321 -0.326
-0.200 -0.256 -0.237
-0.081 -0.108  0.018
-0.035 -0.079  0.016
-0.045 -0.145 -0.165
-0.000 -0.061 -0.024
 0.012 -0.087 -0.131
 0.010 -0.049 -0.101
 0.050 -0.036 -0.071
 0.062  0.014  0.079
 0.034 -0.101 -0.203
 0.060 -0.070 -0.129
 0.043 -0.131 -0.250
 0.035 -0.154 -0.251
 0.097 -0.035 -0.030
 0.062 -0.091 -0.132
-0.013 -0.152 -0.228
-0.099 -0.211 -0.317
-0.169 -0.210 -0.250
-0.145 -0.167 -0.150
 0.042  0.033  0.281
-0.026 -0.107 -0.096
-0.037 -0.082 -0.137
-0.047 -0.126 -0.282
-0.038 -0.123 -0.264
-0.021 -0.034 -0.126
-0.026 -0.013 -0.082
-0.048 -0.008 -0.175
-0.161 -0.147 -0.353
-0.139 -0.126 -0.268
-0.190 -0.156 -0.373
-0.148 -0.045 -0.103
-0.108 -0.046 -0.072
-0.128 -0.054 -0.145
-0.127 -0.139 -0.300
-0.072 -0.152 -0.249
 0.030  0.082 -0.068
-0.139 -0.042 -0.077
-0.109 -0.048 -0.013
-0.069 -0.054 -0.153
-0.064 -0.001 -0.140
 0.033  0.062  0.070
 0.198  0.229  0.464
 0.077  0.091  0.162
 0.032 -0.024 -0.047
 0.053  0.109 -0.132
-0.034  0.059 -0.037
 0.173  0.280  0.450
 0.295  0.328  0.478
 0.246  0.192  0.099
 0.260  0.130 -0.024
 0.292  0.140  0.012
 0.309  0.317  0.362
 0.359  0.342  0.430
 0.257  0.140  0.044
 0.185  0.081 -0.097
 0.148  0.050 -0.035
 0.231  0.206  0.338
 0.123  0.178  0.304
 0.032  0.057  0.128
-0.017 -0.129 -0.202
-0.065 -0.146 -0.261
 0.011 -0.002 -0.010
 0.087  0.076  0.214
 0.053  0.118 -0.006
-0.126 -0.152 -0.264
-0.056 -0.133 -0.200
-0.087 -0.116 -0.130
-0.084 -0.016 -0.007
-0.143 -0.129 -0.103
-0.185 -0.183 -0.211
-0.207 -0.196 -0.315
-0.084 -0.024  0.075
-0.039  0.068  0.192
-0.083 -0.017 -0.045
 0.085  0.155  0.021
-0.002 -0.012 -0.094
-0.019  0.079  0.133
 0.018  0.112  0.243
 0.002  0.083  0.185
-0.043  0.001 -0.061
 0.004  0.025  0.038
 0.033  0.086  0.193
-0.016  0.119  0.236
-0.011  0.046  0.099
-0.008 -0.013  0.004
-0.029 -0.027 -0.053
 0.023 -0.020 -0.063
 0.110  0.074  0.143
 0.110  0.110  0.175
 0.108  0.041  0.043
 0.148  0.008  0.007
 0.185  0.108  0.049
 0.118  0.014 -0.022
 0.159  0.117  0.222
 0.119  0.027  0.050
 0.044 -0.024 -0.033
 0.056 -0.086 -0.173
 0.057 -0.037 -0.095
 0.043 -0.026 -0.056
 0.085  0.078  0.194
 0.112  0.073  0.199
-0.022 -0.108 -0.101
 0.041 -0.017 -0.040
-0.073 -0.157 -0.191
-0.004 -0.067 -0.176
-0.070 -0.103 -0.031
-0.059 -0.010  0.184
-0.100  0.001  0.189
-0.109 -0.023  0.178
-0.128 -0.129 -0.132
-0.151 -0.149 -0.222
-0.083 -0.075 -0.077
-0.105 -0.113 -0.125
-0.072  0.021  0.057
-0.059  0.059  0.211
 0.011  0.126  0.275
-0.049  0.047  0.032
-0.041  0.041  0.058
-0.043  0.009 -0.030
-0.041  0.040  0.010
-0.002  0.056  0.040
 0.004  0.174  0.361
-0.014  0.180  0.354
 0.005  0.118  0.245
 0.011  0.042  0.060
 0.044  0.028 -0.030
 0.036  0.023 -0.001
 0.017  0.025  0.023
 0.025  0.135  0.280
 0.041  0.093  0.173
 0.036  0.023  0.010
 0.007 -0.039 -0.115
 0.014 -0.062 -0.163
-0.003 -0.046 -0.105
 0.029  0.018 -0.011
 0.041  0.044 -0.018
-0.082 -0.097 -0.242
-0.099 -0.085 -0.193
-0.103 -0.098 -0.200
-0.023  0.052  0.158
-0.013  0.032  0.094
-0.099 -0.120 -0.160
-0.101 -0.141 -0.163
-0.146 -0.203 -0.334
-0.137 -0.153 -0.265
-0.062 -0.095 -0.147
-0.039 -0.020  0.040
-0.167 -0.157 -0.250
-0.228 -0.213 -0.382
-0.202 -0.178 -0.359
-0.171 -0.152 -0.261
-0.167 -0.116 -0.137
-0.126 -0.126 -0.204
-0.082 -0.081 -0.173
-0.045 -0.086 -0.251
-0.046 -0.043 -0.165
-0.063 -0.046 -0.134
-0.084 -0.027 -0.035
-0.039  0.062 -0.061
-0.032 -0.057 -0.173
 0.038  0.014 -0.055
 0.049  0.030 -0.004
-0.004  0.079  0.134
-0.030 -0.012 -0.060
-0.022 -0.016 -0.087
-0.022 -0.009 -0.093
-0.001  0.033  0.037
 0.035  0.152  0.239
-0.005  0.023 -0.019
 0.013 -0.000 -0.112
 0.024 -0.018 -0.096
 0.055  0.072  0.119
 0.085  0.118  0.231
 0.109  0.208  0.466
 0.295  0.314  0.295
 0.018 -0.052 -0.069
-0.013 -0.063 -0.038
-0.061 -0.111 -0.203
-0.062 -0.089 -0.097
-0.045 -0.045 -0.066
-0.054  0.043  0.198
-0.014  0.122  0.272
-0.140  0.095  0.197
-0.202  0.119  0.079
-0.179  0.154  0.156
-0.109  0.186  0.278
-0.066  0.142  0.189
-0.060  0.095  0.145
-0.166  0.053  0.142
-0.275  0.154  0.304
-0.321  0.338  0.778
-0.331  0.306  0.781
-0.356  0.154  0.546
-0.353  0.026  0.365
-0.343 -0.055  0.252
-0.287 -0.014  0.271
-0.296 -0.095  0.319
-0.278 -0.113  0.332
-0.335 -0.273  0.048
-0.289 -0.250  0.099
-0.264 -0.313 -0.031
-0.248 -0.277  0.078
-0.175 -0.201  0.220
-0.185 -0.295 -0.022
-0.096 -0.229  0.030
-0.082 -0.269 -0.119
-0.043 -0.263 -0.150
-0.022 -0.191 -0.051
 0.048 -0.115  0.075
 0.015 -0.181 -0.142
 0.004 -0.226 -0.266
 0.019 -0.207 -0.254
 0.021 -0.194 -0.171
 0.040 -0.101  0.063
-0.071 -0.241 -0.143
-0.055 -0.241 -0.152
-0.047 -0.292 -0.293
-0.058 -0.305 -0.254
 0.062 -0.029  0.069
-0.094 -0.251 -0.087
-0.112 -0.302 -0.204
-0.110 -0.355 -0.349
-0.106 -0.312 -0.287
-0.075 -0.233 -0.158
-0.079 -0.159 -0.035
-0.068 -0.112 -0.158
-0.056 -0.227 -0.235
-0.016 -0.169 -0.206
-0.031 -0.115 -0.145
 0.028  0.011 -0.019
-0.074 -0.097 -0.051
-0.062 -0.120 -0.123
-0.015 -0.128 -0.196
 0.051 -0.039 -0.057
 0.086 -0.000 -0.004
 0.111  0.075  0.161
 0.070 -0.007 -0.006
-0.012 -0.121 -0.190
 0.056 -0.079 -0.205
 0.093 -0.045 -0.164
 0.166  0.092  0.072
 0.110  0.021 -0.087
 0.135  0.036  0.028
 0.096 -0.049 -0.181
 0.087 -0.054 -0.213
 0.001 -0.107 -0.196
-0.016 -0.086 -0.131
-0.021 -0.120 -0.191
-0.062 -0.197 -0.389
 0.004 -0.105 -0.208
 0.034 -0.088 -0.200
 0.084  0.041  0.048
 0.023 -0.038 -0.115
-0.027 -0.089 -0.166
-0.086 -0.165 -0.297
-0.121 -0.143 -0.213
-0.114 -0.096 -0.154
-0.086 -0.070 -0.031
-0.131 -0.144 -0.185
-0.130 -0.187 -0.284
-0.031 -0.043 -0.225
-0.208 -0.092 -0.178
-0.204 -0.092  0.038
-0.213 -0.127 -0.073
-0.229 -0.197 -0.244
-0.158 -0.170 -0.286
-0.116 -0.129 -0.178
-0.048  0.040  0.128
-0.025  0.080  0.129
-0.038  0.010  0.004
-0.005  0.010 -0.065
 0.038  0.033 -0.081
 0.072  0.107  0.027
 0.075  0.175  0.215
 0.091  0.150  0.169
 0.076  0.044 -0.035
 0.100  0.079  0.006
 0.128  0.176  0.152
 0.150  0.260  0.300
 0.201  0.223  0.196
 0.205  0.150 -0.034
 0.223  0.180  0.058
 0.270  0.219  0.123
 0.376  0.368  0.390
 0.322  0.283  0.215
 0.236  0.115 -0.074
 0.223  0.090 -0.133
 0.289  0.109 -0.060
 0.314  0.231  0.298
 0.251  0.152  0.183
 0.138  0.070  0.091
 0.060 -0.027 -0.075
 0.010  0.045  0.101
 0.031  0.109  0.213
-0.067 -0.003  0.046
-0.055 -0.047 -0.036
-0.065 -0.064 -0.094
-0.076 -0.001 -0.008
-0.049  0.078  0.164
-0.077  0.075  0.164
-0.098 -0.008 -0.055
-0.139 -0.050 -0.172
-0.096  0.070  0.038
-0.055  0.146  0.196
-0.077  0.066  0.069
-0.085 -0.015 -0.070
-0.067  0.016 -0.014
-0.035  0.063  0.048
 0.003  0.208  0.338
 0.041  0.143  0.189
 0.021  0.114  0.092
-0.020  0.067 -0.048
 0.069  0.106  0.040
 0.059  0.171  0.159
 0.051  0.157  0.045
 0.089  0.103  0.009
 0.105  0.073 -0.035
 0.066  0.088 -0.003
 0.168  0.180  0.249
 0.115  0.084  0.083
-0.030 -0.040 -0.205
 0.021  0.029 -0.179
-0.148  0.038  0.072
-0.271  0.166  0.249
-0.335  0.037  0.105
-0.309 -0.050 -0.006
-0.363 -0.099 -0.165
-0.365 -0.142 -0.202
-0.063  0.155  0.171
-0.221  0.041  0.146
-0.161  0.071  0.218
-0.095 -0.054  0.005
-0.139 -0.053 -0.066
-0.144 -0.107 -0.203
-0.045 -0.049  0.042
-0.037  0.029  0.101
-0.146 -0.075 -0.084
-0.089 -0.142 -0.120
-0.202 -0.220 -0.259
-0.228 -0.202 -0.316
 0.006 -0.031  0.049
 0.072  0.054  0.132
-0.017 -0.048 -0.141
 0.162  0.111  0.030
 0.130  0.031 -0.034
 0.141  0.127  0.025
 0.191  0.184  0.275
 0.192  0.180  0.275
 0.065  0.030 -0.115
 0.105  0.036 -0.104
 0.262  0.249  0.155
 0.120  0.162  0.179
 0.164  0.152  0.189
 0.215  0.111  0.112
 0.178  0.121  0.071
 0.184  0.088  0.058
 0.258  0.207  0.354
 0.203  0.145  0.070
 0.185  0.106  0.030
 0.210  0.076  0.013
 0.120  0.013 -0.145
 0.097  0.059 -0.076
 0.176  0.128  0.175
 0.086  0.027 -0.079
-0.021 -0.068 -0.228
 0.022 -0.079 -0.176
 0.003 -0.100 -0.169
 0.011 -0.024 -0.002
 0.088 -0.013  0.072
 0.036 -0.058 -0.027
-0.033 -0.159 -0.295
 0.037 -0.063 -0.082
 0.101  0.014  0.051
 0.044  0.015  0.064
 0.003 -0.069 -0.103
 0.005 -0.086 -0.152
 0.021 -0.042 -0.169
 0.050  0.036  0.034
 0.145  0.186  0.388
 0.102  0.114  0.170
 0.057 -0.014 -0.022
 0.086 -0.011  0.027
 0.018 -0.057 -0.071
 0.026 -0.026  0.041
 0.116  0.097  0.269
 0.205  0.330  0.396
 0.102  0.059  0.118
 0.183  0.071  0.094
-0.005  0.065  0.018
-0.069  0.202  0.338
-0.013  0.358  0.652
-0.170  0.361  0.571
-0.164  0.352  0.317
-0.118  0.293  0.356
-0.203  0.265  0.244
-0.096  0.332  0.415
 0.027  0.471  0.794
-0.165  0.265  0.427
-0.376  0.021  0.175
-0.311  0.075  0.247
-0.473 -0.149 -0.024
-0.303  0.006  0.335
-0.165  0.062  0.464
-0.098  0.088  0.428
-0.090  0.004  0.097
-0.245 -0.172 -0.035
-0.466 -0.144  0.062
-0.520 -0.052  0.123
-0.338  0.105  0.462
-0.241  0.167  0.526
-0.168  0.290  0.798
 0.002  0.289  0.762
-0.172  0.057  0.363
-0.118  0.100  0.153
-0.191 -0.094  0.039
-0.380 -0.101  0.049
-0.569 -0.022  0.212
-0.508  0.152  0.577
-0.492  0.086  0.357
-0.436  0.026  0.199
-0.341 -0.067  0.016
-0.234 -0.075 -0.018
-0.136 -0.029  0.013
-0.027  0.074  0.219
-0.016  0.062  0.235
-0.089 -0.080 -0.066
-0.279 -0.092 -0.030
-0.564 -0.122 -0.033
-0.654  0.040  0.001
-0.638  0.038  0.273
-0.451  0.166  0.451
-0.434  0.015  0.085
-0.368 -0.055  0.035
-0.306 -0.138 -0.135
-0.313 -0.191 -0.195
-0.192 -0.150 -0.136
-0.061 -0.021  0.161
-0.019 -0.071 -0.012
-0.037 -0.143 -0.163
-0.050 -0.271 -0.382
-0.098 -0.335 -0.541
-0.010 -0.278 -0.427
 0.059 -0.200 -0.234
 0.175 -0.073 -0.239
 0.025 -0.320 -0.479
 0.084 -0.241 -0.408
 0.022 -0.276 -0.517
 0.046 -0.227 -0.430
 0.099 -0.190 -0.342
 0.162 -0.171 -0.424
 0.097 -0.234 -0.454
 0.122 -0.241 -0.451
 0.122 -0.270 -0.439
 0.134 -0.209 -0.310
 0.109 -0.243 -0.364
 0.148 -0.231 -0.307
 0.166 -0.235 -0.354
 0.201 -0.150 -0.196
 0.201 -0.159 -0.219
 0.190 -0.109 -0.128
 0.188 -0.154 -0.226
 0.200 -0.156 -0.298
 0.255 -0.091 -0.339
 0.280 -0.077 -0.207
 0.364  0.080  0.102
 0.370  0.047 -0.009
 0.444  0.050 -0.061
 0.429  0.023 -0.137
 0.392 -0.021 -0.201
 0.480  0.071 -0.094
 0.450  0.091  0.114
 0.408  0.072  0.098
 0.327 -0.080 -0.176
 0.299 -0.111 -0.240
 0.280 -0.118 -0.273
 0.315 -0.022 -0.081
 0.345  0.038  0.025
 0.240 -0.094 -0.194
 0.185 -0.105 -0.172
 0.162 -0.164 -0.272
 0.172 -0.071 -0.091
 0.163 -0.005 -0.000
 0.033 -0.159 -0.201
-0.033 -0.216 -0.382
-0.018 -0.218 -0.428
-0.005 -0.155 -0.322
 0.052 -0.066 -0.183
 0.082  0.064  0.086
 0.078 -0.040 -0.158
 0.078 -0.041 -0.178
 0.076 -0.059 -0.215
 0.108 -0.034 -0.165
 0.172  0.069  0.004
 0.137  0.025 -0.018
 0.187  0.089 -0.098
 0.085 -0.130 -0.284
 0.082 -0.119 -0.307
 0.152 -0.026 -0.089
 0.163  0.068  0.100
 0.141 -0.041 -0.122
 0.143 -0.016 -0.110
 0.069 -0.092 -0.309
 0.110  0.003 -0.139
 0.274  0.291  0.161
 0.196  0.074  0.077
 0.180  0.081  0.074
 0.101 -0.015 -0.203
 0.210  0.097  0.069
 0.370  0.213  0.307
 0.278  0.183  0.184
 0.110 -0.017 -0.255
 0.033 -0.097 -0.436
 0.043 -0.105 -0.398
 0.051 -0.016 -0.210
 0.064  0.015 -0.171
-0.030 -0.144 -0.405
-0.005 -0.125 -0.405
 0.020 -0.133 -0.412
 0.146  0.039  0.027
 0.189  0.052  0.046
 0.122 -0.055 -0.153
 0.162 -0.069 -0.127
 0.059 -0.112 -0.202
 0.120  0.013  0.096
 0.107  0.022  0.154
-0.038 -0.038  0.001
-0.060 -0.098 -0.147
-0.078 -0.102 -0.165
 0.014  0.022  0.082
 0.036  0.079  0.164
 0.065  0.024 -0.054
-0.054 -0.068 -0.214
 0.013  0.011 -0.037
 0.090  0.066  0.111
 0.057  0.189  0.334
 0.019  0.066  0.084
 0.050  0.013 -0.011
 0.053  0.021 -0.021
 0.044  0.025 -0.049
 0.111  0.119  0.159
 0.175  0.186  0.295
 0.222  0.251  0.091
 0.157  0.050  0.011
 0.177  0.070 -0.065
 0.141  0.059 -0.063
 0.280  0.221  0.178
 0.244  0.203  0.214
 0.156  0.100  0.003
 0.192  0.052 -0.034
 0.192  0.073 -0.009
 0.106  0.030 -0.135
 0.159  0.162  0.225
 0.145  0.104  0.141
-0.016 -0.033 -0.155
-0.037 -0.055 -0.153
-0.014 -0.072 -0.139
 0.001  0.031  0.020
 0.023  0.079  0.147
 0.038  0.015 -0.001
-0.106 -0.090 -0.207
-0.102 -0.096 -0.256
-0.014 -0.064 -0.108
-0.000  0.047  0.043
 0.024  0.101  0.053
 0.087  0.107  0.155
 0.032  0.014 -0.070
 0.007  0.052  0.004
 0.044  0.052  0.010
 0.004  0.197  0.265
-0.020  0.191  0.217
 0.060  0.162  0.171
-0.007  0.116  0.007
-0.009  0.081 -0.031
 0.066  0.137  0.130
 0.011  0.172  0.304
-0.031  0.249  0.402
 0.011  0.154  0.288
-0.017  0.090  0.216
-0.069  0.037  0.010
 0.028  0.077  0.134
 0.013  0.081  0.095
-0.021  0.132  0.164
 0.110  0.337  0.487
 0.077  0.282  0.478
 0.081  0.325  0.467
 0.090  0.232  0.361
 0.215  0.268  0.414
 0.185  0.282  0.303
 0.096  0.149  0.084
-0.165  0.083 -0.066
-0.422  0.038 -0.159
-0.445  0.063 -0.032
-0.303  0.132  0.134
-0.286  0.148  0.168
-0.328 -0.045 -0.168
-0.245 -0.032 -0.032
-0.287 -0.108 -0.282
-0.268 -0.108 -0.249
-0.108 -0.015  0.025
-0.186 -0.017  0.032
-0.141 -0.035 -0.221
-0.112 -0.141 -0.176
-0.178 -0.156 -0.246
-0.199 -0.176 -0.325
-0.108 -0.057  0.028
-0.160 -0.083 -0.068
-0.218 -0.145 -0.176
-0.115 -0.143 -0.172
-0.161 -0.155 -0.218
-0.196 -0.149 -0.225
-0.116 -0.098 -0.052
-0.138 -0.079 -0.207
-0.204 -0.175 -0.361
-0.084 -0.113 -0.175
-0.099 -0.135 -0.218
-0.116 -0.098 -0.118
 0.020  0.028  0.152
 0.092  0.183  0.420
 0.114  0.096  0.079
 0.177  0.032 -0.018
 0.160  0.021 -0.091
 0.114 -0.042 -0.244
 0.253  0.043 -0.148
 0.215  0.089  0.065
 0.206  0.147  0.165
 0.140 -0.036 -0.117
 0.106 -0.054 -0.107
 0.032 -0.133 -0.305
 0.030 -0.114 -0.182
 0.037 -0.116 -0.192
-0.012 -0.085 -0.129
 0.018 -0.153 -0.215
 0.009 -0.175 -0.248
-0.068 -0.214 -0.361
-0.017 -0.174 -0.281
-0.010 -0.113 -0.170
-0.096 -0.141 -0.217
-0.056 -0.137 -0.234
-0.132 -0.207 -0.260
-0.163 -0.180 -0.311
-0.053 -0.069 -0.005
 0.003  0.046  0.238
-0.013  0.010  0.033
-0.034 -0.052 -0.075
 0.083  0.002 -0.010
 0.044 -0.020 -0.068
 0.013 -0.024 -0.011
-0.024  0.020  0.146
-0.101  0.033  0.133
-0.156 -0.106 -0.066
 0.011  0.046 -0.010
-0.143 -0.088 -0.158
-0.119 -0.078 -0.133
-0.122 -0.090 -0.031
-0.024  0.043  0.091
 0.013 -0.024 -0.115
 0.074  0.028 -0.020
 0.091  0.019 -0.115
 0.128  0.082  0.068
 0.198  0.143  0.182
 0.195  0.241  0.336
 0.145  0.107  0.039
 0.134  0.021 -0.079
 0.177  0.157 -0.104
 0.048 -0.044 -0.225
 0.104  0.030 -0.008
 0.071  0.070  0.072
 0.025  0.063  0.078
 0.009 -0.088 -0.139
-0.026 -0.093 -0.167
-0.086 -0.152 -0.316
-0.016 -0.095 -0.125
-0.001  0.003  0.032
-0.093 -0.093 -0.115
 0.015 -0.032 -0.152
-0.145 -0.175 -0.244
-0.130 -0.125 -0.210
-0.035 -0.029  0.010
-0.029  0.110  0.282
-0.041  0.016  0.004
 0.031 -0.004 -0.017
 0.065  0.020 -0.106
 0.045  0.015 -0.094
 0.060  0.050  0.059
 0.004  0.041  0.004
-0.037  0.040  0.011
 0.021  0.009 -0.025
 0.007  0.034  0.055
-0.006  0.005 -0.085
 0.013  0.081  0.158
 0.035  0.064  0.103
 0.024  0.075  0.075
 0.076  0.053 -0.011
 0.149  0.115  0.090
 0.181  0.202  0.194
 0.199  0.286  0.381
 0.191  0.288  0.205
 0.037  0.111 -0.011
 0.074  0.123  0.069
 0.084  0.094  0.003
 0.039  0.155  0.188
 0.052  0.093  0.092
 0.070  0.076  0.085
 0.019  0.011 -0.078
 0.039  0.004 -0.070
 0.049  0.032  0.040
 0.011  0.049  0.074
-0.034 -0.040 -0.049
-0.040 -0.106 -0.108
-0.080 -0.102 -0.170
-0.118 -0.126 -0.180
-0.009  0.049  0.023
-0.114 -0.032 -0.033
-0.066 -0.024 -0.053
-0.001 -0.006 -0.079
-0.036  0.041  0.009
 0.013  0.115  0.176
 0.010  0.161  0.316
-0.039  0.062 -0.003
-0.131 -0.084 -0.102
-0.110 -0.064  0.007
-0.165 -0.127 -0.135
-0.123 -0.019  0.111
-0.093 -0.037  0.105
-0.209 -0.160 -0.144
-0.056  0.043 -0.020
-0.126 -0.116 -0.057
-0.135 -0.029  0.077
-0.094  0.003  0.106
-0.041 -0.007  0.122
-0.041 -0.052 -0.054
-0.039 -0.019  0.029
 0.048  0.066  0.144
 0.060  0.158  0.337
 0.027 -0.007 -0.035
 0.059  0.009  0.019
 0.068 -0.032 -0.104
 0.072  0.050  0.073
 0.145  0.147  0.310
 0.017 -0.031  0.009
 0.057 -0.030 -0.214
 0.022 -0.110 -0.164
 0.023 -0.059 -0.019
 0.026  0.011  0.091
 0.064  0.054  0.216
 0.060 -0.039 -0.016
 0.053 -0.016 -0.017
 0.070 -0.023 -0.041
 0.074  0.008  0.081
 0.051  0.095  0.248
-0.012 -0.009  0.144
 0.011 -0.033  0.007
 0.033 -0.042 -0.042
 0.102  0.006  0.118
 0.010  0.031  0.133
-0.043  0.068  0.211
-0.056 -0.039  0.020
-0.011 -0.002  0.107
 0.047 -0.023  0.002
 0.112  0.094  0.304
 0.127  0.125  0.258
 0.120  0.035  0.152
 0.157  0.072  0.226
 0.298  0.118  0.382
 0.567  0.299  0.838
 0.682  0.381  1.053
 0.570  0.314  0.880
 0.341  0.205  0.389
-0.064  0.066 -0.072
-0.348 -0.083 -0.470
-0.057  0.071 -0.069
 0.004  0.053 -0.109
 0.209  0.094  0.090
 0.339  0.166  0.353
 0.537  0.264  0.683
 0.685  0.444  1.037
 0.492  0.362  0.848
 0.292  0.235  0.308
-0.288 -0.096 -0.434
-0.152 -0.005 -0.256
 0.265  0.116  0.405
 0.395  0.198  0.708
 0.263  0.083  0.400
-0.052 -0.016  0.129
-0.333 -0.070 -0.074
-0.446 -0.002  0.012
-0.514 -0.012 -0.088
-0.488  0.020  0.004
-0.560 -0.093 -0.248
-0.547 -0.129 -0.305
-0.465 -0.120 -0.234
-0.438 -0.062 -0.114
-0.290  0.124 -0.043
-0.446 -0.162 -0.315
-0.437 -0.175 -0.322
-0.418 -0.186 -0.365
-0.501 -0.070 -0.185
-0.645  0.085  0.031
-0.770  0.242  0.298
-0.710  0.183  0.109
-0.642  0.203  0.070
-0.691  0.471  0.400
-0.611  0.800  0.784
-0.371  1.108  1.068
-0.250  1.095  1.087
-0.137  0.996  0.941
-0.063  0.841  0.679
 0.007  0.809  0.736
 0.112  0.808  0.759
 0.205  0.771  0.809
 0.176  0.614  0.391
 0.094  0.383  0.221
 0.150  0.329  0.252
 0.068  0.248  0.153
 0.063  0.304  0.350
 0.141  0.196  0.209
 0.043  0.036 -0.058
-0.039 -0.060 -0.247
 0.043 -0.048 -0.079
 0.169  0.175  0.143
-0.134 -0.122 -0.136
-0.197 -0.198 -0.218
-0.205 -0.268 -0.347
-0.320 -0.315 -0.417
-0.269 -0.297 -0.293
-0.215 -0.230 -0.017
-0.289 -0.360 -0.358
-0.204 -0.296 -0.322
-0.062 -0.291 -0.313
-0.157 -0.310 -0.363
-0.207 -0.317 -0.373
-0.118 -0.301 -0.205
-0.166 -0.355 -0.414
-0.194 -0.380 -0.491
-0.033 -0.244 -0.268
-0.115 -0.330 -0.212
-0.177 -0.323 -0.277
-0.119 -0.364 -0.305
-0.082 -0.343 -0.244
-0.150 -0.377 -0.438
-0.110 -0.298 -0.229
 0.025 -0.237 -0.118
-0.081 -0.281 -0.317
 0.014 -0.264 -0.344
 0.172 -0.187 -0.132
 0.110 -0.187 -0.286
 0.179 -0.061 -0.072
 0.314 -0.096 -0.065
 0.197 -0.166 -0.246
 0.117 -0.227 -0.405
 0.255 -0.150 -0.113
 0.278 -0.076 -0.024
 0.150 -0.073 -0.037
 0.192 -0.172 -0.168
 0.168 -0.189 -0.161
 0.039 -0.265 -0.377
 0.102 -0.189 -0.089
 0.285 -0.007  0.069
-0.082 -0.353 -0.432
-0.068 -0.362 -0.444
 0.022 -0.330 -0.246
-0.091 -0.272 -0.223
-0.134 -0.341 -0.353
 0.003 -0.267 -0.102
-0.125 -0.349 -0.439
-0.156 -0.310 -0.382
 0.004 -0.224 -0.129
-0.102 -0.272 -0.229
-0.158 -0.312 -0.359
-0.047 -0.298 -0.256
 0.043 -0.218 -0.293
-0.102 -0.238 -0.321
 0.017 -0.120 -0.042
 0.033 -0.175 -0.092
-0.099 -0.192 -0.244
-0.073 -0.218 -0.236
 0.028 -0.113  0.053
-0.103 -0.126 -0.110
-0.111 -0.151 -0.107
 0.034 -0.163 -0.050
-0.094 -0.221 -0.283
-0.100 -0.203 -0.268
 0.073 -0.093  0.094
 0.032 -0.060  0.089
-0.025 -0.150 -0.189
 0.095 -0.104  0.028
 0.067 -0.135 -0.102
 0.089 -0.058 -0.070
 0.253  0.066  0.179
 0.249  0.008  0.047
 0.225  0.053 -0.185
 0.186 -0.053 -0.114
 0.216 -0.021  0.037
 0.064 -0.047 -0.006
 0.043 -0.100 -0.042
 0.078 -0.145 -0.083
-0.065 -0.149 -0.167
-0.063 -0.158 -0.169
 0.055 -0.055  0.167
-0.056 -0.104 -0.121
-0.121 -0.244 -0.339
-0.000 -0.188 -0.143
-0.027 -0.134 -0.108
-0.020  0.008  0.093
 0.092 -0.021  0.058
 0.046 -0.025 -0.054
-0.024 -0.061 -0.196
-0.006 -0.033  0.005
 0.079  0.120  0.134
-0.124 -0.093 -0.142
-0.024 -0.057 -0.061
 0.113 -0.019  0.005
-0.007  0.000 -0.049
 0.144  0.142  0.153
 0.223  0.210  0.294
 0.305  0.212  0.123
 0.379  0.287  0.245
 0.446  0.299  0.342
 0.360  0.326  0.374
 0.340  0.270  0.236
 0.393  0.227  0.183
 0.474  0.330  0.137
 0.284  0.200  0.083
 0.372  0.302  0.383
 0.366  0.266  0.311
 0.292  0.189  0.155
 0.275  0.098  0.041
 0.250  0.120  0.137
 0.152  0.073  0.015
 0.142  0.144  0.246
 0.066 -0.004 -0.029
 0.016 -0.026 -0.092
 0.010 -0.057 -0.175
 0.023 -0.003 -0.000
-0.003  0.042  0.039
-0.043 -0.031  0.030
 0.075  0.073 -0.027
-0.080 -0.133 -0.201
-0.128 -0.153 -0.204
-0.118 -0.107 -0.046
-0.192 -0.035  0.104
-0.123 -0.053  0.012
-0.015 -0.029  0.021
-0.026 -0.040 -0.085
-0.057 -0.038 -0.161
 0.002  0.041 -0.002
 0.004  0.083  0.145
 0.156  0.078  0.173
 0.304  0.094  0.325
 0.417  0.142  0.503
 0.315  0.148  0.511
-0.046  0.112  0.204
-0.284 -0.061 -0.218
 0.063  0.160  0.032
 0.101  0.046  0.068
 0.151  0.115  0.048
 0.070  0.093  0.037
 0.128  0.214  0.266
 0.185  0.223  0.269
 0.234  0.249  0.254
 0.238  0.173  0.052
 0.235  0.156  0.026
