-0.017  0.032  0.083
-0.010  0.026  0.059
 0.013  0.081  0.121
 0.039  0.059  0.030
 0.065  0.101  0.039
 0.107  0.102  0.013
 0.100  0.108  0.051
 0.080  0.090  0.029
 0.063  0.112  0.078
 0.016  0.054  0.035
-0.013  0.037  0.035
-0.046  0.007 -0.058
-0.145 -0.155 -0.174
-0.162 -0.203 -0.223
-0.191 -0.246 -0.283
-0.176 -0.230 -0.247
-0.119 -0.148 -0.164
-0.054 -0.057 -0.092
-0.050 -0.029 -0.088
-0.014 -0.009 -0.078
-0.017 -0.027 -0.096
-0.037 -0.050 -0.121
-0.054 -0.068 -0.108
-0.064 -0.052 -0.076
-0.107 -0.078 -0.066
-0.123 -0.072 -0.047
-0.130 -0.072 -0.035
-0.096 -0.034  0.054
-0.097 -0.046 -0.016
-0.068  0.001  0.005
-0.059 -0.013 -0.011
 0.057  0.112  0.038
 0.073  0.144  0.038
 0.141  0.269  0.086
 0.119  0.193  0.113
 0.093  0.146  0.071
 0.074  0.111  0.011
 0.079  0.107 -0.000
 0.084  0.094 -0.030
 0.111  0.144  0.040
 0.078  0.094 -0.006
 0.073  0.106  0.040
 0.063  0.063 -0.031
 0.057  0.114  0.043
 0.105  0.099  0.045
 0.053  0.032  0.008
 0.129  0.169  0.021
 0.026 -0.018 -0.057
 0.030 -0.033 -0.111
 0.021 -0.042 -0.156
 0.018 -0.026 -0.146
-0.016 -0.048 -0.104
-0.018 -0.049 -0.084
 0.023  0.003 -0.005
 0.069  0.014 -0.046
 0.031 -0.031 -0.049
-0.003 -0.038 -0.081
-0.024 -0.047 -0.081
-0.005 -0.001 -0.085
 0.020  0.041 -0.049
 0.025  0.049 -0.011
-0.021  0.011 -0.028
 0.045  0.102 -0.005
 0.083  0.126  0.032
 0.077  0.139  0.036
 0.115  0.198  0.079
 0.108  0.194  0.032
 0.155  0.250  0.132
 0.176  0.256  0.170
 0.364  0.435  0.363
 0.360  0.443  0.284
 0.526  0.569  0.440
 0.398  0.428  0.260
 0.385  0.365  0.189
 0.393  0.425  0.191
 0.251  0.277  0.078
 0.292  0.360  0.108
 0.267  0.295  0.110
 0.228  0.273  0.030
 0.187  0.207 -0.012
 0.186  0.173  0.009
 0.151  0.126 -0.017
 0.117  0.111 -0.036
 0.040  0.033 -0.081
-0.033  0.002 -0.077
-0.120 -0.138 -0.153
-0.163 -0.164 -0.153
-0.188 -0.201 -0.216
-0.152 -0.144 -0.110
-0.150 -0.163 -0.151
-0.129 -0.131 -0.080
-0.149 -0.181 -0.158
-0.148 -0.175 -0.151
-0.168 -0.202 -0.186
-0.172 -0.198 -0.194
-0.167 -0.185 -0.181
-0.181 -0.197 -0.153
-0.157 -0.121 -0.173
-0.243 -0.297 -0.239
-0.219 -0.260 -0.218
-0.196 -0.247 -0.181
-0.136 -0.154 -0.095
-0.085 -0.081 -0.048
-0.089 -0.069 -0.019
-0.073 -0.078 -0.044
-0.047 -0.055  0.041
-0.066 -0.090 -0.076
-0.046 -0.044  0.008
-0.066 -0.071 -0.030
-0.043 -0.053  0.002
 0.053  0.112  0.023
 0.030  0.024 -0.019
 0.016  0.004 -0.084
 0.023 -0.026 -0.064
-0.009 -0.042 -0.055
-0.047 -0.062 -0.051
-0.042 -0.076 -0.051
-0.017 -0.117 -0.146
 0.018 -0.107 -0.125
-0.008 -0.111 -0.138
 0.011 -0.037 -0.010
-0.010 -0.008 -0.007
 0.008  0.016  0.035
 0.035  0.009 -0.023
 0.006 -0.020 -0.019
-0.023 -0.046 -0.019
-0.068 -0.065 -0.004
-0.009  0.073  0.066
-0.133 -0.140 -0.026
-0.116 -0.146 -0.026
-0.086 -0.117 -0.028
-0.060 -0.055  0.046
-0.049 -0.052  0.043
-0.047 -0.046  0.056
-0.064 -0.098 -0.037
-0.071 -0.100 -0.016
-0.104 -0.159 -0.061
-0.165 -0.169 -0.044
-0.175 -0.166 -0.060
-0.196 -0.174 -0.042
-0.123 -0.011 -0.000
-0.174 -0.160 -0.018
-0.066 -0.002  0.023
-0.088 -0.056 -0.022
-0.044  0.025  0.008
-0.052 -0.022  0.020
-0.006  0.085  0.044
-0.089 -0.046  0.004
-0.032 -0.003  0.008
-0.011 -0.016 -0.031
-0.011 -0.015 -0.021
-0.058 -0.057 -0.066
-0.060 -0.061  0.009
-0.069 -0.095 -0.029
-0.058 -0.081 -0.040
-0.007 -0.056 -0.038
-0.004 -0.040 -0.015
-0.002 -0.035 -0.026
-0.036 -0.033  0.004
 0.008 -0.006  0.011
 0.047  0.029  0.042
 0.011 -0.001 -0.096
 0.024  0.016  0.011
 0.053  0.013  0.061
 0.025  0.024  0.074
 0.028  0.017  0.036
 0.027 -0.006  0.029
-0.001 -0.031 -0.007
-0.045 -0.066 -0.033
-0.029 -0.027 -0.017
-0.042 -0.036 -0.002
 0.038  0.080  0.026
-0.043 -0.026 -0.062
-0.018 -0.020 -0.069
-0.035 -0.037 -0.056
-0.055 -0.030 -0.029
-0.073 -0.044 -0.012
-0.076 -0.017 -0.006
-0.055 -0.033 -0.057
-0.022  0.011 -0.001
 0.001  0.020 -0.049
-0.012  0.045  0.033
-0.023  0.053 -0.002
-0.025  0.053  0.034
 0.012  0.068  0.051
-0.056 -0.002  0.003
 0.009  0.067  0.007
 0.007  0.031 -0.057
 0.055  0.071 -0.033
 0.028  0.036 -0.050
 0.094  0.180  0.026
 0.042  0.075  0.028
 0.048  0.080  0.054
 0.053  0.084  0.041
-0.016  0.058  0.025
-0.005  0.040  0.023
-0.059 -0.007  0.031
 0.004  0.009  0.010
-0.003  0.041  0.054
 0.078  0.065  0.018
 0.091  0.072  0.024
 0.088  0.067 -0.014
 0.049  0.047  0.004
 0.019  0.043 -0.000
-0.006  0.017  0.001
 0.021  0.062 -0.025
-0.037 -0.014 -0.056
-0.030  0.023 -0.104
-0.081 -0.069 -0.134
-0.103 -0.080 -0.135
-0.094 -0.052 -0.076
-0.124 -0.036 -0.053
-0.103 -0.033 -0.078
-0.073  0.008 -0.022
-0.036  0.024 -0.078
-0.028  0.044 -0.030
-0.012  0.022 -0.060
-0.032  0.014  0.005
-0.052 -0.018 -0.049
-0.077 -0.015  0.005
-0.026 -0.001  0.021
 0.017  0.063  0.100
 0.041  0.074  0.036
 0.025  0.050  0.038
 0.100  0.091  0.034
 0.113  0.071  0.016
 0.121  0.082  0.006
 0.105  0.060  0.023
 0.094  0.055  0.024
 0.067  0.042  0.071
 0.072  0.040  0.059
 0.021 -0.027  0.036
 0.095  0.129  0.064
 0.019 -0.042  0.011
 0.092  0.019  0.012
 0.113  0.047  0.016
 0.138  0.055  0.026
 0.134  0.049  0.040
 0.047 -0.017 -0.002
-0.020 -0.085 -0.019
-0.085 -0.145 -0.027
-0.104 -0.153 -0.070
-0.126 -0.141 -0.016
-0.069 -0.100  0.027
-0.046 -0.039  0.058
-0.068 -0.055 -0.088
-0.073 -0.032 -0.034
-0.071 -0.053 -0.048
-0.096 -0.046 -0.014
-0.089 -0.071 -0.108
-0.087 -0.042 -0.036
-0.044 -0.042 -0.057
-0.016 -0.004  0.005
 0.019  0.012 -0.018
 0.030  0.062  0.050
 0.050  0.055  0.013
 0.108  0.118  0.114
 0.183  0.165  0.072
 0.216  0.209  0.126
 0.222  0.181  0.047
 0.222  0.196  0.109
 0.206  0.176  0.084
 0.200  0.171  0.082
 0.230  0.176  0.078
 0.175  0.109  0.039
 0.170  0.110  0.035
 0.151  0.096  0.021
 0.153  0.071  0.020
 0.169  0.104  0.093
 0.155  0.077  0.044
 0.136  0.060  0.033
 0.146  0.059  0.032
 0.112  0.015  0.020
 0.081 -0.009  0.017
 0.039 -0.027  0.025
 0.001 -0.052  0.022
-0.016 -0.061  0.015
 0.015 -0.040  0.057
 0.050 -0.030  0.023
 0.052 -0.029  0.064
 0.027 -0.074 -0.018
 0.006 -0.054  0.011
-0.031 -0.091 -0.017
-0.061 -0.116 -0.027
-0.062 -0.133 -0.024
-0.074 -0.157 -0.018
-0.064 -0.135 -0.037
-0.008 -0.069  0.025
 0.047  0.029  0.086
 0.020 -0.010  0.077
 0.043  0.017  0.084
 0.099  0.067  0.102
 0.124  0.111  0.116
 0.160  0.124  0.102
 0.171  0.166  0.176
 0.168  0.142  0.122
 0.134  0.094  0.112
 0.141  0.090  0.090
 0.133  0.050  0.061
 0.147  0.064  0.082
 0.108  0.030  0.030
 0.071 -0.011  0.073
-0.004 -0.087 -0.005
-0.061 -0.151 -0.036
-0.049 -0.144 -0.049
-0.041 -0.134 -0.049
-0.016 -0.093 -0.024
 0.023 -0.038  0.028
 0.030 -0.066  0.005
 0.041 -0.051  0.018
 0.040 -0.054 -0.013
 0.033 -0.078 -0.017
-0.005 -0.093 -0.001
-0.029 -0.106  0.012
-0.085 -0.174 -0.061
-0.129 -0.204 -0.071
-0.076 -0.172 -0.066
-0.062 -0.158 -0.058
-0.093 -0.152 -0.038
-0.088 -0.134 -0.027
-0.101 -0.106  0.010
-0.089 -0.103  0.030
-0.076 -0.084  0.064
-0.018 -0.036  0.074
 0.018  0.051  0.048
-0.002  0.036 -0.111
-0.092 -0.002 -0.155
-0.082 -0.021 -0.204
 0.007  0.050 -0.068
 0.097  0.065 -0.034
 0.165  0.140  0.127
 0.193  0.111  0.144
 0.173  0.123  0.175
 0.132  0.058  0.079
 0.097  0.026  0.021
 0.105  0.018  0.016
 0.084  0.002 -0.020
 0.072 -0.016 -0.031
 0.041 -0.021 -0.058
 0.063  0.000 -0.037
 0.066 -0.062 -0.002
 0.060 -0.058 -0.019
 0.003 -0.099 -0.028
-0.016 -0.105 -0.083
-0.011 -0.139 -0.071
-0.011 -0.117 -0.073
-0.019 -0.093 -0.066
-0.012 -0.065  0.010
-0.059 -0.150 -0.027
-0.078 -0.188 -0.047
-0.109 -0.211 -0.112
-0.089 -0.179 -0.050
-0.054 -0.112  0.017
-0.053 -0.118 -0.008
-0.006 -0.068  0.020
 0.040 -0.012  0.033
 0.066  0.042  0.121
 0.021 -0.001  0.063
-0.030 -0.007  0.110
-0.077 -0.068 -0.006
 0.003  0.010  0.067
 0.048  0.034  0.020
 0.040  0.047  0.010
 0.055  0.063  0.009
 0.082  0.105  0.061
 0.042  0.068  0.025
 0.063  0.106  0.065
 0.100  0.180  0.053
 0.054  0.093  0.040
 0.074  0.096  0.018
 0.056  0.062 -0.019
 0.012  0.042 -0.060
-0.006  0.002 -0.053
 0.007 -0.011 -0.042
-0.016 -0.049 -0.111
 0.008 -0.028 -0.058
 0.028 -0.004 -0.079
 0.054  0.035 -0.005
 0.051  0.018 -0.009
 0.034  0.026  0.036
 0.068  0.031  0.023
 0.035  0.021  0.023
 0.034 -0.022 -0.039
 0.035 -0.042 -0.051
 0.003 -0.057 -0.098
 0.004 -0.057 -0.073
-0.047 -0.091 -0.048
-0.056 -0.094 -0.034
-0.001 -0.033 -0.010
-0.028 -0.060 -0.054
-0.031 -0.041 -0.069
-0.034 -0.036 -0.063
 0.008  0.031  0.020
-0.014  0.011  0.015
-0.023  0.023 -0.015
-0.071 -0.027 -0.020
-0.074 -0.035 -0.005
-0.115 -0.087 -0.019
-0.151 -0.076  0.035
-0.145 -0.104 -0.054
-0.117 -0.089 -0.081
-0.070 -0.059 -0.079
-0.054 -0.041 -0.080
-0.034  0.003 -0.067
-0.093 -0.043 -0.106
-0.058  0.010 -0.096
 0.014  0.055 -0.016
 0.068  0.137  0.082
 0.073  0.115  0.061
 0.045  0.097  0.070
 0.058  0.079 -0.002
 0.025  0.033 -0.027
 0.037  0.043 -0.032
-0.001  0.008 -0.073
-0.008  0.013 -0.052
-0.014 -0.009 -0.017
 0.001  0.006  0.012
-0.022 -0.013 -0.017
 0.059  0.105  0.018
-0.025 -0.032 -0.068
-0.008 -0.023 -0.064
-0.038 -0.063 -0.078
-0.083 -0.078 -0.102
-0.127 -0.101 -0.100
-0.073 -0.020 -0.082
-0.133 -0.129 -0.130
-0.018  0.063 -0.031
-0.107 -0.083 -0.092
-0.089 -0.064 -0.079
-0.102 -0.068 -0.027
-0.110 -0.059 -0.006
-0.158 -0.121 -0.048
-0.185 -0.136 -0.015
-0.163 -0.130 -0.065
-0.086 -0.045  0.011
-0.067 -0.047 -0.032
-0.031  0.009  0.055
-0.069 -0.036 -0.002
-0.012  0.011  0.016
 0.016  0.030 -0.007
 0.023  0.033 -0.016
 0.035  0.045 -0.033
 0.058  0.048 -0.004
 0.052  0.048 -0.026
 0.027  0.018 -0.024
 0.032  0.004 -0.011
 0.024 -0.044 -0.026
 0.023 -0.045 -0.060
 0.012 -0.048 -0.052
 0.020 -0.027  0.016
 0.021 -0.046  0.069
 0.038  0.038  0.071
-0.043 -0.096  0.008
-0.019 -0.078 -0.008
-0.033 -0.115 -0.000
-0.040 -0.106 -0.004
-0.061 -0.130  0.003
-0.129 -0.189 -0.001
-0.131 -0.214 -0.007
-0.101 -0.175  0.033
-0.097 -0.195 -0.009
-0.040 -0.101  0.098
-0.065 -0.120  0.050
-0.021 -0.056  0.152
-0.032 -0.062  0.080
-0.030 -0.060  0.102
-0.053 -0.106  0.043
-0.055 -0.086  0.050
-0.041 -0.087  0.041
-0.008 -0.033  0.122
-0.047 -0.082  0.092
-0.117 -0.145  0.055
-0.113 -0.110  0.051
-0.032 -0.044  0.133
 0.002 -0.007  0.122
 0.056  0.036  0.095
 0.089  0.076  0.132
 0.088  0.070  0.094
 0.081  0.079  0.130
 0.082  0.057  0.102
 0.095  0.104  0.117
 0.125  0.083  0.054
 0.134  0.077  0.081
 0.107  0.047  0.028
 0.066  0.023  0.089
-0.004 -0.036  0.003
-0.028 -0.082 -0.045
-0.016 -0.081 -0.062
-0.017 -0.108 -0.069
-0.018 -0.099 -0.034
-0.043 -0.104 -0.012
 0.033  0.065  0.052
-0.046 -0.099 -0.008
-0.047 -0.112  0.000
-0.052 -0.146 -0.059
-0.040 -0.129  0.001
-0.077 -0.181 -0.070
-0.105 -0.173 -0.015
-0.095 -0.167 -0.064
-0.117 -0.219 -0.077
-0.089 -0.196 -0.065
-0.035 -0.149 -0.035
 0.025 -0.033  0.002
-0.014 -0.097  0.039
-0.020 -0.097  0.052
-0.051 -0.137  0.039
-0.031 -0.067  0.085
 0.031 -0.041  0.097
 0.045 -0.000  0.081
 0.086  0.028  0.111
 0.090  0.050  0.147
 0.067  0.038  0.149
 0.066  0.031  0.123
 0.170  0.198  0.142
 0.076  0.030  0.036
 0.147  0.142  0.069
 0.105  0.059  0.079
 0.102  0.053  0.069
 0.099  0.018  0.027
 0.106  0.039  0.049
 0.099  0.014 -0.008
 0.109  0.036  0.043
 0.073 -0.010  0.007
 0.037 -0.025  0.073
-0.028 -0.118  0.016
-0.027 -0.105  0.030
-0.051 -0.126 -0.013
-0.076 -0.158 -0.049
-0.012 -0.076 -0.011
-0.023 -0.105 -0.025
-0.023 -0.075 -0.037
-0.023 -0.086 -0.036
-0.009 -0.064  0.028
 0.002 -0.088 -0.066
-0.021 -0.066 -0.071
-0.009  0.050  0.060
-0.020  0.137  0.136
-0.009  0.112  0.139
-0.012  0.037  0.083
-0.007 -0.030  0.010
 0.050 -0.004  0.066
 0.089  0.038  0.140
 0.128  0.093  0.126
 0.189  0.192  0.241
 0.259  0.227  0.215
 0.406  0.380  0.299
 0.481  0.462  0.336
 0.482  0.473  0.347
 0.477  0.478  0.367
 0.491  0.503  0.414
 0.504  0.494  0.338
 0.465  0.426  0.303
 0.428  0.390  0.211
 0.405  0.350  0.189
 0.420  0.366  0.186
 0.369  0.302  0.197
 0.337  0.288  0.144
 0.308  0.241  0.061
 0.286  0.226  0.069
 0.208  0.130 -0.049
 0.192  0.107  0.009
 0.140  0.042 -0.056
 0.092  0.009 -0.030
 0.054 -0.074 -0.151
 0.021 -0.100 -0.160
 0.027 -0.119 -0.182
 0.004 -0.141 -0.169
 0.009 -0.123 -0.163
-0.031 -0.143 -0.178
 0.021 -0.075 -0.173
-0.033 -0.160 -0.167
-0.047 -0.166 -0.141
-0.078 -0.188 -0.159
-0.088 -0.165 -0.085
-0.116 -0.223 -0.149
-0.139 -0.264 -0.179
-0.134 -0.252 -0.186
-0.107 -0.221 -0.127
-0.135 -0.200 -0.109
-0.145 -0.189 -0.028
-0.156 -0.199 -0.014
-0.161 -0.199 -0.061
 0.002 -0.019  0.083
 0.044  0.007  0.007
 0.092  0.063  0.041
 0.049  0.009  0.020
 0.040  0.000  0.043
 0.060  0.032 -0.006
 0.044 -0.025 -0.033
 0.062 -0.004 -0.045
 0.083 -0.007 -0.058
 0.101  0.042 -0.049
 0.021 -0.028 -0.030
 0.046  0.090 -0.010
-0.092 -0.125 -0.137
-0.072 -0.146 -0.142
-0.077 -0.170 -0.147
-0.052 -0.132 -0.112
-0.055 -0.119 -0.068
-0.010 -0.041 -0.044
-0.044 -0.125 -0.062
 0.001 -0.065 -0.061
 0.047 -0.047 -0.046
 0.068  0.006  0.035
 0.064 -0.006  0.027
 0.030  0.030  0.061
-0.024 -0.063 -0.021
-0.052 -0.113 -0.084
-0.058 -0.146 -0.108
-0.057 -0.144 -0.109
-0.059 -0.126 -0.051
-0.068 -0.111  0.007
-0.112 -0.180 -0.064
-0.125 -0.203 -0.108
-0.095 -0.161 -0.101
-0.062 -0.123 -0.073
-0.075 -0.069 -0.065
-0.179 -0.138 -0.045
-0.196 -0.121  0.026
-0.151 -0.115  0.029
-0.027 -0.002  0.098
 0.081  0.057  0.076
 0.125  0.107  0.132
 0.125  0.086  0.063
 0.105  0.073  0.039
 0.132  0.089  0.020
 0.074  0.024 -0.003
 0.082  0.041  0.026
 0.030  0.051  0.006
 0.110  0.200  0.193
 0.130  0.232  0.156
 0.117  0.171  0.108
 0.151  0.164  0.088
 0.155  0.136  0.021
 0.189  0.148  0.067
 0.186  0.149  0.090
 0.179  0.180  0.169
 0.162  0.122  0.063
 0.150  0.099  0.024
 0.148  0.099 -0.026
 0.145  0.106 -0.000
 0.152  0.145  0.012
 0.142  0.128  0.018
 0.071  0.039 -0.080
 0.028 -0.042 -0.112
-0.008 -0.065 -0.105
 0.006 -0.043 -0.063
-0.042 -0.052 -0.044
-0.064 -0.072 -0.003
-0.041 -0.078 -0.010
-0.032 -0.075 -0.080
-0.010 -0.027 -0.027
-0.065 -0.071 -0.103
-0.085 -0.063 -0.041
-0.106 -0.082 -0.079
-0.083 -0.054 -0.070
 0.015  0.099 -0.034
 0.002  0.015 -0.094
 0.015  0.025 -0.072
 0.013  0.014 -0.073
-0.005  0.016  0.017
-0.010 -0.027 -0.063
-0.025 -0.018 -0.024
-0.040 -0.065 -0.098
-0.069 -0.057  0.011
-0.016 -0.045 -0.021
-0.064 -0.085 -0.018
-0.112 -0.146 -0.094
-0.081 -0.175 -0.210
-0.058 -0.145 -0.249
-0.037 -0.133 -0.214
-0.046 -0.111 -0.187
-0.074 -0.126 -0.151
-0.066 -0.135 -0.184
-0.059 -0.149 -0.181
-0.039 -0.131 -0.118
-0.078 -0.173 -0.166
-0.078 -0.123 -0.036
-0.094 -0.146 -0.069
-0.057 -0.124 -0.028
-0.010 -0.064 -0.043
 0.021 -0.022 -0.022
 0.037  0.007  0.003
-0.034 -0.071 -0.015
-0.012  0.007 -0.006
-0.016 -0.041 -0.000
-0.001 -0.041 -0.002
 0.026 -0.007  0.023
 0.059  0.047  0.130
 0.046  0.044  0.139
 0.047  0.093  0.229
 0.036  0.081  0.196
 0.138  0.162  0.241
 0.117  0.099  0.133
 0.137  0.113  0.117
 0.119  0.110  0.114
 0.129  0.117  0.184
 0.129  0.131  0.134
 0.090  0.071  0.074
 0.100  0.071  0.077
 0.110  0.057  0.017
 0.112  0.092  0.103
 0.106  0.092  0.080
 0.063  0.042  0.043
 0.053  0.027 -0.013
 0.046  0.001  0.026
 0.046  0.001  0.032
 0.003 -0.018  0.035
 0.054  0.083  0.079
-0.054 -0.125 -0.032
-0.030 -0.116 -0.077
-0.018 -0.121 -0.046
-0.024 -0.107 -0.026
-0.029 -0.088  0.015
-0.040 -0.082  0.033
-0.047 -0.106 -0.001
-0.033 -0.085  0.017
-0.043 -0.128  0.002
-0.024 -0.083  0.170
-0.006 -0.078  0.164
-0.036 -0.131  0.141
-0.035 -0.138  0.108
-0.056 -0.146  0.079
 0.040  0.003  0.139
-0.026 -0.076  0.135
-0.041 -0.064  0.163
-0.062 -0.106  0.143
 0.007 -0.049  0.174
 0.023 -0.052  0.109
-0.003 -0.046  0.097
 0.008 -0.027  0.073
 0.011  0.026  0.168
 0.021  0.029  0.102
 0.054  0.056  0.121
 0.122  0.073  0.114
 0.113  0.086  0.139
 0.102  0.058  0.130
 0.071  0.054  0.184
 0.064  0.023  0.103
 0.025  0.020 -0.001
 0.093  0.029  0.057
 0.093  0.055  0.116
 0.122  0.083  0.112
 0.073  0.125  0.101
 0.089  0.082  0.108
 0.060  0.012  0.033
 0.082  0.041  0.021
 0.069  0.014  0.015
 0.072  0.065  0.054
 0.006  0.006  0.079
-0.066 -0.018 -0.024
-0.066 -0.046 -0.082
-0.066 -0.026 -0.029
-0.072 -0.052 -0.074
-0.070 -0.030 -0.011
-0.068 -0.030 -0.033
-0.081 -0.034  0.005
-0.053 -0.048 -0.047
-0.079 -0.071 -0.066
-0.095 -0.057 -0.078
-0.127 -0.062 -0.046
-0.191 -0.086 -0.017
-0.221 -0.120 -0.052
-0.163 -0.061 -0.016
-0.087 -0.017 -0.047
-0.028  0.049  0.023
-0.025  0.066  0.013
-0.043  0.058 -0.000
-0.003  0.065 -0.017
 0.022  0.057 -0.049
 0.105  0.193 -0.024
 0.034  0.067 -0.066
 0.138  0.185  0.113
 0.081  0.097  0.112
 0.066  0.074  0.065
 0.029  0.027 -0.023
 0.042  0.061 -0.022
 0.027  0.030  0.014
 0.034  0.063  0.013
-0.006  0.023  0.047
-0.017  0.006  0.045
-0.047 -0.037 -0.056
-0.051 -0.027 -0.045
-0.055 -0.040 -0.078
-0.066 -0.026  0.010
-0.046  0.001  0.018
-0.086 -0.019  0.033
-0.030  0.063  0.017
-0.115 -0.075 -0.014
-0.066 -0.031 -0.016
-0.074 -0.062 -0.053
-0.142 -0.066 -0.125
-0.186 -0.105 -0.157
-0.222 -0.131 -0.188
-0.196 -0.142 -0.198
-0.171 -0.104 -0.173
-0.152 -0.114 -0.176
-0.199 -0.130 -0.148
-0.215 -0.144 -0.151
-0.244 -0.163 -0.108
-0.223 -0.149 -0.157
-0.103 -0.034 -0.052
-0.036  0.068 -0.045
 0.049  0.168  0.053
 0.128  0.336  0.112
 0.077  0.200  0.096
 0.088  0.204  0.101
 0.046  0.133  0.015
 0.007  0.073 -0.049
 0.021  0.064 -0.127
 0.008  0.062 -0.134
-0.006  0.060 -0.121
-0.023  0.063 -0.078
 0.050  0.167 -0.038
-0.036  0.011 -0.148
-0.014  0.028 -0.180
-0.073 -0.048 -0.183
-0.038  0.043 -0.153
-0.076 -0.041 -0.110
-0.031 -0.006 -0.043
-0.045 -0.040 -0.119
-0.005  0.039 -0.048
 0.076  0.205 -0.010
 0.234  0.427  0.188
 0.200  0.341  0.101
 0.111  0.184  0.055
 0.133  0.182  0.014
 0.063  0.033 -0.103
 0.041 -0.003 -0.147
-0.045 -0.084 -0.173
-0.076 -0.087 -0.163
-0.083 -0.085 -0.141
-0.015  0.037 -0.130
-0.078 -0.070 -0.168
-0.101 -0.071 -0.197
-0.103 -0.074 -0.205
-0.071 -0.025 -0.101
-0.054  0.002 -0.072
-0.136 -0.083 -0.084
-0.055  0.005 -0.074
-0.068 -0.047 -0.048
-0.037  0.020 -0.066
-0.031 -0.009  0.014
-0.017  0.079  0.000
 0.043  0.085  0.052
 0.075  0.078  0.118
 0.110  0.054  0.068
 0.168  0.104  0.085
 0.239  0.135  0.036
 0.251  0.164  0.061
 0.238  0.162  0.043
 0.203  0.168  0.095
 0.167  0.134  0.050
 0.148  0.118  0.009
 0.133  0.092 -0.047
 0.083  0.071 -0.059
 0.061  0.037 -0.062
 0.031  0.033  0.001
-0.001 -0.007 -0.042
-0.044 -0.023 -0.149
-0.030 -0.052 -0.202
-0.083 -0.044 -0.201
-0.090 -0.049 -0.207
-0.120 -0.067 -0.068
-0.136 -0.138 -0.125
-0.177 -0.145 -0.203
-0.280 -0.169 -0.414
-0.278 -0.159 -0.291
-0.269 -0.149 -0.301
-0.276 -0.142 -0.214
-0.290 -0.194 -0.302
-0.295 -0.205 -0.308
-0.243 -0.174 -0.297
-0.260 -0.189 -0.285
-0.205 -0.136 -0.240
-0.216 -0.157 -0.197
-0.173 -0.077 -0.200
-0.192 -0.140 -0.235
-0.128 -0.088 -0.204
-0.141 -0.117 -0.195
-0.119 -0.086 -0.132
-0.114 -0.114 -0.138
-0.115 -0.104 -0.157
-0.070 -0.089 -0.168
-0.055 -0.037 -0.138
-0.040 -0.026 -0.131
-0.059 -0.004 -0.062
-0.018  0.041 -0.006
-0.077 -0.012 -0.025
-0.041 -0.038 -0.056
-0.049 -0.031 -0.047
-0.030 -0.063 -0.050
-0.079 -0.074  0.012
-0.031 -0.068  0.069
-0.056 -0.098  0.072
-0.092 -0.131 -0.109
-0.121 -0.147 -0.088
-0.140 -0.163 -0.163
-0.132 -0.145 -0.039
-0.101 -0.118 -0.030
-0.197 -0.229 -0.108
-0.159 -0.204 -0.076
-0.204 -0.251 -0.122
-0.157 -0.141 -0.077
-0.227 -0.265 -0.064
-0.250 -0.291 -0.081
-0.255 -0.320 -0.086
-0.206 -0.269 -0.042
-0.184 -0.242 -0.064
-0.161 -0.221 -0.023
-0.112 -0.163  0.044
-0.101 -0.135  0.153
-0.089 -0.156  0.111
-0.041 -0.093  0.189
-0.006 -0.096  0.128
-0.011 -0.078  0.168
 0.030 -0.075  0.191
 0.032 -0.033  0.278
 0.035 -0.020  0.191
 0.026 -0.043  0.116
 0.063  0.003  0.130
 0.030 -0.024  0.082
 0.039 -0.014  0.112
 0.022 -0.039  0.120
 0.066  0.046  0.117
-0.020 -0.122  0.042
-0.001 -0.072  0.000
-0.056 -0.145  0.000
-0.075 -0.152  0.032
-0.088 -0.168  0.029
-0.073 -0.139  0.048
-0.037 -0.113  0.024
-0.025 -0.087  0.076
-0.041 -0.109  0.044
-0.053 -0.089  0.119
-0.057 -0.118  0.062
-0.086 -0.142  0.055
-0.072 -0.149  0.025
-0.122 -0.187 -0.029
-0.112 -0.177 -0.021
-0.118 -0.170  0.009
-0.063 -0.104  0.044
-0.153 -0.174  0.006
-0.105 -0.129  0.013
-0.079 -0.100  0.011
-0.040 -0.027  0.043
-0.069 -0.062  0.053
-0.060 -0.034  0.053
-0.092 -0.106  0.035
-0.070 -0.078  0.023
-0.067 -0.088  0.038
-0.063 -0.073 -0.009
-0.071 -0.084 -0.010
-0.044 -0.029  0.029
-0.021  0.027  0.015
 0.017  0.043  0.024
 0.061  0.057  0.004
 0.079  0.110  0.055
 0.150  0.145 -0.001
 0.130  0.188  0.025
 0.348  0.440  0.247
 0.577  0.672  0.536
 0.555  0.500  0.416
 0.476  0.274  0.294
 0.481  0.158  0.233
 0.419  0.089  0.226
 0.411  0.099  0.284
 0.409  0.090  0.256
 0.368  0.057  0.176
 0.322 -0.000  0.188
 0.290 -0.014  0.190
 0.246 -0.037  0.197
 0.227 -0.006  0.290
 0.179 -0.061  0.231
 0.131 -0.144  0.267
 0.049 -0.206  0.054
 0.016 -0.237  0.033
 0.040 -0.151  0.077
-0.040 -0.250  0.069
-0.040 -0.234  0.089
-0.018 -0.219  0.029
 0.013 -0.165  0.077
 0.006 -0.175 -0.006
 0.036 -0.096  0.103
 0.053 -0.079  0.092
 0.010 -0.110  0.077
 0.026 -0.094  0.032
-0.014 -0.094  0.005
 0.008 -0.065  0.002
-0.012 -0.057  0.002
-0.002 -0.016  0.072
-0.027 -0.032  0.080
-0.032 -0.010  0.055
-0.039 -0.070  0.056
 0.014 -0.011  0.030
 0.071 -0.006  0.018
 0.063  0.009  0.064
 0.059  0.022  0.047
 0.043  0.049  0.125
 0.046  0.029  0.065
 0.028  0.018  0.035
 0.037  0.038 -0.034
-0.011  0.006 -0.052
 0.033  0.059  0.024
 0.040  0.087  0.072
 0.069  0.169  0.047
 0.005  0.032 -0.030
 0.109  0.200  0.057
-0.003  0.019 -0.013
-0.018  0.019  0.001
-0.009  0.024  0.059
 0.043  0.122  0.050
-0.072 -0.056 -0.065
 0.012  0.078 -0.020
-0.076 -0.062 -0.059
-0.020  0.070  0.014
-0.129 -0.076 -0.045
-0.113 -0.075 -0.072
-0.097 -0.055 -0.090
-0.055 -0.008 -0.033
-0.050 -0.006 -0.011
-0.034  0.038  0.032
-0.004  0.049  0.048
 0.003  0.066  0.114
 0.023  0.062  0.032
-0.018  0.040  0.003
-0.030  0.061 -0.015
-0.036  0.067  0.027
-0.037  0.091 -0.047
-0.018  0.070 -0.031
 0.015  0.090 -0.033
 0.056  0.136  0.003
 0.092  0.168  0.084
 0.097  0.183  0.095
 0.053  0.141  0.053
 0.095  0.145  0.026
 0.084  0.142  0.007
 0.079  0.125 -0.028
 0.094  0.153  0.073
 0.115  0.150  0.014
 0.081  0.103 -0.033
 0.163  0.172 -0.021
 0.155  0.150 -0.015
 0.191  0.213  0.025
 0.192  0.217  0.065
 0.204  0.258  0.088
 0.164  0.199  0.072
 0.173  0.203  0.044
 0.131  0.163  0.001
 0.161  0.260  0.048
 0.039  0.092 -0.009
-0.014  0.036 -0.026
 0.076  0.123  0.038
 0.265  0.492  0.241
 0.387  0.408  0.325
 0.481  0.466  0.415
 0.546  0.451  0.291
 0.422  0.378  0.152
 0.372  0.422  0.005
 0.290  0.330 -0.045
 0.257  0.308 -0.016
 0.258  0.297  0.002
 0.232  0.286  0.064
 0.221  0.242 -0.019
 0.214  0.254 -0.052
 0.209  0.255 -0.084
 0.180  0.237 -0.034
 0.144  0.249 -0.038
 0.087  0.189 -0.026
 0.127  0.218  0.031
 0.136  0.190 -0.064
 0.183  0.254  0.017
 0.194  0.230  0.028
 0.183  0.213  0.076
 0.149  0.170  0.018
 0.143  0.137  0.041
 0.107  0.104  0.011
 0.048  0.047 -0.020
 0.047  0.071  0.028
 0.030  0.084  0.031
 0.043  0.178 -0.054
-0.073  0.023 -0.210
-0.015  0.154 -0.279
-0.110  0.009 -0.371
-0.115  0.030 -0.397
-0.115  0.018 -0.389
-0.116  0.009 -0.377
-0.164 -0.049 -0.437
-0.180 -0.066 -0.407
-0.181 -0.100 -0.383
-0.211 -0.117 -0.302
-0.163 -0.089 -0.245
-0.203 -0.108 -0.205
-0.190 -0.118 -0.241
-0.176 -0.078 -0.201
-0.188 -0.116 -0.205
-0.175 -0.076 -0.093
-0.216 -0.161 -0.163
-0.258 -0.224 -0.208
-0.272 -0.236 -0.225
-0.175 -0.117 -0.107
-0.073 -0.008  0.037
-0.060  0.009  0.110
-0.057 -0.021  0.072
-0.045 -0.036  0.031
 0.088  0.101  0.151
 0.129  0.163  0.192
 0.187  0.209  0.267
 0.168  0.226  0.321
 0.160  0.231  0.280
 0.102  0.160  0.217
 0.087  0.139  0.152
 0.055  0.102  0.081
 0.034  0.072  0.084
-0.005  0.062  0.022
-0.019  0.059  0.059
 0.014  0.036  0.068
 0.034  0.065  0.086
 0.006  0.042 -0.038
-0.013  0.063  0.032
 0.015  0.092  0.040
-0.018  0.045  0.124
-0.077 -0.007 -0.090
-0.083 -0.077 -0.040
-0.091 -0.072 -0.147
-0.107 -0.094 -0.085
-0.111 -0.059  0.020
-0.110 -0.106 -0.035
-0.120 -0.116 -0.070
-0.041  0.009 -0.054
-0.098 -0.086 -0.071
-0.064  0.001 -0.018
-0.080 -0.054  0.038
-0.058 -0.040  0.071
-0.066 -0.071 -0.007
-0.103 -0.086  0.002
-0.135 -0.119 -0.057
-0.148 -0.099  0.042
-0.195 -0.172 -0.053
-0.203 -0.242 -0.024
-0.176 -0.204 -0.091
-0.137 -0.180 -0.011
-0.112 -0.137 -0.051
-0.103 -0.104  0.003
-0.131 -0.132 -0.074
-0.135 -0.182 -0.064
-0.152 -0.171 -0.161
-0.116 -0.151 -0.042
-0.114 -0.091 -0.051
-0.165 -0.144 -0.129
-0.145 -0.162 -0.066
-0.076 -0.015 -0.107
-0.140 -0.153 -0.157
-0.093 -0.117 -0.105
-0.047 -0.078  0.067
-0.054 -0.022  0.040
-0.058 -0.053  0.015
-0.025 -0.013  0.066
-0.028 -0.012 -0.071
-0.016  0.009  0.028
 0.016  0.017  0.036
-0.071 -0.034 -0.062
-0.068 -0.065 -0.130
-0.093 -0.142 -0.087
-0.098 -0.159 -0.068
-0.142 -0.148 -0.170
-0.098 -0.110  0.032
-0.098 -0.123 -0.005
-0.159 -0.137 -0.126
-0.113 -0.136 -0.109
-0.118 -0.142 -0.120
-0.070 -0.026 -0.026
-0.134 -0.100 -0.057
-0.134 -0.116 -0.040
-0.155 -0.150 -0.115
-0.156 -0.136 -0.090
-0.156 -0.147 -0.120
-0.159 -0.069 -0.039
-0.169 -0.075 -0.062
-0.195 -0.118 -0.052
-0.193 -0.090 -0.109
-0.185 -0.121 -0.106
-0.188 -0.086 -0.054
-0.217 -0.101 -0.088
-0.052  0.081  0.117
 0.006  0.115  0.071
 0.032  0.130  0.005
 0.101  0.258  0.033
 0.101  0.274  0.083
 0.165  0.317  0.213
 0.159  0.289  0.180
 0.202  0.303  0.240
 0.199  0.236  0.105
 0.211  0.220  0.099
 0.181  0.225  0.108
 0.162  0.206  0.150
 0.127  0.152  0.103
 0.082  0.086  0.018
 0.083  0.104  0.044
 0.080  0.102 -0.002
 0.107  0.157  0.109
 0.130  0.201  0.122
 0.087  0.127  0.102
 0.060  0.094  0.063
 0.037  0.040 -0.009
 0.023  0.029  0.063
 0.017 -0.018  0.060
-0.028 -0.007  0.149
-0.026 -0.016  0.113
-0.128 -0.144  0.033
-0.114 -0.154 -0.023
-0.159 -0.195 -0.069
-0.163 -0.163 -0.068
-0.183 -0.153 -0.119
-0.134 -0.096  0.009
-0.118 -0.176 -0.004
-0.074 -0.115 -0.000
-0.105 -0.129 -0.102
-0.115 -0.105 -0.027
-0.149 -0.127 -0.060
-0.067 -0.041  0.022
 0.084  0.088  0.115
 0.150  0.122  0.122
 0.166  0.137  0.162
 0.212  0.182  0.237
 0.229  0.178  0.194
 0.206  0.126  0.153
 0.168  0.099  0.088
 0.135  0.070  0.045
 0.102  0.070  0.036
 0.064  0.054  0.085
 0.045  0.041  0.094
 0.025  0.006 -0.025
 0.063  0.078  0.026
 0.081  0.073 -0.028
 0.080  0.119  0.067
 0.097  0.128  0.070
 0.031  0.042  0.007
 0.044  0.024 -0.021
-0.002 -0.020 -0.075
-0.006 -0.010 -0.080
-0.019 -0.020 -0.032
-0.047 -0.023  0.014
-0.075 -0.046 -0.002
-0.045 -0.051 -0.024
-0.024 -0.089  0.005
-0.004 -0.071  0.020
 0.042 -0.031  0.097
 0.019 -0.002  0.163
-0.018 -0.109  0.133
 0.053 -0.080  0.252
 0.079 -0.080  0.198
 0.072 -0.091  0.165
 0.114 -0.025  0.193
 0.114  0.014  0.256
 0.098 -0.023  0.197
 0.075 -0.061  0.170
 0.038 -0.096  0.094
 0.018 -0.120  0.061
 0.067 -0.045  0.132
 0.111  0.043  0.181
 0.142  0.079  0.182
 0.132  0.052  0.143
 0.158  0.098  0.205
 0.136  0.042  0.127
 0.141  0.081  0.167
 0.098  0.062  0.137
 0.086  0.028  0.085
 0.100  0.063  0.125
 0.051  0.013 -0.019
 0.051  0.038  0.101
 0.014 -0.006  0.020
-0.002 -0.009  0.091
 0.029  0.039  0.047
-0.043 -0.077 -0.006
-0.018 -0.064 -0.004
-0.007 -0.040 -0.039
-0.015  0.018 -0.004
 0.033  0.057  0.081
 0.028  0.066  0.109
 0.047  0.041  0.047
 0.019  0.029  0.019
 0.010  0.005  0.041
-0.028 -0.017  0.063
-0.046 -0.044  0.063
-0.052 -0.064 -0.014
-0.039 -0.049 -0.017
-0.030 -0.047 -0.008
 0.006  0.023  0.093
 0.021  0.021  0.091
-0.075 -0.067 -0.017
-0.062 -0.081 -0.066
-0.085 -0.090 -0.129
-0.033 -0.005 -0.054
-0.089 -0.075 -0.013
-0.133 -0.088 -0.087
-0.076 -0.109 -0.080
 0.016  0.061  0.004
 0.040  0.042  0.009
 0.046  0.135  0.098
 0.051  0.110  0.094
 0.025  0.074  0.042
 0.014  0.044 -0.000
-0.016  0.052 -0.073
 0.009  0.051 -0.039
 0.018  0.057  0.012
 0.112  0.195  0.112
 0.007 -0.006  0.011
 0.026 -0.000  0.005
 0.024 -0.053 -0.050
 0.038 -0.017  0.052
 0.038 -0.048 -0.004
-0.031 -0.114 -0.010
-0.060 -0.150 -0.099
-0.065 -0.121 -0.132
 0.029  0.021 -0.035
 0.052  0.056  0.042
 0.011  0.053  0.117
-0.008 -0.006  0.036
-0.046 -0.074 -0.027
 0.004 -0.075 -0.051
-0.036 -0.106 -0.093
 0.022  0.021 -0.028
-0.036 -0.067  0.025
-0.009  0.057  0.082
 0.028  0.091  0.187
 0.043  0.107  0.189
 0.068  0.046  0.118
 0.074  0.083  0.140
 0.075  0.069  0.111
 0.097  0.127  0.168
 0.075  0.069  0.095
 0.002 -0.024 -0.041
-0.050 -0.004 -0.173
 0.044  0.063  0.052
 0.086  0.109  0.116
 0.179  0.235  0.226
 0.227  0.314  0.222
 0.214  0.232  0.181
 0.174  0.171  0.100
 0.179  0.168  0.068
 0.190  0.200  0.132
 0.171  0.160  0.125
 0.115  0.130  0.150
 0.031  0.002 -0.029
 0.003 -0.056 -0.066
-0.021 -0.078 -0.117
-0.047 -0.120 -0.124
-0.068 -0.099 -0.105
-0.085  0.001 -0.033
 0.019  0.077  0.032
 0.048  0.062 -0.006
 0.128  0.139  0.033
 0.089  0.072 -0.010
 0.143  0.202  0.052
 0.020  0.015 -0.018
 0.027  0.032  0.029
 0.009  0.014  0.042
-0.035 -0.022  0.025
-0.024 -0.040 -0.059
-0.038 -0.040 -0.045
-0.054 -0.056 -0.075
-0.076 -0.036 -0.008
-0.089 -0.062 -0.017
-0.072 -0.039  0.025
-0.080 -0.074 -0.095
-0.102 -0.106 -0.067
-0.099 -0.131 -0.119
-0.114 -0.105 -0.023
-0.121 -0.116 -0.065
-0.135 -0.130 -0.081
-0.143 -0.155 -0.135
-0.129 -0.140 -0.106
-0.096 -0.079 -0.112
 0.041  0.073  0.043
 0.006  0.021  0.023
-0.002  0.006 -0.004
 0.041  0.141 -0.021
-0.012  0.020 -0.067
 0.050  0.167 -0.086
-0.051  0.016 -0.130
-0.093 -0.052 -0.081
-0.112 -0.111 -0.108
-0.096 -0.105 -0.105
-0.059 -0.082 -0.143
-0.021 -0.037 -0.067
-0.012 -0.008 -0.049
 0.010  0.042  0.086
-0.008  0.010 -0.007
-0.026 -0.010 -0.027
-0.005 -0.004 -0.046
-0.058 -0.079 -0.078
-0.060 -0.078 -0.054
-0.093 -0.098 -0.039
-0.092 -0.133 -0.075
-0.097 -0.154 -0.083
-0.058 -0.091 -0.006
-0.058 -0.190 -0.056
-0.094 -0.189 -0.027
-0.033 -0.008  0.036
 0.035  0.012  0.187
 0.107  0.001  0.245
 0.068 -0.081  0.120
 0.051 -0.099  0.120
 0.025 -0.133  0.072
 0.045 -0.077  0.157
 0.055 -0.106  0.082
 0.044 -0.122  0.034
 0.030 -0.134  0.004
 0.108 -0.039  0.073
 0.202  0.146  0.172
 0.210  0.138  0.203
 0.199  0.123  0.202
 0.163  0.045  0.095
 0.160  0.067  0.111
 0.117  0.006  0.014
 0.194  0.078  0.138
 0.151  0.029  0.101
 0.125 -0.002  0.073
 0.089 -0.038  0.023
 0.049 -0.088 -0.075
 0.068 -0.051 -0.023
-0.068 -0.214 -0.018
-0.019 -0.107 -0.025
-0.087 -0.189 -0.094
-0.119 -0.143 -0.120
 0.051 -0.047  0.001
 0.101 -0.079  0.009
 0.096 -0.100 -0.020
 0.110 -0.081 -0.090
 0.105 -0.046 -0.044
 0.243  0.119  0.170
 0.287  0.174  0.310
 0.310  0.174  0.361
 0.336  0.225  0.261
 0.186  0.029  0.087
 0.186  0.057  0.097
 0.214  0.093  0.040
 0.190  0.105  0.053
 0.152  0.082  0.051
 0.098  0.035  0.057
 0.071  0.038  0.002
-0.057 -0.131 -0.120
-0.030 -0.080 -0.132
-0.106 -0.156 -0.155
-0.135 -0.155 -0.111
-0.134 -0.173 -0.123
-0.041 -0.062 -0.008
 0.033  0.004 -0.010
 0.067  0.052  0.030
 0.084  0.093  0.042
 0.088  0.119  0.102
 0.036  0.067  0.043
 0.021  0.035  0.016
 0.015  0.018 -0.010
 0.008 -0.011 -0.047
 0.013  0.025  0.019
-0.016 -0.015  0.022
-0.022  0.008  0.076
-0.046 -0.046 -0.035
-0.079 -0.096 -0.086
-0.060 -0.089 -0.056
-0.089 -0.098 -0.056
-0.106 -0.091 -0.044
-0.169 -0.185 -0.087
-0.174 -0.199 -0.118
-0.152 -0.247 -0.214
-0.164 -0.232 -0.152
-0.160 -0.223 -0.201
-0.172 -0.202 -0.121
-0.150 -0.219 -0.131
-0.146 -0.217 -0.120
-0.125 -0.234 -0.182
-0.132 -0.205 -0.132
-0.127 -0.195 -0.135
-0.142 -0.147 -0.048
-0.146 -0.180 -0.119
-0.177 -0.232 -0.166
-0.065 -0.058 -0.113
-0.189 -0.240 -0.208
-0.192 -0.245 -0.213
-0.202 -0.264 -0.241
-0.249 -0.269 -0.209
-0.273 -0.311 -0.229
-0.240 -0.284 -0.228
-0.239 -0.277 -0.294
-0.244 -0.283 -0.313
-0.234 -0.286 -0.259
-0.244 -0.223 -0.298
-0.267 -0.243 -0.328
-0.234 -0.232 -0.329
-0.181 -0.205 -0.323
-0.178 -0.171 -0.350
-0.192 -0.168 -0.320
-0.231 -0.168 -0.246
-0.234 -0.183 -0.239
-0.196 -0.155 -0.238
-0.166 -0.155 -0.301
-0.158 -0.120 -0.222
-0.138 -0.098 -0.250
-0.133 -0.044 -0.128
-0.092 -0.011 -0.126
-0.183 -0.128 -0.245
-0.141 -0.102 -0.244
-0.217 -0.167 -0.283
-0.194 -0.120 -0.279
-0.250 -0.138 -0.243
-0.151  0.014 -0.098
-0.237 -0.132 -0.171
-0.176 -0.087 -0.171
-0.152 -0.093 -0.170
-0.136 -0.076 -0.150
-0.142 -0.069 -0.180
-0.151 -0.035 -0.130
-0.157 -0.052 -0.144
-0.137 -0.036 -0.106
-0.166 -0.113 -0.163
-0.207 -0.122 -0.152
-0.225 -0.175 -0.179
-0.255 -0.173 -0.129
-0.296 -0.234 -0.158
-0.320 -0.227 -0.127
-0.254 -0.148 -0.071
-0.234 -0.104 -0.088
-0.201  0.003 -0.088
-0.083  0.091 -0.097
 0.037  0.223  0.097
 0.009  0.158  0.083
-0.017  0.134  0.125
 0.046  0.202  0.099
 0.008  0.086 -0.015
 0.156  0.271  0.033
 0.092  0.129 -0.005
 0.095  0.173  0.017
-0.001  0.087  0.050
-0.042  0.051 -0.006
-0.066 -0.028 -0.086
-0.070 -0.015 -0.011
-0.103 -0.100 -0.138
-0.107 -0.116 -0.141
-0.049  0.025 -0.081
-0.115 -0.080 -0.080
-0.063 -0.029 -0.002
-0.043 -0.035 -0.054
-0.000  0.017  0.066
-0.031 -0.013 -0.062
 0.006  0.024  0.053
-0.009  0.001  0.023
-0.027 -0.019  0.027
 0.004 -0.029  0.016
 0.008 -0.040 -0.022
 0.031 -0.024  0.022
 0.022 -0.058 -0.024
-0.001 -0.048  0.072
-0.029 -0.077  0.075
-0.053 -0.078  0.082
-0.087 -0.132 -0.034
-0.023 -0.085  0.007
 0.108  0.111  0.059
-0.026 -0.052 -0.042
-0.048 -0.049 -0.046
-0.082 -0.086 -0.018
-0.046 -0.055 -0.006
-0.017 -0.056 -0.067
 0.003  0.001  0.005
 0.026 -0.004 -0.073
 0.048  0.018  0.022
 0.071  0.063  0.047
 0.043  0.035  0.035
 0.129  0.172  0.038
 0.041  0.032 -0.064
 0.044  0.032 -0.067
 0.034  0.007 -0.029
 0.054  0.065  0.033
 0.075  0.077  0.070
 0.101  0.099  0.097
 0.102  0.075  0.018
 0.082  0.086  0.073
 0.061  0.058  0.028
 0.024  0.052  0.072
 0.045  0.073  0.073
 0.030  0.051  0.041
 0.105  0.127  0.108
 0.062  0.100  0.009
 0.122  0.177  0.073
 0.079  0.120  0.081
 0.094  0.174  0.084
 0.028  0.070  0.048
 0.012  0.059 -0.008
 0.002  0.045 -0.017
-0.026  0.032 -0.001
-0.056  0.003  0.003
-0.055  0.015  0.083
-0.086 -0.044  0.006
-0.072 -0.041 -0.013
-0.026 -0.013 -0.023
-0.043 -0.006 -0.065
 0.031  0.171  0.031
-0.061  0.014 -0.004
-0.034  0.024 -0.011
-0.007  0.011 -0.056
 0.025  0.053 -0.006
 0.017  0.035 -0.051
 0.006  0.067  0.047
 0.025  0.066  0.032
 0.042  0.071  0.046
 0.095  0.103 -0.000
 0.066  0.078 -0.020
 0.090  0.119  0.032
 0.064  0.124  0.076
 0.108  0.174  0.102
 0.049  0.081 -0.003
 0.141  0.213  0.008
 0.056  0.068 -0.037
 0.035  0.087  0.009
-0.004  0.024  0.022
 0.006  0.058 -0.013
 0.031  0.045  0.013
 0.085  0.109  0.044
 0.083  0.138  0.001
 0.060  0.127  0.053
 0.039  0.117  0.088
 0.037  0.122  0.091
 0.038  0.086  0.069
 0.039  0.089  0.065
 0.027  0.067  0.056
-0.004  0.057  0.103
-0.038  0.008  0.104
-0.067  0.001  0.103
-0.075 -0.064 -0.026
-0.081 -0.068 -0.024
-0.065 -0.016 -0.006
-0.070 -0.016  0.051
-0.092 -0.011  0.038
-0.088 -0.047 -0.010
-0.013  0.019  0.029
-0.001  0.025 -0.093
 0.024  0.068 -0.020
 0.097  0.113 -0.023
 0.080  0.107 -0.060
 0.098  0.132 -0.043
 0.093  0.130 -0.001
 0.066  0.148  0.096
 0.058  0.094  0.013
 0.067  0.087 -0.007
 0.113  0.110 -0.021
 0.055  0.058 -0.000
 0.049  0.061  0.017
 0.075  0.103  0.094
 0.118  0.116  0.051
 0.060  0.029 -0.025
 0.075  0.056 -0.015
 0.046  0.047 -0.076
 0.025  0.072 -0.060
-0.004  0.061  0.046
 0.033  0.087  0.053
-0.001  0.049 -0.022
 0.028  0.060  0.022
 0.035  0.064  0.034
 0.041  0.096  0.098
 0.029  0.084  0.053
 0.042  0.103  0.055
 0.044  0.061 -0.015
 0.025  0.058  0.051
-0.006  0.029  0.048
-0.020  0.054  0.161
-0.039  0.009  0.055
-0.004  0.020  0.023
 0.018  0.038  0.008
 0.018  0.037 -0.005
 0.030  0.056  0.050
-0.026 -0.001  0.045
-0.021 -0.040 -0.003
-0.010 -0.070 -0.056
 0.016 -0.032 -0.018
 0.025 -0.029 -0.034
 0.026  0.032  0.081
 0.053  0.050  0.064
-0.002 -0.037 -0.003
 0.060  0.024  0.007
 0.059  0.009 -0.000
 0.088  0.055  0.045
 0.067  0.067  0.127
 0.113  0.192  0.143
 0.030  0.020  0.056
 0.069  0.049  0.059
 0.084  0.044  0.026
 0.093  0.081  0.084
 0.095  0.072  0.084
 0.059  0.074  0.102
 0.053  0.034  0.036
 0.049 -0.035  0.030
 0.112  0.010  0.049
 0.040 -0.181  0.009
 0.078 -0.088  0.082
 0.031 -0.145  0.097
 0.013 -0.156  0.052
-0.008 -0.186 -0.006
-0.004 -0.175 -0.006
 0.002 -0.157 -0.026
-0.034 -0.144 -0.005
-0.060 -0.156 -0.016
-0.051 -0.126  0.030
-0.068 -0.172 -0.069
-0.089 -0.156 -0.081
-0.085 -0.135 -0.083
-0.084 -0.108  0.013
-0.060 -0.053  0.006
-0.056 -0.092 -0.005
-0.007 -0.072  0.034
 0.023 -0.048 -0.004
 0.021 -0.020  0.060
 0.013 -0.000  0.050
 0.020  0.062  0.132
 0.115  0.157  0.183
 0.086  0.098  0.144
 0.139  0.153  0.049
 0.153  0.092  0.077
 0.112  0.069  0.001
 0.069  0.053  0.004
 0.082  0.085  0.028
 0.066  0.061  0.018
 0.195  0.216  0.055
 0.127  0.058  0.005
 0.166  0.108  0.075
 0.131  0.088  0.050
 0.095  0.103  0.137
 0.091  0.057  0.113
 0.042 -0.033  0.045
 0.079 -0.002  0.068
 0.048 -0.020  0.017
 0.060  0.011  0.074
 0.052  0.030  0.123
 0.076  0.047  0.131
 0.058  0.018  0.065
 0.022 -0.007  0.037
-0.012 -0.040  0.028
-0.052 -0.032  0.000
-0.087 -0.038  0.023
-0.110 -0.100 -0.025
-0.096 -0.056 -0.044
-0.100 -0.092 -0.115
-0.031 -0.015  0.014
-0.046 -0.035 -0.005
-0.064 -0.008  0.068
-0.057 -0.039 -0.005
-0.040 -0.002  0.022
-0.068 -0.068 -0.085
-0.083 -0.053 -0.002
-0.142 -0.127 -0.084
-0.174 -0.140 -0.050
-0.156 -0.149 -0.139
-0.080 -0.099 -0.106
-0.024 -0.062 -0.093
 0.004 -0.030 -0.071
 0.030  0.028 -0.017
 0.018  0.042  0.014
 0.077  0.102  0.030
 0.054  0.038 -0.016
 0.121  0.140  0.046
 0.042  0.044 -0.037
 0.157  0.223  0.092
 0.060  0.068  0.072
 0.050  0.055  0.046
 0.033  0.002 -0.037
 0.030  0.005 -0.059
 0.014 -0.023 -0.070
 0.008  0.003 -0.001
 0.000  0.007  0.031
 0.017  0.041  0.091
 0.013  0.029  0.036
 0.007  0.046  0.013
 0.012  0.030 -0.015
 0.016  0.057  0.035
-0.010  0.030  0.017
-0.056 -0.003  0.028
-0.082 -0.081 -0.087
-0.086 -0.083 -0.052
-0.123 -0.119 -0.087
-0.137 -0.103 -0.009
-0.126 -0.062 -0.016
-0.053 -0.002  0.025
-0.021  0.040  0.022
 0.003  0.075  0.037
 0.065  0.192  0.068
 0.029  0.131  0.088
 0.027  0.119  0.089
 0.005  0.066  0.007
 0.043  0.127  0.046
 0.069  0.134  0.019
 0.087  0.188  0.148
 0.055  0.158  0.094
 0.016  0.094  0.066
 0.082  0.148  0.086
 0.092  0.149  0.063
 0.089  0.152  0.067
 0.061  0.141  0.092
 0.099  0.169  0.109
 0.082  0.144  0.061
 0.128  0.182  0.070
 0.124  0.165  0.073
 0.093  0.139  0.062
 0.014  0.092  0.039
 0.018  0.138  0.033
-0.065 -0.018 -0.018
-0.045 -0.009 -0.020
-0.041 -0.011 -0.047
-0.037 -0.005 -0.016
-0.049  0.003 -0.041
-0.048  0.033  0.032
-0.051 -0.021 -0.053
-0.013  0.043 -0.008
-0.003  0.053 -0.050
-0.010  0.056 -0.026
-0.042  0.053 -0.025
-0.059  0.034  0.001
-0.111 -0.039 -0.083
-0.109 -0.052 -0.085
-0.061 -0.007 -0.058
-0.038  0.015 -0.023
-0.025  0.049  0.001
-0.012  0.064  0.061
-0.009  0.059  0.005
 0.013  0.082 -0.007
 0.068  0.185  0.017
 0.023  0.110 -0.021
 0.070  0.158  0.018
 0.061  0.144  0.023
 0.066  0.120  0.016
 0.093  0.110 -0.016
 0.104  0.146  0.009
 0.087  0.128 -0.036
 0.070  0.154  0.032
 0.104  0.168  0.024
 0.076  0.143  0.018
 0.090  0.115 -0.049
 0.089  0.121  0.009
 0.061  0.083 -0.024
 0.039  0.101  0.043
 0.064  0.099  0.037
 0.053  0.077  0.061
 0.047  0.038 -0.029
 0.030  0.059  0.013
 0.059  0.066  0.039
 0.061  0.100  0.135
 0.033  0.038  0.099
 0.030  0.008  0.030
 0.034 -0.007 -0.021
 0.006 -0.039 -0.045
-0.009 -0.031 -0.045
 0.002  0.010  0.043
-0.000 -0.019  0.024
 0.016 -0.028  0.004
 0.025 -0.028 -0.021
 0.046 -0.003  0.002
 0.033 -0.014  0.018
-0.006 -0.059  0.058
-0.017 -0.108  0.029
 0.018 -0.082  0.002
 0.027 -0.065 -0.026
 0.033 -0.039 -0.012
 0.010 -0.029 -0.024
-0.026 -0.032  0.006
 0.007 -0.037  0.001
 0.020 -0.048 -0.056
 0.137  0.132 -0.020
 0.068  0.004 -0.017
 0.094  0.069  0.031
 0.077  0.009  0.076
 0.112  0.015  0.043
 0.092 -0.002 -0.096
 0.098  0.006 -0.070
 0.106  0.020 -0.008
 0.120  0.053  0.073
 0.026 -0.003 -0.065
 0.014 -0.011 -0.079
-0.003 -0.022 -0.165
 0.032  0.009 -0.025
 0.030  0.027 -0.033
 0.057  0.064  0.161
 0.058  0.033  0.101
 0.049  0.005  0.071
 0.085  0.030  0.069
 0.050  0.024  0.078
 0.035  0.041  0.087
-0.020 -0.026  0.078
-0.020 -0.059  0.044
-0.035 -0.093  0.025
-0.040 -0.076 -0.011
-0.043 -0.062  0.006
-0.037 -0.024  0.025
-0.038 -0.011  0.048
-0.015 -0.003  0.030
 0.015  0.018  0.034
 0.007  0.028  0.038
-0.043 -0.019  0.026
-0.029  0.051  0.040
-0.092 -0.049 -0.037
-0.071 -0.036 -0.155
-0.045 -0.005 -0.222
-0.072  0.004 -0.248
-0.052  0.044 -0.231
-0.026  0.093 -0.106
-0.003  0.092 -0.165
 0.037  0.120 -0.077
 0.022  0.122 -0.187
 0.006  0.138 -0.154
 0.047  0.150 -0.059
 0.040  0.182  0.042
-0.014  0.088 -0.042
-0.050  0.058 -0.073
-0.039  0.041 -0.105
-0.039  0.039 -0.052
-0.066  0.024 -0.102
-0.070  0.046 -0.005
-0.077  0.013 -0.019
-0.063  0.049  0.029
-0.019  0.062 -0.027
-0.005  0.073  0.042
-0.003  0.053  0.013
 0.006  0.058  0.111
 0.003  0.025  0.043
-0.037 -0.027 -0.018
 0.013  0.104  0.018
-0.086 -0.032 -0.071
-0.121 -0.042 -0.034
-0.183 -0.088 -0.027
-0.190 -0.083 -0.050
-0.155 -0.088 -0.088
-0.140 -0.035 -0.063
-0.091 -0.027 -0.079
-0.093  0.002  0.014
-0.151 -0.038 -0.087
-0.105 -0.036 -0.008
-0.043 -0.027 -0.046
-0.028 -0.005  0.003
-0.031 -0.007 -0.059
-0.036  0.013  0.040
-0.007  0.029 -0.003
 0.002 -0.014 -0.046
 0.033  0.015 -0.051
 0.040  0.020 -0.055
 0.071  0.055  0.022
 0.059  0.067  0.049
 0.138  0.231  0.098
 0.041  0.033 -0.001
 0.063  0.033 -0.028
 0.023  0.001 -0.039
 0.009 -0.006  0.019
 0.001 -0.010  0.048
-0.004 -0.003  0.083
 0.019 -0.028 -0.003
 0.042  0.018  0.057
 0.069  0.002  0.024
 0.063  0.019  0.075
 0.085  0.063  0.124
 0.025 -0.002  0.081
 0.036 -0.031  0.040
 0.008 -0.074 -0.004
 0.008 -0.061  0.010
-0.018 -0.075  0.042
-0.025 -0.050  0.030
-0.081 -0.143 -0.011
-0.066 -0.127 -0.048
-0.040 -0.117 -0.063
-0.050 -0.093 -0.015
-0.037 -0.060  0.015
-0.057 -0.025  0.071
-0.062 -0.076  0.012
-0.007 -0.033  0.048
 0.018 -0.018 -0.031
 0.009 -0.023  0.022
 0.021  0.006  0.052
-0.027 -0.051  0.054
 0.024 -0.015  0.043
 0.027 -0.048  0.000
 0.119  0.120  0.022
 0.035 -0.023  0.009
 0.053  0.047  0.059
 0.020  0.001  0.053
 0.074  0.039  0.062
 0.086  0.051  0.008
 0.057  0.026  0.009
 0.039  0.003  0.029
 0.009  0.001  0.086
-0.040 -0.102 -0.027
-0.021 -0.066 -0.006
-0.021 -0.078 -0.053
-0.027 -0.029  0.015
-0.009 -0.016 -0.002
-0.006  0.006  0.079
 0.002 -0.030 -0.019
-0.012 -0.034 -0.034
-0.028 -0.041 -0.073
-0.054 -0.063 -0.037
-0.061 -0.069 -0.038
-0.050 -0.091 -0.062
-0.049 -0.074 -0.078
-0.076 -0.080 -0.018
-0.087 -0.072  0.051
-0.231 -0.240  0.044
-0.260 -0.243  0.084
-0.152 -0.048  0.098
-0.243 -0.183  0.061
-0.208 -0.018  0.146
-0.194  0.055  0.241
-0.071  0.146  0.363
 0.013  0.162  0.291
-0.014  0.168  0.325
-0.019  0.161  0.320
-0.006  0.152  0.303
 0.027  0.147  0.219
 0.060  0.170  0.249
 0.090  0.191  0.157
 0.036  0.195  0.090
 0.021  0.177  0.026
 0.022  0.178  0.021
 0.051  0.158 -0.058
 0.066  0.188 -0.024
 0.062  0.163 -0.095
 0.026  0.144 -0.091
-0.006  0.093 -0.084
-0.069  0.050 -0.095
-0.069 -0.029 -0.132
-0.106 -0.069 -0.160
-0.115 -0.104 -0.197
-0.150 -0.120 -0.221
-0.108 -0.083 -0.196
-0.083 -0.036 -0.095
-0.050 -0.039 -0.160
-0.031  0.004 -0.134
-0.011 -0.004 -0.150
-0.011  0.003 -0.130
-0.018 -0.017 -0.129
-0.111 -0.080 -0.165
-0.165 -0.146 -0.197
-0.179 -0.164 -0.211
-0.137 -0.149 -0.237
-0.109 -0.105 -0.203
-0.061 -0.077 -0.165
-0.090 -0.052 -0.101
-0.153 -0.121 -0.152
-0.147 -0.094 -0.145
-0.138 -0.126 -0.253
-0.072 -0.078 -0.125
-0.018 -0.051 -0.064
-0.000 -0.030  0.023
 0.001 -0.044  0.061
 0.021 -0.053  0.069
 0.103  0.038  0.097
 0.061 -0.045  0.045
 0.069 -0.032  0.028
 0.013 -0.059  0.029
 0.040 -0.031  0.093
 0.072 -0.062  0.058
 0.093  0.007  0.083
 0.079 -0.012  0.002
 0.042 -0.046  0.033
 0.092  0.046  0.122
 0.013 -0.069  0.032
 0.035 -0.058  0.022
 0.026 -0.069  0.004
-0.020 -0.080  0.046
-0.050 -0.096 -0.004
-0.077 -0.121  0.018
-0.054 -0.141 -0.068
-0.079 -0.139 -0.078
-0.081 -0.138 -0.083
-0.092 -0.134 -0.075
-0.084  0.021 -0.163
-0.169 -0.020 -0.186
-0.105  0.088 -0.108
-0.081  0.025 -0.073
-0.040  0.071  0.058
-0.034  0.022  0.028
-0.039  0.006 -0.022
-0.030  0.012 -0.067
-0.003  0.059 -0.053
 0.000  0.087 -0.005
-0.018  0.102  0.042
 0.067  0.240  0.021
 0.020  0.121 -0.021
 0.073  0.177 -0.029
-0.004  0.094 -0.074
-0.022  0.085 -0.058
-0.048  0.048 -0.089
-0.021  0.053 -0.073
 0.017  0.039 -0.088
 0.052  0.083 -0.009
 0.039  0.054 -0.062
 0.062  0.112  0.080
 0.097  0.120  0.087
 0.140  0.068  0.113
 0.178  0.071  0.142
 0.175  0.043  0.161
 0.185  0.035  0.229
 0.145 -0.004  0.237
 0.108 -0.036  0.197
 0.056 -0.123  0.129
 0.090 -0.089  0.137
 0.070 -0.109  0.135
 0.063 -0.111  0.131
 0.044 -0.112  0.153
 0.083 -0.027  0.208
 0.017 -0.152  0.129
 0.072 -0.101  0.079
 0.056 -0.123  0.091
 0.051 -0.115  0.114
 0.020 -0.137  0.112
 0.015 -0.116  0.146
 0.002 -0.162  0.075
 0.016 -0.146  0.087
 0.020 -0.145  0.022
 0.028 -0.101  0.093
 0.046 -0.078  0.106
 0.109  0.015  0.155
 0.102 -0.043  0.073
 0.149  0.027  0.157
 0.132 -0.008  0.091
 0.155  0.024  0.144
 0.084 -0.017  0.091
 0.073 -0.020  0.015
 0.170  0.127  0.053
 0.105 -0.053  0.070
 0.076 -0.072  0.110
 0.019 -0.091  0.086
 0.013 -0.083  0.031
 0.037 -0.118  0.028
 0.081 -0.040  0.073
 0.127 -0.048  0.142
 0.113 -0.018  0.245
 0.108 -0.063  0.188
 0.067 -0.094  0.110
 0.123 -0.069  0.169
 0.091 -0.034  0.167
 0.075 -0.056  0.124
 0.030 -0.067  0.203
 0.019 -0.096  0.121
 0.035 -0.093  0.122
 0.047 -0.078  0.092
 0.006 -0.099  0.063
 0.011 -0.076  0.123
-0.015 -0.078  0.120
 0.050 -0.063  0.128
 0.072 -0.061  0.147
 0.032 -0.103  0.125
-0.029 -0.125  0.060
-0.070 -0.113  0.098
-0.069 -0.126  0.063
-0.009 -0.051  0.117
-0.013 -0.078  0.020
 0.039 -0.005  0.110
-0.001 -0.041  0.072
-0.035 -0.054  0.110
-0.053 -0.064  0.118
-0.079 -0.089  0.079
-0.033 -0.072  0.019
 0.028 -0.037  0.049
 0.063 -0.010  0.074
 0.061  0.005  0.074
 0.075  0.085  0.169
 0.044  0.018  0.015
 0.053 -0.002  0.018
 0.049  0.032 -0.041
 0.062  0.038  0.019
 0.153  0.213  0.139
 0.042 -0.001  0.104
 0.047 -0.002  0.043
 0.041 -0.016 -0.008
 0.045  0.001  0.045
 0.041  0.015  0.062
 0.029  0.047  0.069
 0.031  0.003  0.007
 0.071  0.053  0.078
 0.061  0.035 -0.008
 0.072  0.092  0.091
 0.068  0.084  0.063
 0.025  0.060  0.068
 0.033  0.039  0.009
 0.007  0.006 -0.021
-0.025 -0.005  0.002
-0.059 -0.009  0.028
-0.095 -0.040 -0.044
-0.105 -0.075 -0.047
-0.109 -0.083 -0.060
-0.091 -0.070 -0.080
 0.013  0.087  0.106
 0.017  0.086  0.093
 0.039  0.092  0.078
 0.044  0.092 -0.000
 0.021  0.067 -0.000
 0.028  0.102  0.043
 0.004  0.086  0.058
 0.012  0.075  0.000
 0.036  0.073 -0.051
 0.072  0.125 -0.005
 0.088  0.122 -0.024
 0.074  0.168  0.055
 0.095  0.169  0.034
 0.028  0.064 -0.048
 0.074  0.092 -0.048
 0.033  0.066 -0.086
 0.134  0.254  0.058
 0.029  0.084  0.045
 0.022  0.071 -0.016
-0.003  0.023 -0.122
-0.018 -0.000 -0.118
-0.038 -0.036 -0.142
-0.073 -0.006 -0.071
-0.081 -0.021 -0.097
-0.048  0.018 -0.035
-0.046 -0.015 -0.118
-0.058 -0.026 -0.107
-0.050  0.001 -0.067
-0.081 -0.026  0.008
-0.084 -0.026 -0.019
-0.071 -0.041 -0.048
-0.059  0.021 -0.119
-0.080  0.018 -0.146
-0.077  0.059 -0.038
-0.099  0.007 -0.084
-0.103 -0.013 -0.102
-0.086  0.013 -0.179
-0.081  0.034 -0.155
-0.100  0.033 -0.081
-0.201 -0.017 -0.134
-0.091  0.148 -0.095
-0.113  0.006 -0.140
-0.058  0.027 -0.160
-0.077  0.017 -0.133
-0.106  0.008 -0.129
-0.121  0.012 -0.258
-0.101  0.095 -0.313
-0.034  0.127 -0.343
 0.005  0.175 -0.261
 0.016  0.147 -0.295
 0.033  0.135 -0.172
 0.106  0.277 -0.024
 0.017  0.087 -0.050
 0.009  0.063 -0.069
 0.008  0.023 -0.110
-0.046  0.006 -0.058
-0.144 -0.100 -0.130
-0.114 -0.072 -0.071
-0.049 -0.026 -0.107
-0.045 -0.051 -0.110
-0.036 -0.037 -0.113
-0.019 -0.008 -0.055
-0.011  0.011 -0.014
-0.041 -0.019 -0.035
 0.020  0.044 -0.026
-0.026 -0.023 -0.098
 0.014  0.003 -0.041
 0.000  0.008 -0.032
 0.021  0.053  0.040
-0.066 -0.071 -0.046
-0.127 -0.153 -0.134
-0.135 -0.218 -0.125
-0.170 -0.179 -0.133
-0.148 -0.030 -0.022
-0.015  0.136  0.092
 0.026  0.063  0.102
 0.083  0.129  0.179
 0.243  0.317  0.349
 0.361  0.454  0.506
 0.383  0.451  0.501
 0.421  0.517  0.502
 0.381  0.438  0.409
 0.489  0.556  0.752
 0.524  0.592  0.687
 0.556  0.644  0.661
 0.497  0.600  0.513
 0.484  0.539  0.472
 0.466  0.500  0.368
 0.424  0.453  0.328
 0.420  0.439  0.375
 0.347  0.375  0.337
 0.337  0.396  0.274
 0.274  0.267  0.280
 0.331  0.295  0.277
 0.356  0.270  0.354
 0.331  0.419  0.375
 0.465  0.574  0.634
 0.589  0.590  0.755
 0.649  0.563  0.722
 0.645  0.580  0.700
 0.604  0.477  0.559
 0.582  0.418  0.592
 0.587  0.429  0.552
 0.592  0.407  0.579
 0.585  0.322  0.613
 0.472  0.204  0.475
 0.421  0.281  0.263
 0.309  0.156  0.195
 0.434  0.311  0.268
 0.598  0.403  0.398
 0.621  0.394  0.547
 0.645  0.331  0.538
 0.636  0.318  0.517
 0.630  0.325  0.486
 0.749  0.367  0.668
 0.884  0.434  0.898
 0.796  0.298  0.772
 0.703  0.196  0.542
 0.637  0.155  0.454
 0.611  0.177  0.496
 0.559  0.162  0.399
 0.526  0.201  0.447
 0.456  0.135  0.252
 0.389  0.073  0.145
 0.346  0.049  0.083
 0.301  0.031  0.107
 0.304  0.074  0.111
 0.200 -0.033  0.025
 0.136 -0.056 -0.121
 0.067 -0.116 -0.259
 0.046 -0.143 -0.178
 0.028 -0.183 -0.197
 0.028 -0.188 -0.029
 0.004 -0.217 -0.057
-0.024 -0.231 -0.078
-0.019 -0.225 -0.079
-0.037 -0.239 -0.086
 0.142 -0.032  0.090
 0.356  0.069  0.349
 0.577  0.206  0.563
 0.586  0.186  0.498
 0.590  0.196  0.415
 0.594  0.271  0.428
 0.583  0.339  0.437
 0.501  0.288  0.275
 0.432  0.268  0.222
 0.371  0.224  0.079
 0.335  0.200  0.046
 0.334  0.223  0.056
 0.301  0.208  0.104
 0.281  0.213  0.134
 0.236  0.144  0.043
 0.245  0.170  0.010
 0.204  0.103 -0.095
 0.142  0.061 -0.144
 0.103  0.037 -0.156
 0.070  0.015 -0.140
 0.106  0.126 -0.091
 0.047  0.027 -0.111
 0.077 -0.024  0.028
 0.092 -0.080  0.063
 0.094 -0.083  0.121
 0.006 -0.111  0.036
-0.001 -0.056 -0.163
 0.290  0.286 -0.024
 0.510  0.387  0.112
 0.587  0.403  0.255
 0.566  0.371  0.255
 0.461  0.303  0.212
 0.407  0.231  0.104
 0.366  0.214  0.125
 0.286  0.131  0.034
 0.258  0.141  0.081
 0.227  0.087  0.112
 0.172  0.116  0.153
 0.107  0.012 -0.007
 0.067  0.004 -0.005
 0.014 -0.061 -0.108
-0.008 -0.044 -0.076
-0.052 -0.119 -0.183
-0.090 -0.112 -0.163
-0.150 -0.169 -0.230
-0.192 -0.177 -0.222
-0.222 -0.239 -0.287
-0.243 -0.219 -0.277
-0.265 -0.260 -0.359
-0.266 -0.211 -0.292
-0.307 -0.234 -0.345
-0.278 -0.172 -0.253
-0.280 -0.209 -0.355
-0.266 -0.161 -0.271
-0.313 -0.236 -0.367
-0.330 -0.212 -0.290
-0.345 -0.210 -0.318
-0.391 -0.273 -0.402
-0.418 -0.272 -0.453
-0.455 -0.291 -0.496
-0.404 -0.163 -0.426
-0.490 -0.298 -0.423
-0.495 -0.297 -0.393
-0.495 -0.333 -0.429
-0.491 -0.303 -0.450
-0.482 -0.296 -0.464
-0.430 -0.174 -0.399
-0.486 -0.277 -0.367
-0.405 -0.124 -0.280
-0.533 -0.337 -0.431
-0.540 -0.348 -0.459
-0.555 -0.351 -0.475
-0.559 -0.343 -0.454
-0.565 -0.345 -0.427
-0.575 -0.367 -0.448
-0.620 -0.438 -0.533
-0.588 -0.404 -0.515
