-0.173 0.194 -0.492
-0.108 -1.601 -0.507
0.716 0.843 0.611
-1.525 1.257 0.735
-0.007 0.325 -0.205
-0.256 0.224 0.194
-0.179 0.804 1.849
0.998 0.013 -0.403
-0.565 -0.868 -0.340
0.661 -0.728 0.567
0.008 0.927 -1.367
0.762 -1.954 -0.039
-1.357 -0.488 1.339
0.511 -0.431 0.280
0.271 0.469 0.376
-0.975 -0.462 -0.124
-3.177 2.189 0.605
-0.480 -0.615 1.294
0.893 -0.409 -1.136
-0.312 -0.040 -0.219
1.135 0.857 1.529
0.095 1.295 -1.092
0.230 -0.025 0.147
1.291 1.168 -0.934
-0.367 0.402 -1.894
0.604 0.626 0.387
1.020 -0.192 -0.189
1.223 0.282 -0.368
-0.142 -0.407 0.029
0.586 1.435 -0.460
-0.048 0.615 -0.140
-0.912 -0.545 -0.234
-1.800 0.241 0.690
-0.453 1.092 -0.914
-0.521 -0.190 -0.716
-0.396 0.275 -0.041
1.409 0.089 -0.525
0.744 0.230 -0.468
-0.583 -0.555 -0.285
-0.272 -1.289 0.342
0.249 -0.234 -1.363
1.778 0.713 -1.773
-0.781 0.082 0.096
-0.279 0.896 0.907
-0.835 0.685 -0.103
-0.555 0.805 -0.804
-0.813 -0.828 0.865
-0.769 -1.574 -1.065
2.575 -1.135 0.431
0.418 -0.136 -0.979
