0.842 0.921 0.211
-0.523 0.171 0.087
0.073 0.620 -1.271
-0.253 -1.047 1.422
-1.525 1.282 -0.104
-1.114 1.816 1.102
0.107 1.135 -0.758
0.429 0.840 1.264
0.240 1.888 -0.145
0.300 -0.005 0.914
-0.280 0.007 0.564
-1.907 0.439 0.101
-0.674 -1.103 0.353
-0.755 -1.363 -0.083
0.081 0.274 1.458
-1.131 -0.830 -0.723
-0.301 -1.488 0.220
-0.048 -0.587 1.524
0.255 0.168 -0.739
0.044 -0.222 -0.343
0.159 -0.144 0.538
0.644 1.781 0.045
0.968 0.472 0.711
0.407 0.275 -0.341
-0.233 0.031 1.549
0.206 1.278 -1.205
-0.492 1.316 0.077
-0.181 -0.109 -0.687
-1.388 0.420 -0.048
0.614 -0.276 0.985
-0.420 0.470 0.438
-1.430 0.472 0.201
-0.663 -0.370 0.262
0.253 -0.073 -0.560
1.047 1.087 -0.386
0.404 0.182 1.654
-0.893 1.643 -1.375
-0.914 1.713 -1.155
0.782 -2.592 -0.878
1.359 0.493 -0.213
-0.863 0.897 0.324
2.032 -1.475 0.050
-0.106 -1.035 0.682
0.149 -0.932 0.848
0.458 1.029 -0.739
-0.935 -0.837 0.511
-0.173 -1.025 -0.549
0.226 0.275 0.745
-0.286 0.835 0.056
1.686 0.466 -0.424
