0.590 -0.252 0.190
0.356 -0.711 -1.239
-0.477 -0.138 0.145
0.656 1.003 -1.301
0.380 -0.588 -0.157
1.394 0.156 0.928
1.498 1.795 0.031
-1.261 -0.011 1.485
-1.056 -0.031 0.511
1.783 0.982 1.263
0.234 0.367 2.604
-0.773 -1.224 0.382
-0.124 -0.787 0.120
-0.715 0.758 0.310
-1.130 1.481 1.761
-0.138 0.489 0.654
1.736 0.392 -0.151
0.447 -1.922 0.904
-0.265 0.425 0.493
-0.929 -0.988 0.169
-0.671 -2.041 -1.894
-1.000 1.853 -1.337
2.339 -0.756 0.005
0.021 1.682 -1.385
-0.709 0.796 -0.187
-0.253 0.024 0.608
-0.642 -0.050 0.313
-2.019 0.281 0.726
0.921 -0.459 0.974
1.819 0.690 1.435
0.869 0.786 -2.421
-0.328 2.818 -0.656
-0.031 -0.675 -0.317
-0.157 0.866 0.005
-0.412 0.733 -1.721
1.144 -1.575 0.166
-0.161 -0.187 -1.594
-0.540 -0.769 -0.470
-0.339 1.015 -0.989
0.770 0.776 -0.169
-0.424 1.211 -1.200
0.861 0.727 -0.689
-1.071 0.709 -1.053
2.251 0.966 -0.282
-0.294 0.098 -0.380
1.220 0.573 0.397
-0.919 -0.705 0.512
0.565 -1.625 -0.187
-0.376 -0.547 -2.525
-0.209 -0.572 0.016
