-1.068 -2.147 -0.087
-0.576 -0.112 -0.441
0.380 -0.853 -1.219
0.798 -1.157 -0.727
1.226 -1.238 0.352
1.233 1.950 -0.123
1.069 1.275 0.657
-2.117 0.975 -0.128
2.075 -0.827 0.094
-0.644 -0.360 0.197
1.201 0.355 0.499
0.629 -0.489 -0.033
-0.154 -0.477 -1.641
1.102 1.812 1.817
-0.076 -0.751 -1.718
1.722 0.221 0.444
0.994 -0.183 -0.624
-1.828 -0.020 0.258
-0.970 0.266 0.640
-0.049 -0.845 -0.036
-0.374 -0.685 -1.619
-0.691 1.665 -0.219
0.891 0.284 1.190
-1.134 -0.383 0.613
0.331 -0.026 0.742
-0.445 -0.211 0.673
-0.057 -0.070 -0.167
0.061 0.909 -0.965
-2.860 -0.025 -1.180
1.473 -1.185 -0.424
1.441 0.503 -1.899
1.251 2.540 0.594
-0.755 0.782 -1.440
-0.001 -0.304 -0.638
-0.002 0.214 -1.860
-0.269 -1.957 0.747
-0.716 -0.102 -0.904
0.366 1.319 -0.205
-0.677 0.010 1.985
-0.224 -1.858 0.645
-0.773 -1.388 -0.525
0.462 0.765 0.652
-1.045 1.167 -0.322
0.115 -0.313 -1.616
0.015 -1.595 0.385
-1.134 0.392 0.181
0.264 -0.105 -0.544
-1.443 -0.123 -0.712
-0.547 -0.295 0.657
-0.660 -1.656 0.246
