0.586 0.784 -0.101
-1.259 0.161 1.029
-1.173 0.328 -0.288
0.465 -0.202 -1.879
2.375 -2.585 1.817
0.200 -2.001 -0.301
-0.038 -0.662 -3.894
0.518 -0.232 1.039
1.201 0.006 -0.535
2.351 -0.554 0.216
-0.325 0.635 0.373
-2.419 0.300 -1.135
-0.206 1.152 -1.009
0.137 -0.281 -1.995
0.771 0.264 1.224
-1.502 -2.113 0.445
1.655 -1.633 -0.693
-0.433 0.363 -1.669
-0.400 0.633 0.438
-0.686 -0.169 -0.967
-0.470 -0.669 -0.164
-1.072 0.108 0.435
0.223 0.807 -0.647
0.462 -0.825 -0.290
-0.064 -0.477 -0.540
-0.600 -0.873 -0.693
-1.804 0.577 0.737
0.155 0.478 1.165
-0.178 -0.375 0.749
0.550 0.567 -0.056
-1.722 0.540 0.349
-0.807 0.308 0.291
-1.346 0.042 0.219
1.208 1.850 1.116
-1.011 -1.052 -0.688
1.932 0.594 0.793
1.318 0.162 0.402
0.166 -2.853 0.922
0.013 -0.208 -0.814
1.548 1.290 0.362
1.296 -1.415 0.914
-0.436 0.902 -0.297
1.406 0.614 -0.875
1.107 -1.912 -0.900
-0.955 -1.421 0.027
-0.975 1.616 0.746
-2.687 1.098 2.197
-0.991 -0.648 1.734
0.647 -2.048 -0.264
0.318 0.762 1.436
