-0.444 -0.546 -1.097
0.645 0.411 -0.477
0.415 -1.279 0.101
-1.044 -0.488 -0.319
1.328 0.074 0.415
0.246 0.567 0.257
0.103 0.914 -0.109
0.051 0.799 -0.535
0.844 0.502 1.985
0.618 -0.198 -1.257
-0.912 -0.340 -1.451
-0.823 -0.527 0.532
-0.355 0.305 -0.955
-1.051 -1.749 -0.360
0.329 -0.429 1.186
-1.695 0.916 -1.001
0.052 -1.535 0.869
0.483 1.428 -0.095
1.770 -0.532 0.621
0.787 0.441 1.446
-0.956 0.180 0.277
0.608 0.249 -0.968
0.213 -2.383 -0.407
1.028 0.114 1.205
-0.453 1.258 -0.857
1.476 1.525 -0.667
1.350 0.029 1.342
-1.072 0.581 1.051
0.984 -1.163 1.573
-0.524 1.526 -0.360
0.145 -1.305 -1.294
-0.215 -1.176 -0.638
-2.070 -1.411 -0.329
0.183 -1.327 -0.182
-0.220 -1.374 -0.359
-0.341 1.011 0.287
0.435 -0.327 -0.091
-1.068 -1.028 0.331
0.076 0.949 0.494
0.271 0.845 0.522
0.122 -0.121 1.468
1.887 0.727 -0.503
0.568 1.634 -0.407
-0.833 0.781 0.222
0.081 1.291 0.255
0.264 0.888 2.067
1.808 -1.034 -0.215
0.628 -0.964 -0.613
0.730 0.244 0.888
0.782 -0.865 1.002
