1.181 0.559 0.716
-0.082 0.344 -0.086
-0.625 -1.009 0.700
1.810 1.042 -0.560
0.414 0.957 -1.137
-1.234 2.344 0.601
-0.725 -0.103 -0.804
1.823 -0.191 -0.522
1.541 1.190 0.678
-0.376 -1.736 -0.771
-0.897 -0.976 2.339
0.023 -0.358 0.357
0.041 -0.114 -0.803
0.113 0.045 -0.517
0.119 -0.388 -1.535
-1.466 1.116 -1.071
0.562 -0.879 0.406
-1.405 0.395 0.222
-0.682 0.657 0.659
1.285 -1.024 0.393
-0.219 -0.770 0.775
2.468 0.209 0.003
0.838 -1.803 1.533
-0.068 -1.446 -1.206
-0.232 -0.873 0.006
0.126 1.742 1.453
-0.123 0.918 0.653
-0.843 0.026 1.266
0.352 0.456 0.209
-0.095 -2.071 0.106
-0.504 1.188 0.949
0.209 -0.421 -0.667
-1.346 0.973 0.632
-0.568 -0.533 -0.553
-0.365 -1.140 -0.469
1.232 0.631 0.640
0.171 -0.399 1.014
-0.268 -1.964 0.022
1.949 0.461 -0.952
1.520 -0.148 2.245
-1.155 -0.525 0.846
1.235 -0.349 0.038
-0.558 0.521 -1.812
-0.791 1.602 1.042
-1.103 0.960 -0.629
1.534 -0.133 1.403
0.714 0.602 0.012
-0.028 0.135 0.489
0.601 0.403 1.830
0.726 1.085 -0.158
