3.082 0.596 -0.598
0.346 0.566 -1.431
-0.263 -0.757 0.829
-1.085 0.799 -0.736
-0.367 2.230 -0.348
-0.115 1.358 -0.538
0.257 0.830 1.008
-0.317 0.212 -2.510
-1.438 -0.681 1.447
-0.288 0.284 -0.412
1.121 -0.588 0.406
0.989 -1.013 1.966
0.653 0.820 -0.639
0.059 -0.406 1.096
0.865 -1.543 -1.815
-0.318 -0.476 0.401
-0.649 -0.428 -0.929
-0.112 -0.176 -0.041
-1.065 0.480 -1.816
1.231 0.485 0.215
-0.692 1.419 0.470
-0.840 -0.966 0.590
-0.422 0.750 -0.338
-1.812 1.379 -1.225
-0.110 1.258 0.041
0.736 0.724 -0.337
0.729 -1.134 0.416
1.524 0.349 -0.732
1.903 1.440 0.577
-0.998 1.196 1.111
-0.220 -0.002 0.892
-1.626 0.534 0.893
-1.352 -0.382 0.535
1.545 -0.217 -1.258
0.315 1.379 0.116
-1.364 1.230 -0.315
1.671 1.189 0.588
1.345 0.971 -0.024
-0.146 0.634 -1.409
-2.320 -0.529 1.139
-0.710 -1.172 0.287
0.645 -0.214 0.165
0.925 -0.427 0.584
-0.045 -1.083 1.519
0.273 0.271 -0.416
-0.226 -0.675 -0.042
1.837 -0.050 -1.156
-0.441 0.009 1.604
0.450 -0.531 -0.519
-0.964 -1.426 0.831
