-0.376 2.255 0.161
-0.098 -0.719 0.632
-1.353 0.589 -0.915
-0.237 0.250 0.119
0.471 0.407 1.902
0.435 -1.412 -1.235
-1.186 -0.110 1.289
0.274 -0.353 -1.680
1.125 -0.332 0.731
-0.893 -0.871 -0.490
-0.593 0.298 1.692
-0.722 0.292 1.948
0.850 0.515 -1.913
0.448 -0.128 -1.225
-0.645 0.107 0.538
-0.301 -0.334 -0.756
0.577 -0.545 -0.241
-0.092 1.174 1.602
1.006 -1.401 1.430
-2.016 0.005 0.493
1.688 0.248 -0.112
-1.542 -0.041 -0.405
-1.119 0.049 -0.611
-1.900 -0.650 1.845
-0.359 1.263 0.358
-0.680 -1.008 0.739
-0.522 -0.166 0.402
0.793 0.437 0.049
-1.559 0.125 -0.826
-1.018 -0.399 1.553
-0.943 0.499 -2.328
-0.207 0.014 0.984
-1.376 0.123 0.633
-1.004 1.647 -0.818
2.396 0.304 1.321
1.315 1.673 0.155
0.468 -1.057 -1.936
0.013 -0.683 -0.140
0.875 0.673 1.189
-1.430 -0.888 -0.261
-0.184 -0.580 -0.722
2.726 -1.527 0.936
1.426 -0.049 -0.391
-0.155 2.151 0.160
0.534 -0.078 -1.449
-1.781 -0.825 1.562
-0.387 1.218 -0.979
1.906 -0.546 -0.571
0.772 0.792 -2.274
-0.430 -0.365 1.424
