0.037 1.459 -0.009
0.129 -1.806 -0.716
-1.060 -0.474 2.188
-1.563 -0.472 1.001
1.110 0.247 -0.720
0.425 -0.200 -0.314
2.199 -0.334 -0.835
1.554 -1.427 1.238
-1.388 -0.213 2.567
-0.225 0.485 0.019
0.229 -0.928 -0.497
1.579 -1.001 -1.100
-0.572 0.353 1.210
-0.424 0.609 1.051
-0.276 -1.019 1.147
-0.389 -1.401 0.674
0.937 1.472 0.716
0.853 0.070 0.504
2.042 -0.339 -0.474
-0.356 0.462 0.206
0.139 -1.269 0.043
-0.455 -1.584 -0.313
-0.403 0.183 0.740
-2.464 1.745 -0.412
0.235 0.971 -0.787
1.171 -1.462 -0.570
0.790 -0.032 -1.880
0.527 -0.237 0.248
-0.462 0.920 1.906
1.473 0.291 -0.833
-1.348 0.240 0.105
1.116 -1.356 -1.194
1.193 0.174 -0.125
-0.617 0.550 1.366
-1.729 -1.019 0.330
0.400 0.847 -0.216
-0.025 0.309 -1.257
0.291 0.881 -0.768
-2.000 -0.074 0.461
0.982 1.346 0.714
-0.225 -0.040 -0.040
0.902 0.001 1.121
1.192 0.239 -0.307
1.018 1.427 0.907
1.853 -1.104 -0.167
0.094 -1.164 -0.267
0.015 0.662 -0.236
-1.144 -0.961 -1.703
-0.293 -1.155 0.756
-0.219 0.089 1.254
