0.415 1.368 0.171
-0.910 0.997 2.014
1.395 -0.732 -1.169
-1.137 -1.048 1.133
-0.853 0.119 -0.734
-1.299 1.133 0.846
1.086 0.370 0.369
0.559 1.545 0.068
0.176 -0.311 0.312
0.399 0.585 -2.291
-1.084 -1.363 -2.011
-0.599 -0.846 -0.100
-0.843 0.250 0.221
0.964 -0.026 -0.239
0.539 0.329 0.877
1.159 0.425 0.509
-0.125 -1.493 0.638
0.231 -1.785 0.305
-0.761 -0.263 0.689
-0.912 0.207 -0.177
-0.219 0.203 0.451
-0.681 -0.226 1.682
1.254 0.007 -0.404
1.404 -0.553 0.641
0.056 0.545 -1.594
-0.730 -0.475 0.461
1.111 0.452 0.321
-0.642 0.146 -0.284
0.323 -3.075 -0.001
-0.871 0.864 -1.342
-0.540 0.537 -0.432
-1.023 0.540 1.640
-0.016 0.794 0.670
-0.749 -1.839 1.296
0.011 -0.013 0.772
-0.604 -0.073 0.500
-0.585 0.005 -0.907
-0.061 0.031 0.481
0.681 0.481 1.002
1.983 -1.811 0.393
1.423 -0.304 -0.174
0.521 -0.368 0.279
0.566 0.738 -0.246
-0.803 -0.311 1.115
1.182 0.974 -1.236
0.124 0.206 0.370
0.364 -0.796 -0.747
-0.136 -0.190 0.534
-0.776 -0.003 -0.225
-0.857 0.343 -0.314
