-1.290 -2.500 -1.046
2.229 -0.226 -0.426
-1.225 0.684 0.944
-0.959 1.045 0.869
-1.026 0.375 -1.183
-1.476 -0.571 -1.501
-0.693 0.455 1.981
1.267 0.334 -0.951
-0.514 -0.153 0.497
0.390 -1.067 -0.208
-0.103 0.590 1.195
-1.257 0.172 -0.537
-1.609 -0.262 2.804
-1.331 -0.671 -0.648
0.715 0.542 0.951
-1.162 1.592 -1.553
-0.107 -2.027 -1.000
-1.904 0.422 -0.694
-0.129 1.650 0.864
-0.848 -0.377 1.457
-0.998 1.513 1.213
0.997 -0.887 -1.459
-1.341 1.157 0.881
-0.224 1.001 -0.743
-0.039 0.117 -0.291
1.574 -0.621 0.443
0.994 -0.493 0.150
-0.252 -0.277 -0.173
-1.755 -0.358 0.091
-1.679 1.557 0.183
0.388 -0.072 1.004
-1.285 1.353 -0.026
-1.403 -0.288 1.426
-0.926 -1.063 0.496
-1.532 0.653 1.422
-2.591 -0.163 1.011
1.807 -1.575 1.280
0.724 -0.407 1.165
-0.745 -0.637 0.256
-0.398 1.468 0.247
-1.010 -1.452 -0.331
-0.126 0.653 0.555
-0.390 -0.242 -0.411
1.221 0.196 -1.128
-0.185 -0.450 -1.234
0.924 -1.359 1.294
0.937 0.920 -0.439
-1.767 0.869 -0.892
-1.190 0.178 -1.841
-3.602 -1.664 1.441
