0.609 -0.095 -0.828
-0.170 -0.680 -0.759
1.545 0.800 -0.495
-0.326 0.479 0.293
-1.657 -0.736 -0.441
1.880 0.658 0.716
-0.722 1.086 -0.217
0.516 0.158 -0.189
-1.494 -0.781 1.990
0.933 -1.089 -0.001
-2.115 -0.151 -2.587
-0.451 1.648 0.020
0.537 -0.123 2.110
-1.538 -2.679 -1.320
-0.283 0.281 1.064
1.337 0.122 1.173
1.003 -2.015 -1.929
-0.796 -0.405 -0.849
0.335 -0.162 -0.317
0.507 -1.099 1.183
0.240 -0.554 -0.634
2.234 -0.471 -1.505
0.348 -0.364 1.558
0.043 0.264 -1.603
2.105 -0.514 0.123
1.168 0.573 0.162
0.582 -0.272 -1.307
-1.285 -0.254 0.979
0.175 0.045 -1.314
0.303 0.274 0.608
-1.082 -0.205 -0.507
0.064 -0.191 -2.045
1.046 -0.351 -0.847
-1.195 0.980 -0.639
0.062 -0.710 0.716
0.763 0.079 -0.497
0.084 -1.799 0.751
-0.852 0.291 -0.011
-0.893 -0.226 0.246
0.863 0.089 1.290
-0.843 1.386 0.093
0.757 -1.224 1.001
-1.922 0.134 1.007
-0.607 0.226 0.953
0.355 -1.420 0.013
0.106 0.881 -1.594
0.656 -0.337 0.031
1.400 -1.286 0.933
-1.418 -0.116 0.254
-0.316 -2.066 1.588
