0.807 1.627 2.202
-0.567 1.216 -0.928
0.795 -0.498 2.032
0.155 -0.489 0.160
-0.719 -0.944 -1.605
2.684 0.098 -0.760
-0.803 -1.545 0.227
0.208 -0.000 0.411
1.822 -1.267 -0.471
-0.533 1.374 -0.537
1.479 0.488 -1.018
-0.502 -0.490 1.443
-0.985 -0.217 -1.925
-0.926 0.582 0.267
-0.420 1.723 0.487
0.740 1.548 -0.236
1.370 -1.150 1.625
-0.238 1.162 1.811
0.255 0.339 -1.647
0.423 0.404 -1.599
-1.553 1.888 0.768
-0.446 0.256 -1.655
2.264 -1.111 -0.546
-0.867 1.332 -3.038
0.441 0.286 -0.084
-1.968 -0.019 -0.156
-2.627 -0.599 -1.267
0.954 -1.270 -1.042
-0.727 0.753 -0.104
-0.572 -1.456 -0.283
1.359 0.170 -0.604
0.183 1.018 1.250
1.397 -0.717 -0.862
0.564 0.372 -0.875
0.437 1.791 1.718
-0.419 -1.491 -0.491
0.141 2.009 0.674
-1.511 1.520 -0.099
-2.300 -1.674 -0.537
0.234 1.289 0.516
-0.701 -1.232 1.233
0.750 -1.348 -0.748
-1.485 -0.330 0.119
-1.438 -0.217 1.885
1.223 -1.178 1.747
-1.015 -1.497 1.201
-1.272 -1.976 -0.277
-0.063 -0.889 0.804
-0.008 1.926 -2.037
0.882 1.469 -0.411
