-0.217 -0.628 0.395
0.198 -0.200 -0.537
-0.143 0.456 -0.043
0.267 0.078 0.532
1.797 2.302 1.187
2.482 -0.181 -0.182
-0.300 -0.668 0.735
-0.878 -1.451 -0.061
-0.491 -0.004 -0.404
-0.208 1.442 -0.147
0.258 -1.124 -1.201
0.573 0.775 -1.614
0.849 -0.935 2.127
0.992 0.465 -1.434
-1.018 -1.331 -0.086
0.403 0.027 -2.467
1.081 0.125 0.992
-0.328 -0.215 -2.274
1.864 -0.312 0.339
0.661 1.685 1.149
0.769 -1.225 0.359
1.246 -0.767 -0.779
-0.592 -0.635 1.684
0.699 0.648 0.065
-0.864 -0.493 0.506
0.667 -1.111 0.077
0.550 -0.701 -1.280
0.066 0.657 0.957
-0.515 -3.417 0.186
1.892 0.478 2.152
-0.188 -0.738 -0.778
-1.456 0.588 0.160
-1.091 0.780 0.249
1.171 0.387 -0.008
-0.671 0.837 -1.551
2.094 -0.757 -0.543
-0.749 0.559 0.100
-0.656 -0.675 -0.520
0.189 0.258 0.372
0.023 -0.675 -0.944
-1.187 0.689 -0.572
1.225 -0.340 -0.013
-0.841 0.530 -0.687
-1.925 -0.324 0.854
-1.649 -0.820 0.471
-0.038 -0.221 0.928
0.023 0.031 -0.099
-2.572 -0.400 -0.744
-0.187 -0.082 0.197
-0.344 2.141 0.135
