-1.185 -1.450 -0.551
-0.927 0.486 0.236
1.838 0.375 0.215
0.065 -0.497 -1.060
2.105 -1.605 1.206
0.047 1.841 0.271
1.415 0.284 -0.790
-1.024 -0.094 -1.169
1.036 0.430 -0.410
-0.634 0.643 0.407
1.725 0.365 -2.208
0.674 0.079 -0.210
-0.533 1.692 -0.016
-0.516 0.400 2.271
0.519 -0.495 -1.359
0.050 -0.553 0.818
0.275 0.347 0.005
-0.673 1.024 0.227
-0.540 1.931 0.553
-0.030 0.499 -0.184
-0.082 0.041 -0.182
1.475 0.420 0.301
-0.516 1.371 1.826
1.354 0.436 1.449
-0.716 1.116 0.537
-0.575 0.155 -0.457
-0.909 1.857 0.976
0.114 -0.847 -0.510
-1.444 0.017 -0.827
-0.808 -0.567 0.458
1.178 -0.403 -2.092
-0.555 -0.395 0.158
-0.202 1.769 -2.834
1.126 0.609 -1.282
-0.675 1.097 1.129
0.102 1.176 0.434
-0.143 0.374 0.303
-1.169 0.101 0.046
0.848 2.258 -0.372
0.574 0.755 -1.097
-0.359 0.827 -0.616
-1.314 1.336 -0.123
0.851 2.128 1.265
-0.175 0.218 2.016
-1.351 -1.351 0.407
-1.998 -0.813 1.346
-0.180 -0.693 -0.791
0.113 0.250 0.382
-1.019 0.340 0.166
-0.844 -0.157 -1.952
