0.320 -1.630 1.259
0.454 1.142 0.450
0.087 1.429 0.250
-0.177 0.788 0.050
1.020 -0.292 0.511
-1.582 0.460 -0.778
-0.451 -0.110 0.499
-1.026 0.138 0.073
-0.171 0.635 0.407
-0.665 0.279 0.502
0.292 0.034 -2.258
-2.072 2.085 -1.441
-0.486 2.965 -0.176
1.522 0.816 -0.540
1.535 -0.540 0.996
-0.100 -0.086 -1.554
1.311 0.434 0.769
-0.209 0.014 -0.442
0.823 -0.301 1.179
0.502 0.208 -0.082
0.196 -1.216 1.973
1.101 1.763 -2.040
-0.584 0.251 0.765
-0.802 0.698 -0.131
-0.665 -0.338 0.983
-3.021 0.645 0.017
0.963 0.259 0.309
0.654 1.365 0.339
-0.156 0.806 -0.887
0.213 1.326 0.621
-0.258 -0.588 1.561
0.127 0.032 0.598
-0.349 -2.613 -1.311
-0.757 -0.302 -0.619
0.706 0.405 -0.749
0.959 -2.221 -0.130
0.740 0.369 0.091
-0.328 2.430 1.439
1.281 -2.507 0.470
-0.227 0.209 0.348
2.190 1.002 -1.483
-0.472 -0.065 0.937
1.610 -0.902 0.768
-0.161 1.732 -1.287
-0.441 0.186 -1.342
-1.197 0.971 -0.917
-0.612 -0.239 0.729
-1.641 0.999 -0.077
0.598 0.456 -0.381
-0.154 0.334 -1.348
