0.288 0.252 1.175
-0.153 -1.182 -0.280
-0.408 -0.171 0.671
0.623 0.490 -0.213
-0.335 -1.077 -0.273
0.031 0.987 -0.491
0.186 0.175 -0.133
-0.385 0.323 -0.233
-0.939 0.219 -1.242
-1.201 0.310 1.027
0.069 0.148 0.938
0.479 -0.858 -0.805
0.909 1.397 -0.291
-0.843 -0.262 -0.173
-1.057 0.716 -0.561
0.223 1.009 -0.077
-0.522 0.163 0.126
1.355 -0.438 -0.084
-0.474 -0.239 -0.899
1.169 -1.421 -0.031
0.542 -0.544 0.132
0.802 -0.609 2.286
0.384 0.248 1.302
0.022 -0.039 -1.048
-0.115 -0.058 -0.401
-0.372 0.528 -0.164
-1.867 -0.336 0.008
-1.558 1.515 0.728
-0.739 0.614 2.307
-0.762 -0.301 0.243
0.699 0.981 1.997
-1.191 0.519 -1.741
-0.624 1.059 1.034
1.376 0.245 -1.044
-0.360 0.999 -1.041
0.173 -0.011 -0.111
0.836 0.152 0.156
1.437 0.367 -0.258
0.525 -0.141 -0.973
1.339 -0.802 0.168
1.166 0.952 -2.210
-1.094 0.438 1.454
-1.989 0.349 1.092
1.032 0.952 1.059
-0.774 1.234 -0.367
0.466 0.454 0.703
-0.444 -1.569 -1.938
-0.139 -0.226 -1.133
0.198 -0.483 0.323
-0.616 0.129 0.161
