-0.095 -0.441  0.401
-0.102 -0.389  0.430
-0.058 -0.337  0.450
 0.008 -0.267  0.476
-0.017 -0.271  0.444
 0.014 -0.259  0.447
-0.049 -0.280  0.401
 0.010 -0.209  0.410
-0.009 -0.154  0.409
 0.015 -0.057  0.453
 0.076  0.075  0.533
-0.012 -0.059  0.369
-0.001 -0.082  0.231
-0.023 -0.011  0.207
 0.001  0.086  0.257
-0.010  0.154  0.290
 0.019  0.146  0.319
 0.041  0.191  0.315
 0.026  0.238  0.336
 0.069  0.338  0.383
 0.047  0.369  0.389
 0.061  0.407  0.369
 0.009  0.397  0.310
-0.009  0.333  0.293
 0.037  0.492  0.349
 0.014  0.404  0.336
-0.011  0.372  0.300
-0.073  0.313  0.231
-0.023  0.383  0.252
-0.088  0.303  0.201
-0.080  0.337  0.171
-0.064  0.372  0.165
-0.082  0.375  0.164
-0.076  0.395  0.166
-0.110  0.344  0.095
-0.072  0.388  0.104
-0.054  0.535  0.150
 0.007  0.618  0.142
-0.059  0.542  0.113
-0.063  0.514  0.086
-0.037  0.632  0.108
-0.024  0.588  0.112
 0.037  0.600  0.096
-0.006  0.504  0.033
 0.003  0.487 -0.016
 0.058  0.572  0.039
 0.077  0.603  0.086
 0.110  0.661  0.115
 0.044  0.562  0.055
 0.058  0.498 -0.002
-0.025  0.389 -0.095
 0.015  0.394 -0.087
-0.008  0.390 -0.065
 0.020  0.423 -0.014
 0.075  0.488  0.045
 0.006  0.347 -0.086
 0.008  0.298 -0.144
-0.010  0.270 -0.144
 0.050  0.325 -0.095
-0.010  0.272 -0.098
-0.022  0.217 -0.137
-0.016  0.204 -0.183
-0.034  0.139 -0.224
-0.022  0.151 -0.196
-0.039  0.173 -0.135
-0.009  0.192 -0.096
-0.023  0.212 -0.050
-0.030  0.114 -0.141
-0.012  0.104 -0.171
-0.069  0.065 -0.190
-0.032  0.102 -0.129
-0.115  0.040 -0.170
-0.136 -0.023 -0.221
-0.151 -0.067 -0.255
-0.156 -0.082 -0.268
-0.101 -0.013 -0.188
-0.131 -0.034 -0.174
-0.124 -0.066 -0.203
-0.098 -0.016 -0.140
-0.132 -0.136 -0.264
-0.122 -0.133 -0.268
-0.132 -0.128 -0.244
-0.084 -0.099 -0.211
-0.141 -0.189 -0.267
-0.138 -0.214 -0.274
-0.161 -0.251 -0.299
-0.165 -0.232 -0.270
-0.051 -0.125 -0.181
-0.114 -0.179 -0.217
-0.111 -0.217 -0.268
-0.118 -0.268 -0.316
-0.128 -0.285 -0.333
-0.096 -0.286 -0.335
-0.142 -0.312 -0.320
-0.102 -0.264 -0.259
-0.041 -0.190 -0.172
-0.070 -0.258 -0.237
-0.042 -0.244 -0.243
-0.070 -0.273 -0.261
-0.001 -0.201 -0.203
-0.034 -0.178 -0.189
-0.026 -0.170 -0.166
-0.039 -0.202 -0.196
-0.062 -0.244 -0.219
-0.031 -0.220 -0.208
-0.088 -0.257 -0.238
-0.058 -0.218 -0.213
-0.060 -0.185 -0.166
-0.029 -0.110 -0.096
 0.004 -0.054 -0.057
-0.026 -0.096 -0.103
-0.070 -0.165 -0.159
-0.040 -0.115 -0.135
-0.071 -0.146 -0.169
-0.100 -0.164 -0.193
-0.087 -0.132 -0.140
-0.066 -0.055 -0.079
-0.197 -0.181 -0.183
-0.057 -0.073 -0.113
-0.132 -0.157 -0.180
-0.133 -0.175 -0.203
-0.143 -0.151 -0.167
-0.184 -0.241 -0.254
-0.096 -0.145 -0.193
-0.086 -0.095 -0.154
-0.056 -0.079 -0.129
-0.030  0.015 -0.019
-0.075 -0.114 -0.164
-0.036 -0.099 -0.166
-0.069 -0.128 -0.198
-0.042 -0.128 -0.211
-0.047 -0.109 -0.187
-0.007 -0.041 -0.144
-0.012 -0.071 -0.178
-0.054 -0.142 -0.241
-0.028 -0.141 -0.238
-0.072 -0.155 -0.251
-0.066 -0.140 -0.229
 0.013  0.044 -0.041
 0.032  0.018 -0.076
 0.069  0.043 -0.082
 0.004 -0.029 -0.159
-0.004 -0.051 -0.173
-0.026 -0.017 -0.114
-0.020 -0.066 -0.185
 0.004 -0.027 -0.155
-0.035 -0.035 -0.136
-0.040 -0.049 -0.133
 0.021  0.045 -0.046
-0.030 -0.048 -0.122
-0.011 -0.026 -0.109
-0.019 -0.014 -0.099
-0.007  0.007 -0.089
 0.018  0.071 -0.032
 0.031  0.091 -0.004
-0.007  0.080 -0.002
-0.003  0.050 -0.067
 0.011  0.059 -0.058
-0.006  0.051 -0.055
 0.067  0.106 -0.030
 0.094  0.186  0.044
 0.102  0.231  0.092
 0.065  0.191  0.054
-0.003  0.098 -0.011
 0.008  0.105 -0.025
-0.052  0.063 -0.063
-0.094  0.030 -0.098
-0.086  0.094 -0.025
-0.066  0.123 -0.012
-0.027  0.172  0.032
-0.069  0.143 -0.000
-0.060  0.148 -0.007
-0.064  0.160 -0.000
-0.129  0.090 -0.063
-0.083  0.155 -0.012
-0.128  0.153 -0.014
-0.132  0.163 -0.008
-0.163  0.204  0.051
-0.145  0.137 -0.036
-0.106  0.157 -0.033
-0.109  0.180 -0.021
-0.077  0.236  0.033
-0.048  0.297  0.101
-0.082  0.240  0.081
-0.078  0.207  0.055
-0.114  0.173  0.032
-0.125  0.154 -0.004
-0.122  0.170  0.019
-0.090  0.235  0.078
-0.065  0.261  0.102
-0.095  0.227  0.063
-0.077  0.219  0.045
-0.112  0.174  0.004
-0.106  0.170 -0.005
-0.123  0.215  0.065
-0.106  0.205  0.051
-0.091  0.229  0.060
-0.133  0.171  0.010
-0.107  0.174 -0.010
-0.153  0.127 -0.037
-0.131  0.134 -0.058
-0.064  0.231  0.027
-0.088  0.215  0.013
-0.066  0.232  0.045
-0.081  0.209  0.019
-0.050  0.211 -0.005
-0.067  0.180 -0.041
-0.062  0.170 -0.035
-0.076  0.156 -0.046
-0.047  0.208 -0.003
-0.001  0.286  0.053
-0.043  0.239  0.015
-0.033  0.212 -0.038
-0.031  0.205 -0.044
-0.033  0.185 -0.065
-0.014  0.182 -0.083
-0.038  0.188 -0.074
 0.006  0.237 -0.025
-0.014  0.219 -0.017
-0.025  0.188 -0.024
 0.003  0.213 -0.028
 0.010  0.209 -0.026
 0.077  0.239 -0.020
 0.052  0.251 -0.002
 0.070  0.283  0.031
 0.056  0.285  0.030
 0.031  0.218 -0.030
 0.062  0.233 -0.030
 0.008  0.198 -0.055
 0.006  0.202 -0.042
 0.005  0.229 -0.016
 0.007  0.254  0.031
 0.014  0.270  0.016
-0.006  0.243 -0.020
 0.027  0.247 -0.018
-0.029  0.200 -0.055
-0.016  0.211 -0.066
-0.021  0.265 -0.002
 0.016  0.292  0.013
 0.033  0.302  0.017
-0.019  0.232 -0.047
-0.030  0.190 -0.086
-0.045  0.237 -0.005
-0.061  0.134 -0.102
-0.039  0.176 -0.084
-0.050  0.191 -0.051
 0.028  0.285  0.040
-0.045  0.191 -0.031
-0.070  0.129 -0.091
-0.043  0.137 -0.093
-0.070  0.096 -0.116
-0.022  0.140 -0.083
-0.032  0.153 -0.063
 0.041  0.239  0.029
 0.066  0.281  0.090
 0.026  0.220  0.039
 0.052  0.188 -0.025
 0.005  0.128 -0.079
-0.027  0.054 -0.138
-0.036  0.042 -0.154
-0.060  0.056 -0.128
 0.038  0.199 -0.004
 0.024  0.180 -0.008
 0.039  0.137 -0.038
 0.001  0.084 -0.078
-0.047  0.014 -0.135
-0.076  0.003 -0.117
-0.070 -0.010 -0.126
-0.041  0.039 -0.088
-0.066  0.015 -0.104
-0.014  0.008 -0.113
-0.065 -0.058 -0.157
-0.069 -0.068 -0.169
-0.057 -0.052 -0.153
-0.019  0.017 -0.084
 0.003  0.079 -0.012
-0.007  0.060 -0.022
 0.017  0.050 -0.049
-0.018  0.021 -0.080
-0.010 -0.012 -0.107
-0.010 -0.009 -0.109
 0.022  0.030 -0.072
 0.056  0.103 -0.001
 0.033  0.084 -0.015
 0.083  0.088 -0.024
 0.008 -0.002 -0.096
 0.007 -0.033 -0.132
-0.009 -0.039 -0.156
-0.044 -0.085 -0.194
 0.007 -0.027 -0.151
 0.011  0.024 -0.095
 0.035  0.061 -0.045
 0.002 -0.000 -0.104
 0.053  0.021 -0.096
 0.003 -0.006 -0.120
-0.045 -0.057 -0.142
 0.045  0.083 -0.014
-0.005  0.028 -0.042
 0.016  0.099  0.040
-0.032  0.057  0.006
-0.009  0.040 -0.040
-0.091 -0.032 -0.100
-0.123 -0.073 -0.125
-0.113 -0.021 -0.062
-0.069  0.032 -0.008
 0.044  0.184  0.134
-0.011  0.119  0.098
-0.053  0.049  0.005
-0.096 -0.015 -0.035
-0.131 -0.074 -0.075
-0.146 -0.090 -0.088
-0.168 -0.092 -0.092
-0.113 -0.035 -0.038
-0.148 -0.076 -0.063
-0.187 -0.105 -0.091
-0.184 -0.115 -0.097
-0.198 -0.140 -0.122
-0.168 -0.122 -0.111
-0.158 -0.079 -0.056
-0.131 -0.051 -0.015
-0.151 -0.098 -0.056
-0.146 -0.116 -0.103
-0.089 -0.077 -0.102
-0.120 -0.108 -0.115
-0.075 -0.039 -0.054
-0.073  0.002  0.020
-0.048 -0.093 -0.046
-0.051 -0.146 -0.076
-0.098 -0.123 -0.115
-0.025 -0.074 -0.103
-0.014 -0.034 -0.113
 0.016  0.019 -0.046
 0.041  0.104 -0.006
 0.042  0.101 -0.016
 0.084  0.098 -0.026
 0.042  0.057 -0.060
 0.056  0.078 -0.051
 0.060  0.173  0.061
 0.052  0.091 -0.024
 0.053  0.020 -0.097
-0.007 -0.038 -0.181
 0.035 -0.007 -0.143
-0.025 -0.038 -0.133
-0.055 -0.099 -0.127
-0.048 -0.175 -0.171
-0.046 -0.145 -0.168
 0.070  0.012 -0.059
 0.012 -0.011 -0.086
 0.008 -0.001 -0.065
-0.003 -0.016 -0.076
-0.027 -0.076 -0.122
 0.023 -0.058 -0.114
-0.016 -0.074 -0.123
 0.005 -0.046 -0.094
 0.007  0.044  0.016
 0.025  0.001 -0.037
 0.032 -0.011 -0.061
 0.003 -0.045 -0.094
 0.009 -0.042 -0.084
 0.016 -0.030 -0.084
 0.024  0.005 -0.040
 0.005 -0.014 -0.057
-0.027 -0.063 -0.097
 0.009 -0.043 -0.088
-0.041 -0.098 -0.154
-0.039 -0.103 -0.171
-0.015 -0.042 -0.118
-0.024 -0.018 -0.086
 0.029  0.022 -0.057
 0.000  0.054 -0.013
-0.024 -0.060 -0.131
-0.011 -0.063 -0.127
-0.089 -0.122 -0.162
 0.052  0.030 -0.042
 0.013  0.012 -0.034
-0.013 -0.026 -0.059
-0.001 -0.023 -0.085
-0.054 -0.070 -0.135
 0.019 -0.002 -0.091
-0.015 -0.012 -0.097
-0.008  0.014 -0.072
 0.003  0.051 -0.021
-0.021 -0.005 -0.073
-0.009 -0.022 -0.105
-0.053 -0.066 -0.131
-0.053 -0.060 -0.125
-0.025  0.045  0.001
 0.055  0.077  0.015
 0.081  0.079 -0.007
 0.024  0.017 -0.063
 0.017 -0.002 -0.080
-0.016 -0.027 -0.082
-0.026 -0.003 -0.057
 0.024  0.083  0.034
 0.011  0.050  0.014
 0.048  0.061  0.006
-0.002  0.014 -0.022
-0.027 -0.023 -0.058
 0.017  0.093  0.064
 0.027  0.058  0.016
 0.083  0.133  0.068
 0.051  0.097  0.036
 0.018  0.040 -0.023
 0.016  0.033 -0.020
 0.021  0.064  0.010
 0.091  0.182  0.125
 0.106  0.210  0.148
 0.137  0.201  0.127
 0.079  0.132  0.059
 0.078  0.111  0.026
 0.032  0.046 -0.022
-0.042 -0.019 -0.067
-0.074 -0.037 -0.085
-0.131 -0.112 -0.133
-0.098 -0.110 -0.136
-0.158 -0.166 -0.164
-0.122 -0.125 -0.143
-0.042 -0.027 -0.060
-0.026 -0.002 -0.024
 0.024  0.042 -0.020
-0.045 -0.041 -0.093
-0.068 -0.083 -0.152
-0.077 -0.104 -0.170
-0.080 -0.094 -0.163
-0.032 -0.029 -0.125
-0.091 -0.086 -0.161
-0.114 -0.142 -0.195
-0.132 -0.151 -0.187
-0.142 -0.170 -0.206
-0.093 -0.113 -0.164
-0.083 -0.067 -0.111
-0.075 -0.086 -0.119
-0.121 -0.096 -0.106
-0.114 -0.161 -0.183
-0.087 -0.145 -0.156
-0.072 -0.106 -0.102
-0.037 -0.063 -0.059
-0.071 -0.053 -0.021
-0.054 -0.117 -0.104
-0.044 -0.128 -0.114
-0.069 -0.143 -0.123
-0.007 -0.082 -0.085
-0.024 -0.081 -0.073
-0.018 -0.075 -0.072
-0.025 -0.110 -0.105
-0.043 -0.135 -0.130
 0.002 -0.111 -0.113
-0.050 -0.140 -0.133
-0.019 -0.113 -0.127
 0.004 -0.082 -0.111
 0.007 -0.066 -0.094
 0.007 -0.086 -0.127
-0.015 -0.122 -0.164
-0.004 -0.140 -0.182
-0.036 -0.171 -0.206
 0.006 -0.124 -0.178
 0.047  0.022 -0.055
 0.070 -0.001 -0.069
 0.102  0.003 -0.077
 0.065 -0.025 -0.102
 0.025 -0.071 -0.143
 0.041 -0.011 -0.062
 0.026 -0.094 -0.181
 0.066 -0.052 -0.165
 0.069 -0.012 -0.146
 0.100  0.006 -0.127
 0.049 -0.072 -0.192
 0.022 -0.086 -0.204
 0.001 -0.094 -0.212
-0.036 -0.105 -0.218
 0.009 -0.043 -0.150
 0.034  0.023 -0.090
 0.043  0.023 -0.090
-0.011  0.021 -0.061
-0.036 -0.077 -0.164
-0.033 -0.090 -0.175
-0.040 -0.079 -0.165
 0.041  0.001 -0.102
 0.009 -0.003 -0.080
 0.004 -0.017 -0.080
 0.001 -0.024 -0.082
-0.020 -0.046 -0.086
 0.014 -0.028 -0.075
-0.040 -0.078 -0.115
-0.003 -0.024 -0.093
 0.034  0.030 -0.044
 0.019  0.044 -0.036
-0.004  0.024 -0.062
-0.038 -0.006 -0.085
-0.069 -0.033 -0.117
-0.047  0.017 -0.068
-0.016  0.033 -0.058
-0.020  0.041 -0.040
 0.004  0.065 -0.020
-0.001  0.032 -0.064
-0.017 -0.007 -0.088
 0.003 -0.014 -0.091
-0.006 -0.027 -0.093
 0.020 -0.007 -0.066
 0.073  0.063 -0.025
 0.090  0.107  0.008
 0.130  0.120  0.044
 0.085  0.085  0.008
 0.059  0.036 -0.014
 0.035  0.081  0.050
 0.057  0.053 -0.000
 0.097  0.122  0.029
 0.082  0.099  0.001
 0.090  0.073 -0.023
-0.064 -0.131 -0.180
 0.053  0.009 -0.088
 0.068  0.015 -0.095
 0.074  0.043 -0.066
 0.175  0.162  0.038
 0.170  0.180  0.058
 0.159  0.126  0.005
 0.122  0.067 -0.036
 0.101  0.032 -0.040
 0.166  0.090  0.002
 0.116  0.063 -0.012
 0.141  0.121  0.036
 0.144  0.184  0.110
 0.140  0.137  0.049
 0.103  0.063 -0.010
 0.073  0.016 -0.048
 0.091  0.041 -0.025
 0.150  0.155  0.076
 0.110  0.102  0.051
 0.087  0.056  0.007
 0.093  0.061  0.013
 0.114  0.063  0.006
 0.091  0.069  0.006
 0.107  0.111  0.033
 0.130  0.144  0.052
 0.046  0.034 -0.037
 0.098  0.049 -0.033
 0.036 -0.009 -0.075
 0.029 -0.024 -0.084
 0.020 -0.030 -0.084
-0.005 -0.041 -0.113
 0.086  0.063 -0.024
 0.091  0.097  0.007
 0.063  0.038 -0.042
 0.046 -0.004 -0.066
 0.012 -0.051 -0.110
 0.026 -0.054 -0.113
 0.023 -0.005 -0.084
 0.126  0.119  0.019
 0.126  0.091 -0.005
 0.086  0.012 -0.060
 0.126  0.026 -0.049
 0.076  0.005 -0.067
 0.098  0.063 -0.019
 0.178  0.204  0.099
 0.122  0.093 -0.002
 0.108  0.050 -0.046
 0.071  0.015 -0.057
 0.050 -0.019 -0.071
 0.168  0.141  0.045
 0.152  0.155  0.068
 0.187  0.186  0.084
 0.104  0.087  0.023
 0.019 -0.018 -0.047
-0.039 -0.036 -0.034
-0.066 -0.094 -0.097
-0.005 -0.025 -0.038
-0.017 -0.008 -0.004
-0.026 -0.033 -0.036
-0.042 -0.067 -0.064
-0.060 -0.105 -0.088
-0.000 -0.037 -0.070
-0.011 -0.019 -0.039
 0.026  0.055  0.023
 0.049  0.133  0.110
 0.024  0.037  0.012
 0.031  0.024 -0.013
-0.017 -0.027 -0.047
-0.015 -0.030 -0.047
 0.006  0.007 -0.017
 0.011  0.019 -0.003
 0.030  0.013 -0.014
-0.021 -0.035 -0.049
-0.024 -0.038 -0.053
-0.020 -0.076 -0.020
-0.082 -0.158 -0.108
-0.051 -0.123 -0.085
-0.071 -0.104 -0.069
-0.039 -0.043 -0.040
-0.089 -0.066 -0.066
-0.089 -0.096 -0.114
-0.042 -0.067 -0.093
-0.056 -0.106 -0.088
-0.024 -0.072 -0.077
 0.006 -0.020  0.007
-0.012 -0.057 -0.056
-0.019 -0.107 -0.072
-0.052 -0.158 -0.102
-0.050 -0.213 -0.130
 0.016 -0.023 -0.057
 0.066  0.082  0.012
 0.158  0.071  0.105
 0.102  0.018  0.050
 0.035 -0.092 -0.006
 0.021 -0.129 -0.033
-0.012 -0.143 -0.052
 0.000 -0.115 -0.035
 0.007 -0.068 -0.020
-0.009 -0.042 -0.036
 0.024  0.052 -0.022
-0.024  0.016 -0.043
 0.010  0.063 -0.018
 0.035  0.141  0.013
-0.013  0.082 -0.009
 0.018  0.093 -0.009
-0.014  0.072 -0.032
 0.011  0.064 -0.022
 0.043  0.101  0.006
 0.036  0.085  0.006
 0.079  0.113  0.026
 0.020  0.074 -0.017
 0.037  0.085  0.010
 0.047  0.021  0.017
-0.004 -0.034 -0.010
-0.020 -0.080 -0.041
-0.036 -0.092 -0.060
-0.061 -0.137 -0.086
-0.004 -0.067 -0.057
-0.040 -0.075 -0.087
-0.060 -0.103 -0.099
-0.064 -0.119 -0.086
-0.034 -0.079 -0.044
-0.105 -0.190 -0.138
-0.123 -0.230 -0.164
-0.128 -0.227 -0.167
-0.094 -0.088 -0.105
-0.038  0.034 -0.045
-0.127 -0.036 -0.126
-0.183 -0.109 -0.174
-0.108 -0.025 -0.090
-0.068  0.041 -0.029
-0.028  0.079  0.001
-0.035  0.055 -0.034
-0.134 -0.059 -0.128
-0.193 -0.136 -0.182
-0.231 -0.137 -0.165
-0.199 -0.140 -0.178
-0.138 -0.076 -0.130
-0.153 -0.083 -0.117
-0.193 -0.159 -0.165
-0.189 -0.165 -0.162
-0.223 -0.169 -0.160
-0.133 -0.074 -0.086
-0.159 -0.070 -0.085
-0.147 -0.067 -0.079
-0.135 -0.081 -0.095
-0.175 -0.128 -0.125
-0.163 -0.111 -0.117
-0.112 -0.058 -0.082
-0.092 -0.016 -0.036
-0.055  0.023 -0.003
-0.108 -0.037 -0.036
-0.130 -0.084 -0.066
-0.177 -0.094 -0.041
-0.164 -0.125 -0.098
-0.139 -0.083 -0.068
-0.106 -0.031 -0.035
-0.033  0.054  0.030
-0.091 -0.024 -0.034
-0.129 -0.079 -0.069
-0.115 -0.084 -0.077
-0.105 -0.055 -0.069
-0.025  0.040 -0.006
-0.042  0.059  0.001
-0.068 -0.002 -0.058
-0.094  0.024 -0.008
-0.066  0.023 -0.034
 0.107  0.228  0.125
 0.065  0.189  0.080
 0.020  0.117  0.015
-0.061  0.092  0.032
-0.107 -0.034 -0.084
-0.002  0.100  0.014
-0.009  0.114  0.045
-0.026  0.076  0.021
-0.085  0.061  0.070
-0.104 -0.029 -0.027
-0.086 -0.031 -0.025
-0.099 -0.021 -0.017
-0.016  0.060  0.042
-0.086 -0.015 -0.004
-0.086 -0.042 -0.022
-0.093 -0.060 -0.028
-0.090 -0.059 -0.023
-0.050 -0.019  0.016
-0.054  0.016  0.036
-0.064 -0.002  0.009
-0.089 -0.061 -0.047
-0.130 -0.114 -0.086
-0.092 -0.096 -0.079
-0.151 -0.130 -0.106
-0.106 -0.069 -0.060
-0.105 -0.055 -0.062
-0.115 -0.096 -0.078
-0.135 -0.108 -0.090
-0.124 -0.105 -0.104
-0.092 -0.061 -0.070
-0.109 -0.070 -0.087
-0.114 -0.104 -0.102
-0.136 -0.102 -0.093
-0.128 -0.111 -0.104
-0.086 -0.057 -0.065
-0.084 -0.029 -0.048
-0.093 -0.067 -0.065
-0.112 -0.095 -0.067
-0.125 -0.118 -0.101
-0.117 -0.105 -0.095
-0.114 -0.081 -0.082
-0.046 -0.011 -0.030
-0.084 -0.066 -0.070
-0.099 -0.105 -0.106
-0.120 -0.058 -0.054
-0.146 -0.140 -0.155
-0.152 -0.120 -0.146
-0.161 -0.094 -0.116
-0.101 -0.043 -0.084
-0.139 -0.095 -0.102
-0.128 -0.108 -0.121
-0.115 -0.058 -0.074
-0.075 -0.029 -0.063
-0.036  0.020 -0.032
-0.071 -0.006 -0.045
-0.074 -0.030 -0.067
-0.054  0.005 -0.029
-0.103 -0.074 -0.108
-0.062 -0.012 -0.061
-0.038  0.024 -0.016
 0.000  0.039 -0.007
-0.071 -0.019 -0.051
-0.084 -0.040 -0.067
-0.061  0.002 -0.027
-0.076  0.001 -0.018
-0.062  0.004 -0.021
-0.105 -0.039 -0.060
-0.121 -0.076 -0.093
-0.133 -0.081 -0.111
-0.096 -0.030 -0.071
-0.067  0.090  0.049
-0.062  0.034 -0.013
-0.064  0.000 -0.031
-0.093 -0.022 -0.062
-0.045  0.017 -0.041
-0.111 -0.044 -0.059
-0.092 -0.003 -0.059
-0.016  0.134  0.051
-0.076  0.012 -0.064
-0.063 -0.012 -0.084
-0.077 -0.015 -0.084
-0.056  0.011 -0.061
-0.040  0.102  0.051
-0.019  0.065 -0.002
 0.012  0.069  0.001
-0.023  0.034 -0.035
-0.034  0.003 -0.052
-0.051  0.039 -0.028
-0.028  0.028 -0.063
-0.001  0.050 -0.059
-0.038 -0.008 -0.092
-0.042 -0.039 -0.110
-0.077 -0.080 -0.122
-0.068 -0.058 -0.105
-0.051  0.026 -0.008
-0.002  0.028 -0.016
 0.024  0.029 -0.020
-0.014 -0.004 -0.044
-0.020 -0.023 -0.073
-0.019  0.010 -0.027
 0.024  0.027 -0.021
 0.078  0.073  0.006
 0.038  0.021 -0.026
 0.047  0.021 -0.021
 0.035 -0.007 -0.022
 0.031  0.013 -0.010
 0.076  0.065  0.019
 0.058  0.077  0.041
 0.053  0.062  0.029
 0.053  0.033 -0.010
 0.037  0.023 -0.014
 0.073  0.053  0.004
 0.093  0.099  0.050
 0.155  0.164  0.086
 0.106  0.113  0.048
 0.068  0.060 -0.003
 0.080  0.077  0.010
 0.091  0.102  0.030
 0.164  0.180  0.092
 0.107  0.128  0.043
 0.082  0.062 -0.003
 0.102  0.070  0.001
 0.099  0.070  0.003
 0.196  0.173  0.071
 0.169  0.142  0.048
 0.132  0.063 -0.011
 0.119  0.064 -0.013
 0.123  0.051 -0.022
 0.195  0.163  0.062
 0.161  0.142  0.057
 0.113  0.057 -0.018
 0.094  0.013 -0.067
 0.055 -0.026 -0.094
 0.161  0.095 -0.005
 0.089  0.029 -0.050
-0.004 -0.076 -0.126
-0.072 -0.151 -0.186
-0.105 -0.170 -0.181
-0.030 -0.074 -0.102
-0.022 -0.041 -0.056
-0.040 -0.092 -0.115
-0.056 -0.123 -0.146
-0.082 -0.159 -0.175
-0.023 -0.104 -0.137
-0.056 -0.110 -0.137
-0.048 -0.101 -0.114
-0.038 -0.087 -0.115
-0.065 -0.101 -0.121
-0.026 -0.069 -0.102
-0.076 -0.104 -0.125
-0.036 -0.066 -0.093
 0.008 -0.005 -0.029
-0.027 -0.063 -0.080
-0.000 -0.052 -0.072
-0.045 -0.075 -0.087
-0.044 -0.073 -0.079
-0.009  0.037  0.021
 0.024  0.024 -0.013
 0.042  0.028 -0.023
-0.050 -0.054 -0.073
-0.063 -0.080 -0.091
-0.032 -0.059 -0.088
-0.014 -0.043 -0.069
 0.004 -0.023 -0.072
-0.044 -0.096 -0.119
-0.026 -0.099 -0.128
 0.001 -0.016 -0.041
-0.014 -0.073 -0.122
 0.042  0.002 -0.074
 0.015 -0.013 -0.079
-0.014 -0.064 -0.095
-0.022 -0.084 -0.116
-0.046 -0.096 -0.148
-0.007 -0.054 -0.125
-0.035 -0.060 -0.124
-0.041 -0.067 -0.133
-0.043 -0.067 -0.138
-0.043 -0.067 -0.139
 0.001 -0.037 -0.115
-0.025 -0.044 -0.123
-0.072 -0.104 -0.147
 0.004 -0.009 -0.067
 0.015  0.030 -0.020
 0.035  0.030 -0.026
 0.058  0.023 -0.037
-0.010 -0.035 -0.064
-0.008 -0.028 -0.053
 0.034  0.088  0.054
 0.015  0.031  0.013
 0.048  0.035  0.006
-0.035 -0.054 -0.044
-0.036 -0.049 -0.068
-0.028 -0.046 -0.080
-0.004 -0.011 -0.060
 0.031  0.029 -0.025
 0.013 -0.001 -0.037
-0.000 -0.026 -0.054
 0.015 -0.023 -0.060
 0.010 -0.019 -0.045
 0.075  0.046  0.016
 0.093  0.075  0.043
 0.046  0.031  0.023
 0.035 -0.003 -0.028
-0.008 -0.036 -0.061
 0.036 -0.010 -0.036
-0.010 -0.035 -0.067
 0.072  0.049 -0.009
 0.032  0.033 -0.005
 0.031  0.035 -0.003
 0.032  0.014 -0.030
 0.013 -0.017 -0.048
 0.067  0.030 -0.018
 0.020 -0.012 -0.044
 0.084  0.045 -0.007
 0.049  0.050 -0.005
 0.049  0.042 -0.016
 0.042  0.030 -0.046
 0.015  0.000 -0.070
 0.047  0.038 -0.042
 0.026  0.048 -0.025
 0.030  0.069  0.000
 0.029  0.044 -0.030
-0.018 -0.019 -0.098
 0.023  0.002 -0.091
-0.029 -0.029 -0.113
-0.004  0.018 -0.067
-0.021 -0.011 -0.088
-0.026 -0.049 -0.094
-0.024 -0.037 -0.063
-0.025 -0.048 -0.062
-0.008 -0.026 -0.034
-0.015 -0.014 -0.008
 0.039  0.027  0.023
-0.007 -0.029 -0.023
-0.010 -0.035 -0.034
 0.000 -0.028 -0.036
 0.002 -0.015 -0.028
 0.083  0.065  0.035
 0.036  0.015 -0.014
 0.008 -0.008 -0.015
 0.023  0.023  0.010
 0.023  0.054  0.052
 0.098  0.136  0.108
 0.074  0.113  0.076
 0.034  0.060  0.024
 0.056  0.078  0.022
 0.027  0.051 -0.005
 0.084  0.117  0.031
 0.067  0.147  0.050
 0.078  0.167  0.063
 0.078  0.156  0.059
 0.032  0.102  0.026
 0.037  0.097  0.022
 0.045  0.172  0.107
 0.054  0.122  0.043
 0.121  0.196  0.105
 0.079  0.146  0.051
 0.056  0.102  0.003
 0.042  0.108  0.029
 0.018  0.063 -0.011
 0.031  0.081  0.019
 0.045  0.111  0.060
 0.127  0.196  0.131
 0.051  0.103  0.052
 0.036  0.064  0.010
 0.061  0.067 -0.011
 0.009  0.012 -0.053
 0.036  0.053 -0.030
 0.078  0.102  0.021
 0.044  0.075 -0.001
 0.032  0.041 -0.044
-0.009 -0.000 -0.064
-0.079 -0.076 -0.121
-0.015  0.013 -0.025
 0.021  0.051  0.008
 0.105  0.128  0.063
 0.042  0.056 -0.003
-0.011 -0.022 -0.071
 0.002 -0.021 -0.074
-0.033 -0.056 -0.097
 0.030 -0.002 -0.038
-0.009 -0.017 -0.046
-0.004 -0.023 -0.057
 0.028 -0.014 -0.070
-0.014 -0.043 -0.087
-0.016 -0.040 -0.082
 0.032  0.023 -0.027
 0.017  0.003 -0.030
 0.042  0.014 -0.027
-0.007 -0.018 -0.049
-0.003 -0.030 -0.049
 0.042  0.014 -0.008
 0.079  0.069  0.024
 0.132  0.120  0.065
 0.056  0.113  0.097
-0.019 -0.015 -0.039
-0.009 -0.022 -0.040
-0.011  0.006 -0.024
 0.075  0.099  0.057
 0.049  0.130  0.113
-0.020 -0.015 -0.036
-0.011 -0.019 -0.043
-0.042 -0.031 -0.052
 0.029  0.049  0.019
 0.027  0.062  0.049
-0.005  0.010  0.008
 0.043  0.053  0.023
-0.008  0.008 -0.016
-0.019 -0.001 -0.036
-0.011  0.026 -0.019
-0.027  0.010 -0.033
 0.050  0.089  0.036
 0.010  0.091  0.066
-0.020  0.009 -0.027
 0.003  0.018 -0.022
-0.064 -0.013 -0.024
-0.070 -0.016 -0.018
 0.002  0.065  0.044
-0.022  0.046  0.024
-0.033  0.018 -0.007
 0.034  0.089  0.044
-0.021  0.050  0.038
-0.040  0.025  0.014
-0.033  0.008 -0.008
-0.084 -0.039 -0.036
-0.093 -0.050 -0.041
-0.063 -0.002  0.010
-0.046  0.053  0.076
 0.002  0.094  0.115
-0.043  0.050  0.064
-0.090 -0.003  0.023
-0.090 -0.007  0.008
-0.097 -0.000 -0.007
-0.052  0.049  0.015
-0.038  0.082  0.046
-0.009  0.119  0.085
-0.009  0.111  0.051
-0.055  0.045  0.002
-0.046  0.035 -0.003
-0.095  0.018 -0.005
-0.040  0.080  0.050
-0.077  0.078  0.070
-0.084  0.043  0.026
-0.046  0.117  0.079
-0.094  0.012 -0.010
-0.079  0.026 -0.020
-0.083  0.038  0.003
-0.033  0.096  0.059
-0.056  0.087  0.079
-0.037  0.095  0.055
-0.051  0.068  0.012
-0.053  0.051  0.002
 0.002  0.077  0.015
-0.023  0.068  0.003
-0.014  0.057 -0.018
-0.041  0.048 -0.020
-0.038 -0.008 -0.088
-0.038 -0.010 -0.076
-0.031  0.048 -0.022
 0.046  0.111  0.036
 0.011  0.085  0.025
 0.033  0.090  0.012
 0.031  0.132  0.073
 0.022  0.036 -0.042
 0.023  0.044 -0.042
 0.015  0.034 -0.052
 0.029  0.035 -0.043
 0.018  0.026 -0.052
 0.050  0.048 -0.037
 0.035  0.019 -0.043
 0.040  0.051  0.019
 0.099  0.121  0.084
 0.043  0.085  0.073
 0.047  0.043  0.014
 0.063  0.034 -0.001
 0.059  0.038  0.005
 0.100  0.073  0.046
 0.048  0.042  0.020
 0.031  0.012 -0.028
 0.025  0.012 -0.047
 0.018  0.003 -0.060
 0.054  0.032 -0.027
 0.028  0.040 -0.000
 0.026  0.035 -0.013
-0.000  0.005 -0.039
-0.022 -0.026 -0.076
 0.001 -0.022 -0.083
-0.032 -0.042 -0.089
-0.023 -0.023 -0.081
-0.029 -0.026 -0.100
-0.041 -0.042 -0.098
 0.019  0.009 -0.064
-0.023 -0.007 -0.059
-0.010  0.012 -0.030
-0.002  0.003 -0.051
-0.032 -0.024 -0.081
 0.017  0.006 -0.054
-0.053 -0.047 -0.083
-0.051 -0.046 -0.100
-0.076 -0.050 -0.085
-0.086 -0.040 -0.044
-0.084 -0.031 -0.036
-0.093 -0.049 -0.066
-0.059 -0.030 -0.056
-0.020  0.046  0.023
-0.059 -0.030 -0.050
-0.053 -0.024 -0.036
-0.021  0.021  0.006
 0.025  0.064  0.041
-0.022  0.022 -0.009
-0.022  0.009 -0.036
-0.021  0.013 -0.033
-0.029 -0.021 -0.055
-0.015 -0.011 -0.053
-0.004  0.031 -0.009
 0.062  0.098  0.047
-0.016  0.025 -0.011
-0.017  0.015 -0.026
-0.022  0.010 -0.035
-0.007  0.012 -0.032
 0.062  0.132  0.089
 0.055  0.083  0.043
 0.086  0.111  0.056
 0.050  0.057  0.006
 0.033  0.017 -0.032
 0.031  0.031 -0.024
 0.045  0.064  0.003
 0.108  0.147  0.081
 0.043  0.083  0.015
 0.027  0.047 -0.031
 0.011  0.040 -0.051
 0.008  0.020 -0.073
 0.054  0.135  0.053
 0.054  0.087 -0.013
 0.116  0.114  0.011
 0.078  0.066 -0.026
 0.069  0.037 -0.052
 0.052  0.066  0.011
 0.068  0.007 -0.068
 0.081  0.024 -0.061
 0.089  0.038 -0.052
 0.152  0.097  0.003
 0.124  0.100  0.011
 0.049 -0.012 -0.085
 0.062 -0.015 -0.082
 0.054 -0.004 -0.056
 0.062  0.044  0.025
 0.092  0.063  0.037
 0.087  0.096  0.080
 0.038 -0.015 -0.048
 0.030 -0.009 -0.040
 0.035  0.011 -0.012
 0.075  0.036 -0.003
 0.047 -0.003 -0.050
 0.080  0.011 -0.055
 0.033 -0.032 -0.076
 0.047  0.015 -0.036
 0.045  0.029 -0.009
 0.026  0.010 -0.030
 0.040  0.012 -0.032
 0.025 -0.001 -0.044
 0.022 -0.005 -0.046
 0.071  0.029 -0.027
 0.053  0.003 -0.051
 0.034 -0.006 -0.054
 0.033 -0.007 -0.036
 0.016 -0.005 -0.008
-0.004 -0.004  0.018
-0.032 -0.026 -0.004
-0.065 -0.038 -0.010
-0.023 -0.014  0.006
-0.074 -0.046 -0.021
-0.053 -0.026 -0.004
-0.042 -0.023 -0.017
-0.050 -0.049 -0.064
 0.000 -0.003 -0.030
-0.044 -0.017 -0.039
-0.045  0.012 -0.003
-0.030  0.024  0.011
-0.062 -0.016 -0.024
-0.079 -0.029 -0.050
-0.095 -0.045 -0.061
-0.082 -0.049 -0.076
-0.070 -0.022 -0.049
-0.062 -0.021 -0.040
-0.006 -0.010 -0.040
-0.070 -0.073 -0.088
-0.089 -0.087 -0.104
-0.114 -0.106 -0.105
-0.136 -0.105 -0.075
-0.077 -0.007  0.034
-0.084  0.005  0.071
-0.090 -0.019  0.033
-0.066 -0.026 -0.003
-0.068 -0.032 -0.021
-0.026 -0.020 -0.003
-0.079 -0.036 -0.012
-0.062 -0.026  0.025
-0.068 -0.001  0.063
-0.051 -0.009  0.039
-0.003  0.017  0.041
-0.013  0.050  0.090
-0.049 -0.021  0.008
-0.023  0.008  0.019
-0.013  0.016  0.010
 0.011  0.017 -0.005
-0.011  0.039  0.033
 0.012  0.002 -0.019
 0.056  0.050  0.013
 0.047  0.074  0.061
 0.082  0.111  0.101
 0.087  0.089  0.081
 0.060  0.062  0.041
 0.088  0.065  0.038
 0.056  0.059  0.035
 0.069  0.081  0.063
 0.086  0.096  0.067
 0.060  0.048  0.017
 0.069  0.044  0.009
 0.044  0.026  0.005
 0.032  0.009  0.003
 0.034  0.024  0.016
 0.049  0.035  0.024
 0.098  0.073  0.045
 0.083  0.034 -0.007
 0.070 -0.025 -0.034
 0.040 -0.128 -0.091
-0.034 -0.214 -0.135
 0.044 -0.123 -0.058
-0.019 -0.133 -0.059
 0.018 -0.033 -0.051
 0.074  0.053 -0.003
-0.028 -0.151 -0.132
-0.087 -0.192 -0.185
-0.081 -0.177 -0.243
-0.031 -0.101 -0.143
-0.052 -0.050 -0.108
-0.001  0.020 -0.056
-0.065 -0.084 -0.125
-0.074 -0.153 -0.151
-0.089 -0.194 -0.141
-0.087 -0.189 -0.096
-0.041 -0.158 -0.078
-0.061 -0.184 -0.103
-0.045 -0.161 -0.095
 0.023 -0.067 -0.034
 0.047  0.057  0.082
 0.018  0.055  0.060
 0.051  0.124  0.085
-0.022  0.033  0.023
 0.004 -0.028  0.015
-0.011 -0.001  0.046
-0.005 -0.031  0.052
-0.012 -0.019  0.057
-0.003  0.037  0.069
 0.010  0.092  0.010
-0.096 -0.106 -0.055
-0.084 -0.119 -0.021
-0.103 -0.100 -0.009
-0.141 -0.156 -0.113
-0.110 -0.047 -0.059
-0.142 -0.045 -0.048
-0.129 -0.028 -0.022
-0.142 -0.069 -0.058
-0.152 -0.097 -0.090
-0.094 -0.048 -0.071
-0.135 -0.083 -0.100
-0.111 -0.052 -0.063
-0.093 -0.044 -0.040
-0.123 -0.088 -0.086
-0.120 -0.103 -0.097
-0.155 -0.133 -0.106
-0.133 -0.102 -0.065
-0.105 -0.076 -0.022
-0.123 -0.130 -0.069
-0.100 -0.130 -0.105
-0.147 -0.156 -0.149
-0.124 -0.155 -0.155
-0.094 -0.065 -0.062
-0.039 -0.040 -0.061
-0.001 -0.037 -0.073
-0.060 -0.102 -0.138
-0.072 -0.124 -0.140
-0.014 -0.071 -0.125
-0.013 -0.051 -0.092
 0.030 -0.002 -0.045
 0.011 -0.032 -0.074
-0.014 -0.069 -0.136
 0.033 -0.040 -0.112
 0.012 -0.035 -0.092
 0.075  0.044 -0.004
 0.066  0.048  0.015
 0.040  0.004 -0.034
 0.055 -0.005 -0.024
 0.003 -0.055 -0.049
 0.095  0.038  0.020
 0.126  0.081  0.055
 0.096  0.049  0.019
 0.120  0.050  0.005
 0.033 -0.029 -0.068
 0.012 -0.036 -0.065
 0.085  0.069  0.029
 0.067  0.081  0.063
 0.024  0.018  0.001
 0.006 -0.002 -0.024
-0.077 -0.085 -0.093
-0.078 -0.093 -0.104
-0.084 -0.089 -0.098
 0.010  0.011 -0.030
-0.074 -0.094 -0.123
-0.125 -0.139 -0.149
-0.133 -0.155 -0.167
-0.176 -0.179 -0.167
-0.130 -0.121 -0.098
-0.134 -0.044 -0.010
-0.185 -0.164 -0.153
-0.161 -0.156 -0.162
-0.196 -0.180 -0.177
-0.175 -0.156 -0.150
-0.182 -0.125 -0.122
-0.230 -0.200 -0.187
-0.208 -0.184 -0.173
-0.247 -0.224 -0.207
-0.233 -0.207 -0.187
-0.188 -0.141 -0.133
-0.188 -0.129 -0.117
-0.193 -0.149 -0.133
-0.190 -0.143 -0.138
-0.187 -0.155 -0.165
-0.167 -0.137 -0.154
-0.165 -0.135 -0.161
-0.168 -0.132 -0.149
-0.139 -0.095 -0.114
-0.123 -0.069 -0.065
-0.140 -0.082 -0.075
-0.122 -0.089 -0.089
-0.131 -0.105 -0.092
-0.119 -0.066 -0.056
-0.097 -0.042 -0.005
-0.120 -0.058 -0.038
-0.114 -0.075 -0.059
-0.123 -0.035  0.009
-0.125 -0.100 -0.076
-0.110 -0.080 -0.056
-0.132 -0.085 -0.046
-0.109 -0.061 -0.014
-0.112 -0.099 -0.056
-0.112 -0.099 -0.064
-0.055 -0.038 -0.019
-0.070  0.019  0.065
-0.086 -0.079 -0.055
-0.047 -0.068 -0.057
-0.067 -0.086 -0.091
-0.046 -0.073 -0.087
-0.029 -0.037 -0.050
-0.025 -0.035 -0.066
 0.019 -0.018 -0.082
 0.050  0.017 -0.048
 0.033 -0.026 -0.094
 0.064  0.004 -0.067
 0.066  0.019 -0.040
 0.126  0.069  0.004
 0.061  0.032 -0.009
 0.079 -0.006 -0.061
 0.124  0.039 -0.023
 0.085  0.013 -0.026
 0.051 -0.046 -0.072
 0.065 -0.049 -0.084
 0.052 -0.044 -0.076
 0.090  0.008 -0.027
 0.119  0.072  0.045
 0.095  0.019  0.001
 0.122  0.033  0.003
 0.130  0.097  0.075
 0.160  0.071  0.014
 0.216  0.147  0.057
 0.204  0.194  0.098
 0.203  0.197  0.108
 0.196  0.147  0.048
 0.143  0.081 -0.021
 0.125  0.059 -0.037
 0.119  0.091  0.017
 0.139  0.129  0.065
 0.191  0.170  0.105
 0.124  0.091  0.038
 0.131  0.086  0.024
 0.137  0.099  0.033
 0.112  0.103  0.058
 0.146  0.146  0.096
 0.036  0.049  0.046
 0.024 -0.006 -0.009
 0.043  0.001  0.001
 0.002 -0.011  0.012
-0.002  0.009  0.033
 0.006  0.013  0.035
-0.029 -0.032 -0.003
-0.018 -0.026 -0.002
 0.003 -0.004  0.009
-0.013 -0.003  0.011
-0.007  0.026  0.044
-0.042 -0.008  0.010
-0.019  0.002  0.004
-0.049  0.017  0.041
-0.040 -0.011 -0.004
-0.003  0.026  0.017
 0.010  0.059  0.041
-0.050 -0.036 -0.062
-0.018 -0.026 -0.070
-0.067 -0.036 -0.068
-0.088 -0.035 -0.055
-0.084 -0.017 -0.023
-0.104 -0.036 -0.028
-0.065 -0.013 -0.022
-0.059 -0.006 -0.003
-0.043 -0.001 -0.014
-0.007  0.038  0.026
-0.046  0.008  0.024
-0.033  0.002  0.005
-0.015  0.001 -0.008
-0.032 -0.007  0.001
 0.021  0.033  0.036
-0.041  0.001  0.040
-0.031  0.029  0.073
-0.011  0.045  0.075
-0.030  0.017  0.040
-0.010  0.022  0.033
 0.011  0.033  0.040
-0.014  0.019  0.027
 0.024  0.063  0.072
-0.055  0.040  0.074
-0.011  0.021  0.007
 0.044  0.056  0.019
-0.007  0.033  0.015
-0.010  0.050  0.033
-0.036  0.041  0.037
 0.000  0.017 -0.006
 0.063  0.052 -0.004
 0.032  0.015 -0.036
 0.071  0.055  0.003
 0.041  0.065  0.026
 0.041  0.075  0.044
 0.079  0.071  0.009
 0.083  0.049 -0.003
 0.094  0.054  0.008
 0.100  0.062  0.024
 0.070  0.065  0.046
 0.121  0.102  0.073
 0.110  0.065  0.038
 0.099  0.031 -0.005
 0.085  0.029  0.011
 0.105  0.018 -0.030
 0.094  0.026 -0.027
 0.059  0.002 -0.036
 0.116  0.031 -0.021
 0.079 -0.007 -0.047
 0.102  0.011 -0.032
 0.115  0.021 -0.030
 0.113  0.041 -0.009
 0.167  0.104  0.038
 0.181  0.158  0.102
 0.159  0.097  0.019
 0.163  0.095 -0.003
 0.163  0.105  0.012
 0.208  0.166  0.080
 0.169  0.146  0.083
 0.174  0.114  0.052
 0.185  0.110  0.049
 0.207  0.120  0.063
 0.223  0.138  0.075
 0.182  0.134  0.086
 0.188  0.156  0.123
 0.184  0.200  0.176
 0.168  0.098  0.062
 0.186  0.094  0.054
 0.167  0.070  0.046
 0.183  0.120  0.087
 0.172  0.202  0.190
 0.138  0.120  0.086
 0.178  0.104  0.070
 0.142  0.073  0.044
 0.154  0.090  0.047
 0.161  0.101  0.033
 0.148  0.111  0.020
 0.191  0.168  0.067
 0.170  0.128  0.039
 0.167  0.101  0.015
 0.190  0.117  0.016
 0.179  0.127  0.015
 0.211  0.163  0.051
 0.145  0.143  0.072
 0.140  0.164  0.095
 0.155  0.143  0.074
 0.152  0.129  0.048
 0.165  0.123  0.039
 0.150  0.115  0.038
 0.127  0.111  0.040
 0.145  0.128  0.067
 0.122  0.102  0.040
 0.077  0.049  0.003
 0.107  0.075  0.037
 0.053  0.019 -0.007
 0.075  0.023 -0.004
 0.104  0.046  0.020
 0.134  0.138  0.120
 0.115  0.083  0.059
 0.175  0.164  0.119
 0.157  0.114  0.073
 0.167  0.098  0.069
 0.176  0.102  0.081
 0.153  0.084  0.082
 0.184  0.138  0.138
 0.160  0.201  0.236
 0.117  0.096  0.125
 0.161  0.105  0.106
 0.129  0.077  0.093
 0.133  0.087  0.093
 0.139  0.083  0.086
 0.127  0.089  0.093
 0.134  0.122  0.137
 0.118  0.147  0.179
 0.160  0.170  0.191
 0.111  0.151  0.188
 0.093  0.054  0.074
 0.128  0.060  0.063
 0.103  0.042  0.046
 0.136  0.093  0.076
 0.182  0.187  0.177
 0.105  0.089  0.100
 0.118  0.072  0.052
 0.075  0.012  0.009
 0.102  0.032  0.026
 0.069 -0.006  0.006
 0.069 -0.001 -0.006
 0.116  0.150  0.130
 0.088  0.034  0.020
 0.119  0.049  0.016
 0.090  0.027 -0.008
 0.104  0.023 -0.013
 0.064 -0.018 -0.027
 0.069  0.005 -0.023
 0.087  0.048  0.028
 0.032 -0.012 -0.021
 0.059 -0.030 -0.040
 0.008 -0.097 -0.096
-0.018 -0.122 -0.109
 0.054 -0.036 -0.031
 0.083  0.053  0.055
 0.101  0.085  0.096
 0.087  0.050  0.063
 0.069 -0.007  0.023
 0.085 -0.010  0.021
 0.028 -0.053 -0.010
 0.045 -0.025  0.011
 0.036 -0.023  0.013
 0.046 -0.018  0.016
 0.064 -0.034 -0.008
 0.072 -0.031 -0.004
 0.107  0.006  0.009
 0.081  0.006  0.025
 0.109  0.031  0.029
 0.048 -0.006  0.008
 0.049 -0.014  0.001
 0.032 -0.047 -0.025
 0.022 -0.077 -0.044
 0.100  0.001  0.017
 0.069  0.017  0.033
 0.035 -0.026  0.007
 0.011 -0.073 -0.043
-0.024 -0.117 -0.074
-0.012 -0.102 -0.056
-0.035 -0.126 -0.067
-0.066 -0.130 -0.056
-0.081 -0.126 -0.042
-0.116 -0.165 -0.078
-0.096 -0.177 -0.110
-0.110 -0.156 -0.092
-0.083 -0.181 -0.134
-0.056 -0.157 -0.126
-0.069 -0.129 -0.104
-0.074 -0.118 -0.080
-0.090 -0.141 -0.104
-0.083 -0.150 -0.115
-0.039 -0.120 -0.113
-0.105 -0.173 -0.140
-0.090 -0.132 -0.119
-0.073 -0.091 -0.102
-0.082 -0.067 -0.100
-0.057 -0.030 -0.090
-0.056  0.025 -0.029
-0.087  0.005 -0.048
-0.046  0.033 -0.034
-0.060 -0.038 -0.041
-0.047 -0.035 -0.046
-0.020 -0.057  0.001
-0.040 -0.050  0.016
-0.020 -0.070  0.025
 0.003 -0.116  0.035
-0.025 -0.176  0.026
 0.025 -0.097  0.092
 0.015 -0.067  0.133
 0.028 -0.029  0.203
 0.031 -0.017  0.195
 0.014 -0.043  0.147
 0.069 -0.030  0.148
 0.026 -0.066  0.123
 0.044 -0.026  0.156
 0.064  0.077  0.281
 0.023 -0.014  0.192
 0.049 -0.095  0.171
 0.065 -0.023  0.176
 0.112  0.065  0.198
 0.022 -0.015  0.163
 0.025 -0.042  0.145
 0.038 -0.031  0.113
 0.042  0.019  0.101
 0.099  0.089  0.107
 0.055  0.019  0.068
 0.044 -0.009  0.074
 0.031 -0.021  0.083
 0.003 -0.052  0.037
 0.032 -0.026  0.023
-0.013 -0.033  0.010
-0.021 -0.013 -0.006
-0.046  0.023  0.030
-0.031  0.013  0.011
 0.000  0.044  0.017
-0.043 -0.004 -0.036
-0.047 -0.037 -0.059
-0.055 -0.053 -0.078
-0.084 -0.060 -0.077
-0.048  0.005 -0.017
-0.050  0.052  0.027
 0.023  0.108  0.053
 0.013  0.054  0.033
 0.009  0.026  0.001
 0.000  0.007 -0.016
-0.041 -0.026 -0.047
-0.026 -0.036 -0.039
-0.106 -0.069 -0.021
-0.107 -0.130 -0.111
-0.096 -0.135 -0.116
-0.163 -0.189 -0.155
-0.166 -0.196 -0.159
-0.140 -0.147 -0.121
-0.160 -0.154 -0.110
-0.150 -0.167 -0.130
-0.135 -0.173 -0.149
-0.125 -0.160 -0.160
-0.095 -0.131 -0.152
-0.124 -0.075 -0.079
-0.127 -0.136 -0.159
-0.099 -0.125 -0.165
-0.148 -0.184 -0.214
-0.139 -0.191 -0.225
-0.121 -0.183 -0.234
-0.135 -0.176 -0.231
-0.119 -0.162 -0.209
-0.124 -0.156 -0.200
-0.118 -0.161 -0.208
-0.079 -0.132 -0.202
-0.078 -0.053 -0.125
-0.122 -0.172 -0.223
-0.055 -0.105 -0.165
-0.045 -0.027 -0.127
 0.005  0.013 -0.112
 0.018 -0.019 -0.123
-0.014 -0.148 -0.188
-0.063 -0.155 -0.233
-0.047  0.064 -0.059
-0.056 -0.096 -0.109
-0.044  0.054 -0.077
-0.100  0.022 -0.103
-0.111 -0.109 -0.172
-0.114 -0.209 -0.212
-0.109 -0.191 -0.194
-0.074 -0.143 -0.157
-0.120 -0.172 -0.160
-0.144 -0.231 -0.220
-0.088 -0.196 -0.193
-0.084 -0.146 -0.132
-0.118 -0.180 -0.178
-0.080 -0.115 -0.123
-0.105 -0.094 -0.108
-0.076 -0.021 -0.092
-0.028  0.039 -0.081
-0.073  0.027 -0.092
-0.071  0.028 -0.095
-0.069  0.006 -0.077
-0.091  0.006 -0.080
-0.078  0.052 -0.031
-0.072  0.093 -0.028
-0.097  0.056 -0.023
-0.105  0.043 -0.004
-0.092 -0.005 -0.008
-0.115 -0.100 -0.058
-0.096 -0.106 -0.085
-0.091 -0.096 -0.097
-0.078 -0.069 -0.083
-0.018 -0.003 -0.033
-0.074 -0.017 -0.021
-0.070 -0.080 -0.074
-0.021 -0.042 -0.042
-0.066 -0.102 -0.066
-0.061 -0.118 -0.052
-0.021 -0.074 -0.036
-0.063 -0.108 -0.053
-0.041 -0.073 -0.050
-0.045 -0.081 -0.056
-0.065 -0.090 -0.054
-0.021 -0.043 -0.025
-0.075 -0.046  0.021
-0.082 -0.086 -0.056
-0.042 -0.074 -0.048
-0.077 -0.122 -0.074
-0.058 -0.104 -0.029
 0.010 -0.016 -0.002
-0.033 -0.024 -0.021
-0.032 -0.037 -0.034
-0.016 -0.030 -0.029
-0.044 -0.051 -0.042
-0.008  0.008  0.001
 0.011  0.040  0.035
-0.010  0.021  0.033
-0.009  0.003  0.028
-0.049 -0.009  0.033
-0.033 -0.033 -0.003
 0.036  0.044  0.041
-0.007  0.023  0.036
 0.006  0.037  0.047
 0.015  0.034  0.023
-0.035 -0.009 -0.005
-0.042  0.000 -0.003
-0.040 -0.001  0.009
-0.064 -0.023  0.012
-0.054 -0.031  0.000
-0.073 -0.056 -0.026
-0.083 -0.084 -0.060
-0.025 -0.016 -0.027
-0.001  0.031  0.017
-0.053 -0.050 -0.065
-0.014 -0.042 -0.070
-0.072 -0.104 -0.107
-0.058 -0.087 -0.102
-0.028 -0.048 -0.072
-0.044 -0.058 -0.080
-0.023 -0.046 -0.087
-0.051 -0.072 -0.081
-0.025 -0.038 -0.083
 0.054  0.069 -0.044
 0.024  0.097 -0.054
 0.010  0.062 -0.093
-0.018  0.012 -0.129
-0.061 -0.011 -0.137
-0.020  0.011 -0.083
-0.036 -0.006 -0.086
-0.002  0.035 -0.055
 0.011  0.033 -0.076
-0.029 -0.010 -0.093
-0.017  0.006 -0.078
-0.006  0.036 -0.066
 0.014  0.054 -0.046
 0.073  0.101 -0.011
 0.005  0.049 -0.031
-0.000  0.025 -0.036
 0.002  0.022 -0.047
-0.017  0.011 -0.048
 0.053  0.081 -0.010
 0.023  0.062 -0.024
 0.038  0.078 -0.017
 0.047  0.075 -0.031
 0.023  0.056 -0.054
 0.027  0.054 -0.042
 0.029  0.071 -0.006
 0.057  0.093 -0.001
 0.123  0.167  0.053
 0.065  0.122  0.017
 0.024  0.073  0.002
 0.020  0.073 -0.005
 0.011  0.071 -0.003
 0.080  0.143  0.046
 0.043  0.099  0.021
 0.005  0.043 -0.019
-0.011  0.010 -0.020
-0.024  0.014 -0.027
 0.052  0.074  0.039
 0.053  0.073  0.035
 0.033  0.051  0.002
 0.028  0.027 -0.014
-0.015 -0.020 -0.045
-0.035 -0.057 -0.078
 0.004  0.015 -0.024
-0.024 -0.023 -0.080
 0.017  0.023 -0.057
-0.061 -0.074 -0.115
-0.081 -0.114 -0.138
-0.046 -0.061 -0.106
-0.029 -0.048 -0.089
 0.037  0.032 -0.026
 0.073  0.124  0.073
-0.002  0.001 -0.054
 0.010 -0.004 -0.073
-0.023 -0.029 -0.084
-0.036 -0.040 -0.099
-0.027 -0.025 -0.088
-0.032 -0.038 -0.081
 0.015  0.007 -0.056
 0.032  0.032 -0.028
 0.061  0.090  0.012
 0.069  0.103  0.040
 0.067  0.091  0.032
 0.041  0.063  0.025
 0.104  0.111  0.055
 0.100  0.141  0.077
 0.131  0.138  0.095
 0.133  0.110  0.078
 0.064  0.034  0.037
 0.035  0.023  0.021
 0.034  0.035  0.041
 0.059  0.068  0.068
 0.101  0.126  0.097
 0.053  0.096  0.083
 0.006  0.040  0.045
-0.020  0.019  0.026
-0.011  0.053  0.033
 0.070  0.122  0.082
 0.014  0.067  0.024
-0.044  0.021 -0.018
-0.058 -0.007 -0.010
-0.072  0.007  0.006
 0.026  0.112  0.090
-0.051  0.097  0.141
-0.083  0.006  0.029
-0.044  0.031  0.036
-0.074  0.008  0.019
-0.026  0.056  0.041
-0.014  0.064  0.039
-0.093 -0.042 -0.042
-0.094 -0.059 -0.061
-0.132 -0.020  0.010
-0.094 -0.025 -0.013
-0.039  0.032  0.033
-0.093 -0.012  0.013
-0.088 -0.031  0.011
-0.074 -0.026  0.012
-0.089 -0.040  0.004
-0.071 -0.021 -0.002
-0.050 -0.001  0.014
-0.083  0.004  0.039
-0.073 -0.038 -0.008
-0.053 -0.018  0.011
-0.071 -0.022  0.017
-0.011  0.026  0.051
 0.026  0.096  0.131
-0.009  0.044  0.076
 0.047  0.077  0.097
 0.028  0.057  0.081
 0.033  0.062  0.081
 0.067  0.077  0.085
 0.007  0.035  0.041
 0.041  0.058  0.041
 0.034  0.052  0.038
 0.134  0.167  0.119
 0.099  0.153  0.116
 0.120  0.156  0.120
 0.041  0.101  0.086
 0.029  0.095  0.065
 0.034  0.104  0.065
-0.033  0.023 -0.006
-0.013  0.011 -0.014
-0.049 -0.023 -0.045
-0.057 -0.042 -0.061
 0.004  0.057  0.031
-0.028 -0.008 -0.025
-0.001  0.024  0.011
-0.044 -0.013 -0.013
-0.056 -0.057 -0.063
-0.088 -0.037  0.003
-0.088 -0.103 -0.093
-0.069 -0.077 -0.080
-0.089 -0.076 -0.079
-0.085 -0.090 -0.097
-0.137 -0.106 -0.082
-0.128 -0.130 -0.108
-0.087 -0.095 -0.084
-0.104 -0.094 -0.067
-0.054 -0.043 -0.039
-0.013  0.053  0.061
-0.058 -0.059 -0.053
-0.060 -0.090 -0.079
-0.091 -0.105 -0.089
-0.076 -0.090 -0.076
-0.052 -0.043 -0.033
-0.040 -0.026 -0.022
 0.019  0.019  0.003
-0.016 -0.012  0.000
-0.017 -0.075 -0.035
-0.052 -0.148 -0.035
-0.064 -0.130 -0.015
 0.002 -0.069  0.020
-0.017 -0.065  0.030
-0.074 -0.139 -0.074
-0.077 -0.124 -0.068
-0.053 -0.089 -0.078
 0.050  0.136 -0.002
 0.047  0.221  0.117
 0.013 -0.029 -0.028
-0.014 -0.033 -0.100
-0.053 -0.130 -0.185
-0.026 -0.081 -0.135
-0.045  0.123  0.022
-0.007  0.102  0.054
 0.014  0.002 -0.015
-0.036 -0.060 -0.062
-0.024 -0.084 -0.073
-0.003 -0.054 -0.046
 0.006 -0.027 -0.012
 0.045  0.003  0.011
-0.011  0.006  0.032
 0.013 -0.048 -0.046
 0.052 -0.023 -0.063
 0.044  0.019 -0.017
 0.079  0.139  0.043
 0.076  0.218  0.055
 0.043  0.109 -0.043
 0.116  0.152 -0.007
 0.028  0.053 -0.080
 0.011  0.044 -0.062
 0.013  0.098 -0.051
 0.011  0.028 -0.060
 0.066  0.057 -0.074
 0.009 -0.006 -0.137
 0.033  0.052 -0.095
 0.053  0.100 -0.044
 0.065  0.110 -0.043
 0.117  0.147 -0.025
 0.042  0.074 -0.077
 0.048  0.058 -0.064
 0.049  0.045 -0.103
 0.040  0.028 -0.060
 0.083  0.067 -0.017
 0.056  0.081  0.019
 0.100  0.044 -0.023
 0.127  0.100 -0.007
 0.086  0.080 -0.004
 0.073  0.065  0.002
 0.044  0.078  0.020
 0.058  0.108  0.037
 0.146  0.112  0.058
 0.077  0.092  0.023
 0.059  0.120  0.015
 0.058  0.092  0.028
 0.070  0.097  0.050
 0.122  0.169  0.106
 0.090  0.115  0.063
 0.091  0.077  0.044
 0.086  0.096  0.021
 0.097  0.063  0.032
 0.154  0.082  0.039
 0.072 -0.022 -0.034
 0.073 -0.025 -0.042
 0.106  0.053  0.003
 0.099  0.110  0.028
 0.116  0.125  0.051
 0.104  0.096  0.033
 0.075  0.095  0.007
 0.098  0.130  0.031
 0.081  0.176  0.042
 0.105  0.123  0.037
 0.036  0.022 -0.030
 0.015 -0.014 -0.066
 0.013 -0.010 -0.073
 0.036  0.023 -0.038
 0.127  0.112  0.059
 0.064 -0.001  0.023
 0.045 -0.043 -0.024
 0.060 -0.034 -0.003
 0.073  0.068  0.038
 0.139  0.145  0.100
 0.113  0.112  0.074
 0.081 -0.049 -0.031
 0.085 -0.113 -0.089
 0.063 -0.122 -0.080
 0.088 -0.068 -0.045
 0.068 -0.031  0.004
 0.088 -0.033 -0.035
 0.136  0.009 -0.015
 0.100 -0.017 -0.035
 0.116  0.015 -0.033
 0.115  0.024 -0.013
 0.110  0.020 -0.013
 0.131  0.026 -0.009
 0.095  0.049  0.005
 0.083 -0.008 -0.017
 0.079 -0.031 -0.028
 0.075 -0.027 -0.001
 0.111  0.027  0.031
 0.053 -0.007  0.012
 0.040 -0.031 -0.016
 0.032 -0.039 -0.007
-0.006 -0.066 -0.017
 0.007 -0.052 -0.018
-0.012  0.028  0.066
-0.001  0.012  0.012
 0.052  0.074  0.073
 0.009  0.111  0.056
-0.025  0.087 -0.022
-0.015  0.001 -0.047
-0.010 -0.029  0.015
 0.015 -0.013  0.078
-0.019 -0.046  0.024
-0.054 -0.018 -0.023
-0.041  0.078  0.034
-0.031  0.066 -0.036
-0.008  0.188  0.041
-0.055  0.168  0.024
-0.044  0.152  0.001
-0.069  0.125 -0.003
-0.089  0.072 -0.041
-0.052  0.104 -0.005
-0.044  0.128  0.035
-0.024  0.126  0.023
-0.039  0.157  0.069
-0.043  0.092 -0.014
 0.001  0.157  0.033
-0.027  0.134  0.023
-0.030  0.091 -0.007
-0.050  0.038 -0.043
-0.041  0.045 -0.035
-0.013  0.064  0.004
-0.017  0.063  0.013
 0.015  0.066  0.004
-0.056 -0.003 -0.053
-0.022  0.024 -0.039
-0.018  0.047 -0.028
-0.011  0.049 -0.027
-0.031  0.029 -0.025
-0.023  0.021 -0.028
 0.029  0.055  0.005
 0.023  0.051  0.032
 0.046  0.079 -0.007
-0.016  0.098 -0.039
-0.027  0.148 -0.055
-0.021  0.163  0.010
-0.004  0.073  0.043
 0.026  0.135  0.093
-0.036  0.153 -0.040
-0.005  0.054 -0.064
-0.003  0.076  0.054
-0.004  0.060  0.010
 0.020  0.124  0.043
 0.046  0.197  0.051
 0.087  0.147  0.033
-0.008 -0.020 -0.046
-0.080 -0.202 -0.134
-0.085 -0.273 -0.146
-0.079 -0.233 -0.116
 0.027 -0.105 -0.039
-0.040 -0.076 -0.049
-0.077 -0.047 -0.089
-0.051 -0.040 -0.111
-0.020  0.000 -0.069
 0.014 -0.146 -0.045
-0.023 -0.116 -0.001
-0.090 -0.269 -0.220
-0.038 -0.255 -0.207
-0.073 -0.230 -0.191
-0.028 -0.115 -0.115
-0.060 -0.208 -0.112
-0.055 -0.182 -0.099
-0.086 -0.234 -0.135
-0.090 -0.289 -0.157
-0.058 -0.276 -0.125
-0.076 -0.239 -0.089
-0.029 -0.165 -0.024
-0.045 -0.202 -0.060
-0.079 -0.237 -0.094
-0.078 -0.221 -0.109
-0.096 -0.196 -0.099
-0.031 -0.129 -0.035
-0.082 -0.161 -0.062
-0.074 -0.156 -0.065
-0.065 -0.148 -0.058
-0.081 -0.159 -0.081
-0.035 -0.126 -0.072
-0.083 -0.149 -0.094
-0.087 -0.145 -0.107
-0.092 -0.147 -0.095
-0.098 -0.163 -0.132
-0.042 -0.136 -0.117
-0.070 -0.141 -0.116
-0.053 -0.088 -0.067
-0.056 -0.077 -0.042
-0.078 -0.103 -0.064
-0.030 -0.075 -0.055
-0.061 -0.123 -0.090
-0.075 -0.144 -0.096
-0.052 -0.077 -0.052
-0.086 -0.123 -0.066
-0.073 -0.155 -0.108
-0.041 -0.111 -0.063
-0.086 -0.195 -0.142
-0.040 -0.124 -0.100
-0.041 -0.073 -0.053
-0.022 -0.020 -0.036
-0.024  0.032 -0.020
-0.017  0.066 -0.024
 0.026  0.130  0.009
-0.032  0.050 -0.087
-0.008  0.010 -0.104
 0.047  0.085 -0.043
 0.058  0.047 -0.025
 0.131  0.114  0.053
 0.060  0.065  0.045
 0.073  0.086  0.066
 0.074  0.038  0.014
 0.064  0.052  0.015
 0.129  0.236  0.094
 0.085  0.203  0.077
 0.066  0.136  0.052
 0.079  0.144  0.038
 0.103  0.235  0.119
 0.175  0.350  0.189
 0.135  0.375  0.159
 0.092  0.267  0.110
 0.100  0.373  0.142
 0.088  0.349  0.130
 0.158  0.398  0.182
 0.084  0.227  0.073
 0.068  0.132  0.007
 0.088  0.119  0.037
 0.084  0.151  0.055
 0.152  0.241  0.112
 0.099  0.181  0.067
 0.047  0.116  0.016
 0.030  0.063 -0.027
 0.012  0.019 -0.055
 0.034  0.023 -0.056
 0.050  0.142  0.075
 0.090  0.223  0.105
 0.154  0.345  0.162
 0.076  0.236  0.090
 0.053  0.052  0.039
 0.036  0.044  0.009
 0.012  0.099 -0.049
 0.105  0.162  0.043
 0.063  0.126  0.031
 0.006  0.040  0.003
 0.033  0.072  0.040
 0.025  0.066  0.052
 0.104  0.152  0.110
 0.115  0.155  0.087
 0.037  0.085 -0.013
 0.036  0.089 -0.062
 0.069  0.142 -0.019
 0.132  0.197  0.010
 0.119  0.157 -0.020
 0.089  0.107 -0.039
 0.110  0.131 -0.006
 0.094  0.124  0.025
 0.117  0.090  0.056
 0.133  0.101  0.164
 0.089  0.023  0.081
 0.136  0.097  0.112
 0.125  0.117  0.115
 0.098  0.079  0.071
 0.066  0.024  0.033
 0.029 -0.036  0.015
 0.080 -0.022  0.026
 0.062 -0.060  0.048
 0.067 -0.076  0.086
 0.054 -0.125  0.073
 0.007 -0.198  0.034
 0.047 -0.182  0.083
 0.017 -0.107  0.073
 0.031  0.004  0.046
 0.002 -0.027  0.034
-0.014 -0.059 -0.016
 0.042 -0.086 -0.026
-0.024 -0.133 -0.054
-0.028 -0.129 -0.062
-0.019 -0.097 -0.031
-0.024 -0.079 -0.006
 0.042 -0.008  0.040
-0.001 -0.088 -0.018
-0.017 -0.110 -0.044
-0.027 -0.135 -0.068
-0.051 -0.155 -0.089
-0.021 -0.141 -0.073
 0.001 -0.107 -0.020
-0.011 -0.107 -0.015
 0.013 -0.094 -0.002
-0.000 -0.092  0.000
 0.055 -0.039  0.032
 0.022 -0.041  0.038
 0.038 -0.020  0.058
 0.040 -0.040  0.034
 0.021 -0.065  0.003
 0.061 -0.035 -0.003
 0.020 -0.062 -0.009
 0.064 -0.026  0.030
 0.111  0.052  0.122
 0.063 -0.003  0.076
 0.080  0.005  0.067
 0.064 -0.014  0.055
 0.131  0.049  0.084
 0.122  0.058  0.086
 0.090  0.028  0.064
 0.092 -0.014  0.023
 0.063 -0.030  0.008
 0.125  0.001  0.037
 0.074 -0.025  0.048
 0.090  0.011  0.073
 0.080 -0.003  0.070
 0.079 -0.040  0.031
 0.103 -0.033  0.025
 0.068 -0.057 -0.003
 0.126  0.016  0.043
 0.097 -0.002  0.026
 0.074 -0.026  0.013
 0.084 -0.041 -0.024
 0.063 -0.047 -0.032
 0.092 -0.021 -0.004
 0.123  0.065  0.091
 0.056 -0.025  0.036
 0.061 -0.024  0.004
 0.026 -0.073 -0.043
 0.030 -0.088 -0.066
 0.060  0.008  0.002
 0.009 -0.086 -0.071
 0.021 -0.071 -0.066
-0.046 -0.129 -0.130
-0.026 -0.122 -0.135
-0.033 -0.120 -0.116
 0.009 -0.065 -0.042
 0.038 -0.023 -0.005
 0.013 -0.057 -0.040
 0.053 -0.045 -0.047
 0.013 -0.073 -0.053
 0.026 -0.051 -0.006
 0.028 -0.006  0.085
 0.045 -0.040  0.044
 0.074 -0.025  0.020
 0.057 -0.026  0.007
 0.095  0.025  0.041
 0.096  0.046  0.078
 0.062  0.000  0.036
 0.056 -0.016  0.007
 0.032 -0.033 -0.010
 0.106  0.059  0.055
 0.065  0.059  0.060
 0.062  0.044  0.041
 0.065  0.045  0.034
 0.013 -0.028 -0.012
 0.015 -0.026 -0.072
-0.039 -0.002 -0.080
-0.018  0.016 -0.041
-0.003  0.071 -0.022
-0.026  0.037 -0.034
 0.004 -0.042 -0.031
-0.018 -0.154 -0.067
-0.004 -0.116 -0.041
 0.031 -0.081 -0.018
-0.018 -0.113 -0.080
 0.013 -0.091 -0.090
-0.051 -0.143 -0.131
-0.049 -0.139 -0.121
-0.024 -0.090 -0.102
-0.049 -0.101 -0.140
-0.009 -0.059 -0.087
-0.074 -0.134 -0.078
-0.075 -0.143 -0.154
-0.046 -0.072 -0.201
-0.045  0.034 -0.119
-0.010 -0.014 -0.151
-0.083 -0.154 -0.227
-0.109 -0.164 -0.242
-0.107 -0.073 -0.161
-0.097 -0.099 -0.149
-0.068 -0.118 -0.142
-0.102 -0.138 -0.119
-0.120 -0.228 -0.212
-0.081 -0.183 -0.161
-0.105 -0.167 -0.154
-0.057 -0.115 -0.135
-0.049 -0.033 -0.029
-0.058 -0.078 -0.097
-0.007 -0.034 -0.066
-0.062 -0.093 -0.116
-0.052 -0.103 -0.123
-0.024 -0.086 -0.115
-0.051 -0.101 -0.103
-0.026 -0.061 -0.082
 0.012 -0.015 -0.033
 0.002 -0.020 -0.034
 0.019 -0.023 -0.053
 0.015 -0.017 -0.046
 0.024 -0.020 -0.059
 0.068  0.034 -0.003
 0.090  0.068  0.043
 0.145  0.119  0.083
 0.158  0.128  0.075
 0.117  0.080  0.048
 0.177  0.146  0.088
 0.136  0.122  0.082
 0.088  0.096  0.062
 0.075  0.066  0.027
 0.020  0.023 -0.004
 0.011  0.018 -0.014
-0.002  0.053  0.036
 0.006  0.060  0.016
 0.062  0.097  0.045
-0.013  0.061  0.033
-0.008  0.018 -0.030
 0.034  0.059 -0.016
-0.015  0.033 -0.026
-0.055 -0.006 -0.063
-0.074 -0.037 -0.085
-0.113 -0.063 -0.101
-0.132 -0.093 -0.111
-0.128 -0.091 -0.101
-0.163 -0.119 -0.115
-0.156 -0.097 -0.089
-0.105 -0.048 -0.024
-0.124 -0.065 -0.017
-0.105 -0.060 -0.007
-0.117 -0.063 -0.037
-0.158 -0.115 -0.103
-0.137 -0.115 -0.114
-0.159 -0.129 -0.111
-0.163 -0.109 -0.109
-0.129 -0.054 -0.066
-0.131 -0.036 -0.031
-0.140 -0.066 -0.047
-0.126 -0.066 -0.045
-0.138 -0.066 -0.051
-0.106 -0.041 -0.057
-0.063  0.005 -0.019
-0.061  0.023 -0.004
-0.096 -0.020 -0.049
-0.117 -0.056 -0.067
-0.134 -0.065 -0.096
-0.069  0.023 -0.001
-0.113  0.039  0.032
-0.119  0.028  0.019
-0.108  0.017 -0.003
-0.142  0.007 -0.010
-0.103  0.066  0.008
-0.086  0.108  0.070
-0.091  0.106  0.059
-0.083  0.081  0.027
-0.114  0.098  0.082
-0.108  0.042 -0.001
-0.068  0.063  0.026
-0.084  0.065  0.037
-0.073  0.052  0.024
-0.060  0.043 -0.002
-0.060  0.039 -0.012
-0.037  0.045 -0.013
-0.072  0.027 -0.007
-0.072  0.020  0.005
-0.084 -0.000 -0.014
-0.109 -0.037 -0.037
-0.087 -0.017 -0.029
-0.060 -0.004  0.015
-0.048  0.019  0.049
 0.021  0.080  0.101
-0.019  0.105  0.158
-0.033  0.013  0.044
 0.003  0.037  0.041
-0.022  0.026  0.045
 0.029  0.076  0.079
-0.011  0.050  0.074
-0.008  0.028  0.034
-0.022 -0.007  0.001
-0.034 -0.027 -0.009
 0.013  0.016  0.032
-0.031  0.005  0.043
-0.016  0.030  0.057
-0.021 -0.001  0.024
-0.057 -0.034  0.016
-0.043 -0.019  0.024
-0.043  0.013  0.051
-0.019  0.016  0.052
 0.037  0.052  0.073
-0.036  0.016  0.049
-0.025 -0.026 -0.003
 0.045  0.022  0.043
 0.012  0.007  0.046
 0.051  0.063  0.060
 0.060  0.059  0.044
 0.034  0.046  0.036
 0.044  0.041  0.026
 0.050  0.084  0.054
 0.072  0.090  0.062
 0.116  0.105  0.078
 0.048  0.055  0.060
 0.045  0.027  0.018
 0.097  0.066  0.048
 0.060  0.114  0.136
 0.068  0.075  0.084
 0.108  0.102  0.084
 0.033  0.063  0.068
 0.026  0.038  0.024
 0.055  0.062  0.043
 0.016  0.041  0.043
 0.014  0.016  0.012
 0.030  0.003 -0.019
-0.005 -0.020 -0.028
 0.017 -0.009  0.006
 0.066  0.061  0.055
 0.055  0.068  0.046
 0.040  0.050  0.043
 0.031  0.037  0.040
 0.047  0.066  0.059
 0.112  0.128  0.102
 0.033  0.059  0.076
 0.030  0.027  0.024
 0.068  0.055  0.037
 0.046  0.034  0.022
 0.050  0.034  0.028
 0.095  0.084  0.070
 0.079  0.078  0.052
 0.044  0.039  0.043
 0.056  0.020  0.032
