 0.198  0.038 -0.102
 0.150 -0.044 -0.192
 0.146 -0.110 -0.264
 0.216  0.033 -0.177
 0.226  0.076 -0.133
 0.223  0.095 -0.098
 0.253  0.154 -0.052
 0.262  0.250  0.069
 0.303  0.224  0.018
 0.307  0.174 -0.025
 0.217  0.106 -0.069
 0.186  0.092 -0.060
 0.226  0.147 -0.026
 0.223  0.165 -0.004
 0.236  0.187  0.010
 0.174  0.105 -0.065
 0.155  0.097 -0.076
 0.204  0.145 -0.047
 0.209  0.191  0.001
 0.184  0.154  0.014
 0.125  0.027 -0.093
 0.112 -0.021 -0.163
 0.108  0.026 -0.202
 0.086 -0.001 -0.270
 0.113 -0.017 -0.202
 0.089 -0.042 -0.156
 0.031 -0.040 -0.152
 0.061 -0.033 -0.183
 0.081 -0.034 -0.196
 0.012 -0.110 -0.265
-0.009 -0.156 -0.315
 0.044 -0.116 -0.290
 0.038 -0.118 -0.302
 0.048 -0.096 -0.270
 0.031 -0.132 -0.284
 0.018 -0.174 -0.294
 0.086 -0.096 -0.230
 0.087 -0.084 -0.192
 0.100 -0.037 -0.126
 0.053 -0.063 -0.139
-0.005 -0.108 -0.127
 0.027 -0.100 -0.119
 0.071 -0.056 -0.120
 0.039 -0.010 -0.142
 0.042 -0.056 -0.123
-0.002 -0.138 -0.130
 0.026 -0.085 -0.068
 0.100  0.122  0.105
 0.082  0.104  0.092
 0.004  0.029  0.031
 0.039  0.065  0.068
 0.026  0.106  0.106
 0.032  0.120  0.136
-0.059  0.004  0.021
-0.102 -0.056 -0.042
 0.002  0.055  0.050
-0.018  0.034  0.008
-0.001  0.046  0.009
-0.007  0.008 -0.023
-0.080 -0.065 -0.079
-0.049 -0.030 -0.040
-0.010  0.018 -0.001
-0.023  0.011 -0.013
-0.004  0.028  0.005
-0.027  0.015 -0.007
-0.019  0.015 -0.036
 0.077  0.053  0.020
 0.020 -0.008 -0.036
 0.004 -0.003 -0.062
-0.033 -0.043 -0.105
-0.036 -0.020 -0.080
-0.004  0.038 -0.044
 0.006  0.041 -0.051
-0.039 -0.001 -0.071
-0.048 -0.035 -0.113
-0.052 -0.014 -0.097
-0.046 -0.035 -0.130
-0.011 -0.002 -0.093
-0.076 -0.074 -0.147
-0.088 -0.097 -0.173
-0.026 -0.017 -0.107
-0.011  0.034 -0.059
-0.006  0.038 -0.027
-0.043 -0.042 -0.100
-0.076 -0.059 -0.102
-0.041  0.006 -0.052
-0.060  0.002 -0.077
-0.075 -0.032 -0.122
-0.054 -0.035 -0.097
-0.065 -0.030 -0.089
-0.034  0.037 -0.014
-0.012  0.070  0.027
-0.015  0.084  0.046
 0.046  0.148  0.093
 0.005  0.073  0.022
-0.069 -0.007 -0.031
-0.052 -0.003 -0.029
-0.046  0.015 -0.025
-0.009  0.070  0.020
-0.013  0.056  0.018
-0.034  0.009  0.005
 0.040  0.079  0.063
 0.058  0.111  0.066
 0.083  0.136  0.098
 0.096  0.135  0.080
 0.074  0.111  0.061
 0.114  0.117  0.053
 0.080  0.094  0.015
 0.113  0.191  0.094
 0.119  0.196  0.096
 0.089  0.179  0.107
 0.077  0.084  0.061
 0.023 -0.034 -0.054
 0.058  0.067 -0.036
 0.156  0.156  0.039
 0.100  0.053  0.009
 0.050 -0.010 -0.025
 0.084  0.086  0.079
 0.063  0.092  0.082
 0.078  0.125  0.090
 0.122  0.174  0.145
 0.073  0.056  0.056
 0.053 -0.028 -0.050
 0.065  0.014 -0.060
 0.092  0.082 -0.051
 0.083  0.149 -0.003
 0.002  0.056 -0.042
-0.029 -0.032 -0.062
-0.033 -0.022 -0.061
-0.019 -0.014 -0.071
 0.001 -0.005 -0.058
 0.005 -0.014 -0.041
 0.047  0.013  0.026
 0.020  0.009  0.050
 0.007 -0.007  0.021
 0.035  0.001  0.028
-0.053 -0.104 -0.051
-0.085 -0.130 -0.062
-0.051 -0.072 -0.028
-0.056 -0.035 -0.003
-0.056 -0.029  0.024
-0.069 -0.072 -0.054
-0.110 -0.173 -0.136
-0.046 -0.054 -0.031
 0.005  0.060  0.035
 0.065  0.176  0.049
 0.073  0.148  0.051
 0.038 -0.022 -0.126
 0.054  0.076 -0.100
 0.037  0.039 -0.086
 0.040  0.013 -0.014
-0.024 -0.007 -0.014
-0.080 -0.060 -0.104
 0.005 -0.008 -0.088
 0.011  0.029 -0.060
 0.042 -0.047 -0.130
 0.063 -0.072 -0.115
-0.003 -0.148 -0.175
 0.021 -0.081 -0.119
 0.070 -0.031 -0.072
 0.023 -0.047 -0.075
-0.034 -0.098 -0.117
-0.085 -0.148 -0.169
-0.059 -0.118 -0.141
 0.016 -0.040 -0.093
-0.000 -0.041 -0.092
-0.028 -0.074 -0.101
-0.057 -0.127 -0.143
-0.046 -0.076 -0.094
-0.003 -0.026 -0.048
-0.044 -0.008 -0.006
-0.104 -0.131 -0.117
-0.075 -0.101 -0.076
-0.059 -0.072 -0.056
-0.023 -0.013 -0.001
-0.027 -0.026 -0.021
-0.184 -0.188 -0.147
-0.100 -0.094 -0.050
-0.041 -0.042 -0.044
-0.058 -0.054 -0.067
-0.074 -0.086 -0.091
-0.129 -0.080 -0.032
-0.059  0.025  0.073
 0.007  0.131  0.185
 0.011  0.034  0.075
 0.016  0.040  0.006
 0.036  0.126  0.082
 0.018  0.042  0.067
 0.092  0.091  0.110
 0.072  0.128  0.135
 0.090  0.140  0.151
 0.088  0.123  0.139
 0.112  0.149  0.155
 0.154  0.139  0.157
 0.103  0.130  0.119
 0.065  0.061  0.042
 0.063  0.040  0.015
 0.057  0.013 -0.007
 0.072  0.038  0.017
 0.099  0.057  0.039
 0.058  0.002 -0.011
 0.033 -0.082 -0.116
 0.003 -0.115 -0.142
 0.053 -0.041 -0.085
 0.103  0.085  0.044
 0.105  0.042 -0.036
 0.085  0.010 -0.046
 0.024 -0.044 -0.070
 0.076  0.028 -0.010
 0.032 -0.011 -0.036
 0.040  0.008 -0.030
 0.003 -0.057 -0.085
-0.050 -0.106 -0.111
 0.021 -0.002 -0.007
 0.031  0.082  0.078
 0.083  0.083  0.065
 0.070  0.035  0.021
-0.045 -0.098 -0.074
-0.023 -0.051 -0.022
 0.032  0.021  0.029
 0.025  0.045  0.054
 0.015  0.049  0.065
-0.026  0.040  0.083
-0.069 -0.070 -0.042
 0.044  0.068  0.049
 0.061  0.111  0.058
 0.089  0.147  0.083
 0.121  0.200  0.158
 0.052  0.075  0.062
 0.036  0.042 -0.005
 0.008  0.057 -0.007
 0.075  0.125  0.045
 0.038  0.083  0.009
-0.011  0.002 -0.065
-0.010 -0.011 -0.098
 0.016  0.023 -0.093
 0.086  0.087 -0.048
 0.041  0.046 -0.077
-0.014 -0.023 -0.105
-0.055 -0.095 -0.164
-0.058 -0.047 -0.099
-0.000  0.029 -0.024
-0.007  0.063  0.031
-0.072 -0.097 -0.132
-0.009 -0.033 -0.077
 0.020  0.025 -0.019
 0.062  0.086  0.024
 0.077  0.104  0.029
 0.020  0.031 -0.033
-0.056 -0.084 -0.132
-0.153 -0.183 -0.201
-0.082 -0.073 -0.102
-0.060 -0.045 -0.085
-0.109 -0.102 -0.129
-0.114 -0.139 -0.175
-0.116 -0.123 -0.164
-0.039  0.002 -0.055
-0.023  0.074  0.045
-0.071 -0.056 -0.115
-0.085 -0.096 -0.149
-0.085 -0.067 -0.098
-0.045  0.002 -0.024
-0.041  0.013 -0.008
-0.074 -0.046 -0.039
-0.051 -0.036 -0.029
-0.044 -0.012  0.005
-0.008  0.056  0.068
 0.008  0.048  0.060
-0.030 -0.014  0.022
-0.073 -0.081 -0.027
-0.049 -0.037 -0.004
-0.016 -0.010  0.007
 0.021  0.014  0.015
-0.055 -0.066 -0.068
-0.078 -0.083 -0.107
-0.016  0.002 -0.055
 0.018  0.057 -0.006
 0.093  0.132  0.046
 0.058  0.057 -0.033
 0.006 -0.013 -0.085
 0.045  0.030 -0.033
 0.031  0.033  0.005
 0.026  0.032  0.018
 0.004 -0.011 -0.006
-0.072 -0.100 -0.076
-0.055 -0.061 -0.043
-0.047 -0.012  0.010
-0.032  0.015  0.047
 0.007  0.048  0.069
-0.082 -0.058 -0.014
-0.110 -0.102 -0.048
-0.065 -0.042 -0.002
-0.083 -0.040 -0.008
-0.106 -0.080 -0.035
-0.145 -0.108 -0.040
-0.181 -0.182 -0.123
-0.092 -0.075 -0.050
-0.086 -0.042 -0.024
-0.092 -0.042 -0.011
-0.159 -0.145 -0.095
-0.189 -0.150 -0.079
-0.111 -0.045  0.018
-0.104  0.011  0.083
-0.125 -0.055  0.014
-0.132 -0.096 -0.023
-0.139 -0.038  0.067
-0.087 -0.028  0.021
-0.019  0.043  0.043
-0.054  0.010  0.017
-0.095 -0.062 -0.029
-0.114 -0.107 -0.080
-0.091 -0.046 -0.019
-0.024  0.044  0.068
-0.000  0.055  0.084
-0.004  0.045  0.096
 0.023  0.033  0.073
-0.032 -0.045 -0.008
 0.025  0.028  0.023
 0.062  0.053  0.024
 0.050  0.045  0.019
 0.036  0.020  0.003
-0.028 -0.071 -0.084
-0.086 -0.132 -0.138
-0.025 -0.042 -0.056
-0.040 -0.015 -0.018
-0.026 -0.054 -0.074
 0.015 -0.030 -0.064
-0.058 -0.109 -0.113
-0.110 -0.191 -0.183
-0.045 -0.113 -0.108
-0.007 -0.064 -0.077
 0.026 -0.028 -0.058
 0.029  0.002 -0.009
-0.026 -0.097 -0.098
-0.038 -0.128 -0.125
-0.016 -0.096 -0.096
 0.043 -0.005 -0.009
 0.098  0.034  0.003
 0.093  0.051  0.024
 0.050  0.014  0.005
-0.007 -0.070 -0.056
 0.008 -0.016 -0.001
 0.058  0.063  0.069
 0.077  0.074  0.074
 0.094  0.092  0.110
 0.123  0.114  0.130
 0.040 -0.002  0.032
 0.053  0.037  0.067
 0.124  0.104  0.084
 0.111  0.107  0.096
 0.153  0.152  0.118
 0.151  0.132  0.088
 0.074  0.016  0.021
 0.075  0.001  0.011
 0.107  0.045  0.059
 0.148  0.138  0.116
 0.205  0.220  0.149
 0.172  0.195  0.180
 0.105  0.087  0.109
 0.049 -0.027 -0.005
 0.033 -0.046 -0.006
 0.035 -0.002  0.035
 0.053  0.016  0.015
 0.112  0.092  0.082
 0.131  0.132  0.070
 0.044  0.022  0.059
-0.032 -0.129 -0.103
 0.015 -0.057 -0.050
-0.037 -0.078 -0.063
-0.040 -0.074 -0.081
-0.081 -0.148 -0.141
-0.153 -0.238 -0.207
-0.094 -0.164 -0.145
-0.051 -0.094 -0.123
-0.072 -0.094 -0.114
-0.044 -0.078 -0.086
-0.101 -0.145 -0.125
-0.193 -0.262 -0.187
-0.109 -0.167 -0.093
-0.045 -0.053  0.020
 0.002  0.010  0.072
 0.049  0.038  0.078
 0.035  0.021  0.070
 0.027  0.000  0.055
 0.046  0.028  0.068
 0.051  0.064  0.098
 0.058  0.087  0.118
 0.047  0.053  0.070
-0.040 -0.027  0.013
-0.059 -0.048  0.003
 0.002  0.024  0.047
 0.024  0.071  0.087
 0.058  0.114  0.120
 0.038  0.107  0.123
 0.005 -0.010  0.007
 0.086  0.056  0.040
 0.097  0.076  0.047
 0.142  0.131  0.099
 0.155  0.153  0.102
 0.118  0.099  0.067
 0.127  0.090  0.061
 0.172  0.183  0.135
 0.155  0.156  0.106
 0.200  0.189  0.106
 0.157  0.168  0.105
 0.129  0.136  0.092
 0.070  0.054  0.031
 0.039  0.034  0.033
 0.071  0.081  0.050
 0.023  0.023 -0.033
-0.024 -0.071 -0.099
-0.032 -0.090 -0.074
-0.069 -0.050  0.015
 0.002  0.037  0.070
 0.063  0.085  0.082
 0.033  0.047  0.024
-0.013  0.012 -0.003
-0.018 -0.017 -0.008
-0.014 -0.012  0.008
 0.032  0.037  0.059
 0.051  0.032 -0.000
 0.075  0.061  0.022
 0.081  0.069  0.108
 0.063  0.220  0.217
 0.120  0.272  0.233
 0.190  0.314  0.236
 0.084  0.229  0.179
-0.014  0.028 -0.009
 0.070  0.125  0.078
 0.105  0.191  0.156
 0.111  0.198  0.190
 0.075  0.175  0.187
-0.044  0.061  0.107
-0.027  0.074  0.111
 0.038  0.144  0.133
 0.045  0.142  0.121
 0.063  0.157  0.129
 0.007  0.112  0.104
-0.016 -0.000 -0.029
 0.077  0.099  0.027
 0.078  0.111  0.047
 0.068  0.112  0.076
 0.055  0.071  0.056
-0.029 -0.038 -0.013
-0.030 -0.037 -0.016
 0.043  0.001  0.004
 0.051 -0.030 -0.040
 0.042 -0.086 -0.119
-0.068 -0.208 -0.264
-0.168 -0.323 -0.299
-0.071 -0.202 -0.142
-0.032 -0.035  0.018
-0.062 -0.105 -0.059
-0.065 -0.170 -0.096
-0.078 -0.167 -0.076
-0.010 -0.078 -0.014
 0.017 -0.052 -0.024
-0.044 -0.103 -0.071
-0.120 -0.217 -0.157
-0.172 -0.244 -0.164
-0.159 -0.212 -0.130
-0.093 -0.141 -0.066
-0.101 -0.147 -0.060
-0.119 -0.174 -0.079
-0.141 -0.233 -0.129
-0.146 -0.242 -0.141
-0.065 -0.130 -0.074
 0.005 -0.049 -0.032
 0.027 -0.014 -0.003
 0.045 -0.019  0.013
 0.015 -0.039  0.002
 0.028  0.010  0.053
 0.079  0.073  0.080
 0.047  0.101  0.138
-0.004 -0.033  0.024
 0.047  0.011  0.057
 0.053  0.031  0.061
 0.082  0.063  0.075
 0.123  0.092  0.078
 0.089  0.049  0.053
 0.053 -0.013 -0.017
 0.072  0.015 -0.004
 0.071  0.045  0.035
 0.118  0.094  0.084
 0.157  0.193  0.191
 0.202  0.177  0.142
 0.229  0.154  0.094
 0.161  0.075  0.029
 0.117  0.037 -0.006
 0.085  0.003 -0.033
 0.063 -0.021 -0.068
 0.066 -0.047 -0.087
 0.046 -0.000  0.015
 0.040 -0.039 -0.039
 0.092 -0.001 -0.015
 0.030 -0.046 -0.025
 0.020 -0.046 -0.021
 0.030 -0.043 -0.028
-0.012 -0.067 -0.038
-0.027 -0.084 -0.048
-0.120 -0.166 -0.094
-0.108 -0.165 -0.086
-0.016 -0.032  0.025
-0.044  0.002  0.067
-0.024 -0.019  0.040
-0.034 -0.041  0.014
-0.054  0.003  0.078
 0.002  0.030  0.052
 0.064  0.092  0.084
-0.046 -0.014  0.024
-0.055 -0.052 -0.025
 0.014  0.039  0.029
-0.028  0.048  0.058
-0.020  0.021  0.018
 0.027  0.035  0.022
-0.013 -0.043 -0.036
 0.023  0.032  0.059
 0.109  0.146  0.152
 0.107  0.135  0.127
 0.113  0.126  0.122
 0.102  0.094  0.101
 0.053  0.068  0.107
 0.090  0.119  0.157
 0.121  0.144  0.175
 0.046  0.052  0.122
-0.013 -0.051  0.033
 0.023 -0.013  0.069
 0.051  0.082  0.154
 0.016  0.023  0.058
 0.040  0.011  0.017
-0.096 -0.095 -0.022
-0.155 -0.212 -0.150
-0.107 -0.161 -0.150
-0.098 -0.073 -0.034
-0.100 -0.134 -0.092
-0.124 -0.189 -0.128
-0.095 -0.081 -0.036
-0.008 -0.024  0.004
 0.075  0.070  0.088
 0.013 -0.012  0.038
-0.046 -0.086 -0.017
 0.011  0.007  0.072
-0.023  0.010  0.049
-0.004  0.072  0.092
-0.026  0.013  0.042
-0.158 -0.131 -0.066
-0.192 -0.117 -0.049
-0.079 -0.006  0.028
-0.069  0.016  0.032
-0.025  0.086  0.104
-0.026  0.024  0.018
-0.111 -0.095 -0.062
-0.035  0.007  0.015
 0.057  0.126  0.111
 0.053  0.140  0.150
 0.048  0.143  0.199
 0.012  0.065  0.102
-0.007  0.062  0.059
 0.037  0.114  0.076
 0.078  0.146  0.067
 0.076  0.138  0.063
 0.075  0.091  0.020
 0.003  0.028 -0.028
-0.009 -0.008 -0.067
 0.034  0.064  0.007
 0.044  0.168  0.132
 0.021  0.099  0.060
 0.015  0.060  0.025
-0.093 -0.074 -0.069
-0.076 -0.073 -0.078
 0.050  0.038 -0.010
 0.056  0.069 -0.005
 0.086  0.109  0.047
 0.019  0.025 -0.015
-0.128 -0.155 -0.129
-0.121 -0.133 -0.107
-0.036 -0.027 -0.037
-0.024  0.018  0.022
 0.011  0.065  0.078
-0.014  0.028  0.070
-0.032  0.006  0.057
 0.027  0.075  0.103
 0.052  0.107  0.137
 0.088  0.142  0.127
 0.132  0.191  0.171
 0.125  0.154  0.155
 0.121  0.148  0.133
 0.128  0.158  0.115
 0.097  0.116  0.069
 0.082  0.058  0.017
 0.038  0.018 -0.026
 0.109  0.118  0.045
 0.149  0.178  0.117
 0.121  0.105  0.068
 0.001 -0.039 -0.042
 0.018 -0.001 -0.025
 0.070  0.055  0.037
 0.040  0.047  0.039
-0.016 -0.040 -0.066
-0.069 -0.131 -0.172
-0.075 -0.118 -0.166
-0.040 -0.076 -0.158
 0.026 -0.008 -0.098
 0.024 -0.010 -0.091
-0.048 -0.099 -0.146
-0.053 -0.124 -0.161
-0.033 -0.078 -0.103
-0.006 -0.015 -0.031
-0.021 -0.053 -0.088
-0.099 -0.154 -0.175
-0.112 -0.147 -0.169
-0.058 -0.084 -0.152
-0.069 -0.106 -0.152
-0.104 -0.133 -0.151
-0.171 -0.208 -0.198
-0.184 -0.189 -0.149
-0.120 -0.061 -0.005
-0.060 -0.007  0.042
-0.081 -0.048  0.020
-0.083 -0.092 -0.029
-0.101 -0.105 -0.076
-0.065 -0.057 -0.051
-0.027 -0.024 -0.019
-0.007  0.039  0.070
-0.047 -0.046 -0.010
-0.036 -0.046 -0.008
-0.016  0.033  0.054
-0.045 -0.013  0.003
 0.003  0.049  0.066
-0.055 -0.014  0.041
-0.109 -0.126 -0.050
-0.088 -0.111 -0.076
-0.096 -0.092 -0.068
-0.083 -0.093 -0.083
-0.070 -0.097 -0.109
-0.125 -0.178 -0.164
-0.111 -0.173 -0.147
-0.089 -0.113 -0.091
-0.071 -0.075 -0.051
-0.032 -0.044 -0.017
-0.114 -0.159 -0.127
-0.147 -0.199 -0.154
-0.077 -0.126 -0.102
-0.098 -0.138 -0.106
-0.111 -0.153 -0.111
-0.136 -0.210 -0.154
-0.150 -0.190 -0.104
-0.089 -0.095 -0.025
-0.056 -0.053  0.013
-0.112 -0.087  0.008
-0.151 -0.134 -0.041
-0.131 -0.021  0.083
-0.077 -0.017  0.035
-0.024  0.035  0.052
-0.063 -0.006  0.029
-0.099 -0.065 -0.011
-0.101 -0.078 -0.032
-0.089 -0.024  0.024
-0.044  0.050  0.082
 0.002  0.102  0.118
-0.042  0.050  0.099
-0.045  0.019  0.072
-0.035  0.013  0.035
-0.029  0.032  0.054
-0.016  0.048  0.068
-0.005  0.106  0.144
 0.007  0.061  0.085
-0.021 -0.015  0.013
-0.101 -0.112 -0.064
-0.048 -0.010  0.029
 0.015  0.054  0.060
 0.038  0.094  0.088
 0.126  0.176  0.152
 0.082  0.119  0.093
-0.007 -0.009 -0.007
-0.054 -0.090 -0.098
-0.045 -0.056 -0.055
-0.027 -0.024 -0.028
-0.018 -0.023 -0.019
-0.036 -0.015 -0.002
-0.020  0.004  0.031
-0.137 -0.161 -0.133
-0.169 -0.212 -0.185
-0.131 -0.150 -0.136
-0.052 -0.072 -0.117
-0.045 -0.051 -0.088
-0.009 -0.017 -0.041
-0.019 -0.012 -0.007
-0.070 -0.088 -0.032
-0.155 -0.135 -0.028
-0.042  0.002  0.056
-0.034  0.017  0.047
-0.000  0.053  0.058
 0.028  0.071  0.043
 0.005  0.069  0.065
-0.083 -0.115 -0.107
 0.015 -0.003 -0.016
 0.021  0.088  0.092
 0.077  0.087  0.050
 0.097  0.086  0.053
-0.011 -0.046 -0.048
-0.031 -0.072 -0.069
 0.050  0.023 -0.016
 0.013 -0.012 -0.068
 0.033  0.001 -0.081
 0.038  0.001 -0.073
-0.006 -0.067 -0.101
-0.000 -0.082 -0.099
 0.092  0.036  0.002
 0.114  0.082  0.052
 0.124  0.096  0.035
 0.087  0.045 -0.017
-0.069 -0.114 -0.098
-0.044 -0.121 -0.125
 0.027 -0.025 -0.050
 0.059  0.028 -0.009
 0.088  0.053  0.009
 0.053 -0.001 -0.023
-0.068 -0.157 -0.142
-0.040 -0.113 -0.093
 0.006 -0.030 -0.026
 0.054  0.037  0.038
 0.075  0.048  0.050
-0.018 -0.008  0.054
-0.059 -0.103 -0.038
 0.059  0.067  0.102
 0.066  0.133  0.175
 0.075  0.099  0.128
 0.033 -0.002  0.052
-0.092 -0.126 -0.021
-0.050 -0.098 -0.045
 0.047  0.047  0.064
 0.104  0.105  0.117
 0.073  0.082  0.106
 0.027  0.003  0.039
-0.016 -0.053 -0.023
 0.040  0.025  0.036
 0.137  0.142  0.126
 0.145  0.161  0.142
 0.091  0.084  0.056
 0.034 -0.015 -0.007
 0.031 -0.012  0.002
 0.079  0.081  0.085
 0.121  0.134  0.127
 0.170  0.184  0.167
 0.086  0.083  0.099
-0.019 -0.082 -0.062
 0.045 -0.008 -0.041
 0.060  0.047 -0.008
 0.101  0.098  0.043
 0.126  0.098  0.013
 0.050  0.016 -0.025
-0.018 -0.100 -0.114
-0.001 -0.071 -0.089
 0.043  0.012  0.009
 0.082  0.059  0.054
 0.035 -0.006 -0.001
-0.100 -0.178 -0.146
-0.118 -0.203 -0.177
 0.002 -0.059 -0.066
-0.007 -0.056 -0.071
-0.011 -0.033 -0.035
-0.029 -0.026 -0.025
 0.026  0.035 -0.014
 0.010  0.013 -0.034
-0.107 -0.100 -0.095
-0.078 -0.069 -0.081
 0.032  0.053  0.011
 0.040  0.097  0.081
 0.054  0.129  0.137
 0.031  0.067  0.073
-0.057 -0.051 -0.028
-0.003  0.027 -0.021
 0.021  0.091  0.019
 0.041  0.120  0.029
 0.005  0.053 -0.018
-0.089 -0.073 -0.113
-0.077 -0.031 -0.085
 0.013  0.063 -0.005
 0.009  0.112  0.068
-0.031  0.014 -0.001
-0.087 -0.092 -0.098
-0.109 -0.104 -0.122
-0.053 -0.029 -0.058
 0.026  0.063  0.022
 0.037  0.143  0.130
-0.054 -0.033 -0.041
-0.124 -0.159 -0.141
-0.137 -0.155 -0.151
-0.088 -0.086 -0.124
-0.020 -0.037 -0.108
-0.074 -0.084 -0.129
-0.133 -0.179 -0.180
-0.102 -0.170 -0.191
-0.049 -0.066 -0.092
 0.005 -0.002 -0.029
 0.045  0.013 -0.021
-0.063 -0.105 -0.086
-0.098 -0.157 -0.113
-0.006 -0.057 -0.041
-0.004 -0.016 -0.002
 0.039  0.036  0.054
 0.056  0.025  0.050
-0.065 -0.109 -0.036
-0.093 -0.150 -0.049
-0.001 -0.037  0.026
 0.005 -0.009  0.050
 0.053  0.058  0.111
 0.058  0.019  0.080
-0.030 -0.098 -0.005
 0.006 -0.052  0.007
 0.087  0.029  0.044
 0.075  0.043  0.051
 0.058 -0.002 -0.003
 0.023 -0.091 -0.105
-0.029 -0.143 -0.145
 0.023 -0.046 -0.047
 0.066  0.006  0.009
 0.053  0.011  0.040
 0.082  0.043  0.074
 0.074 -0.026  0.013
 0.025 -0.075 -0.024
 0.065  0.003  0.037
 0.111  0.046  0.051
 0.036 -0.002 -0.004
-0.047 -0.084 -0.072
-0.080 -0.161 -0.155
-0.130 -0.180 -0.125
-0.078 -0.139 -0.091
-0.029 -0.080 -0.109
-0.078 -0.128 -0.166
-0.079 -0.155 -0.153
-0.029 -0.125 -0.126
-0.055 -0.135 -0.109
-0.017 -0.073 -0.032
 0.002 -0.017  0.028
 0.012  0.038  0.081
 0.052  0.095  0.096
 0.038  0.054  0.061
 0.072  0.088  0.086
 0.133  0.128  0.105
 0.068  0.045  0.053
 0.044  0.034  0.035
 0.090  0.083  0.094
 0.090  0.099  0.132
 0.127  0.154  0.204
 0.135  0.147  0.195
 0.086  0.078  0.157
 0.127  0.126  0.173
 0.157  0.179  0.209
 0.168  0.192  0.211
 0.233  0.262  0.261
 0.199  0.283  0.333
 0.134  0.131  0.151
 0.191  0.204  0.169
 0.164  0.249  0.185
 0.153  0.265  0.153
 0.152  0.231  0.128
 0.048  0.172  0.163
-0.055 -0.036  0.003
 0.011  0.092  0.088
 0.012  0.119  0.063
 0.026  0.130  0.059
-0.005  0.033 -0.039
-0.084 -0.102 -0.166
-0.129 -0.125 -0.175
-0.092 -0.038 -0.081
-0.021  0.027 -0.039
-0.054 -0.001 -0.056
-0.131 -0.122 -0.152
-0.180 -0.233 -0.268
-0.154 -0.158 -0.218
-0.085 -0.081 -0.167
 0.028  0.019 -0.123
 0.033  0.027 -0.127
 0.024  0.022 -0.118
 0.042  0.065 -0.068
 0.004  0.031 -0.068
-0.014  0.028 -0.069
 0.011  0.058 -0.038
-0.026  0.010 -0.055
-0.090 -0.104 -0.157
-0.112 -0.041 -0.101
-0.021  0.030 -0.064
 0.060  0.129  0.040
 0.110  0.204  0.149
 0.004  0.058  0.027
 0.022  0.085  0.064
 0.050  0.188  0.186
 0.108  0.223  0.200
 0.162  0.290  0.238
 0.111  0.219  0.174
 0.041  0.139  0.131
 0.051  0.165  0.159
 0.069  0.186  0.161
 0.060  0.168  0.142
 0.078  0.162  0.131
 0.045  0.169  0.192
-0.032  0.035  0.080
 0.041  0.120  0.145
 0.070  0.171  0.162
 0.050  0.122  0.080
 0.063  0.097 -0.003
-0.060 -0.091 -0.177
-0.145 -0.206 -0.261
-0.066 -0.119 -0.183
-0.060 -0.083 -0.125
-0.044 -0.056 -0.096
-0.018 -0.013 -0.025
-0.100 -0.107 -0.074
-0.110 -0.150 -0.075
-0.111 -0.152 -0.081
-0.053 -0.067 -0.046
 0.033  0.003 -0.033
 0.010  0.005 -0.015
-0.037 -0.050 -0.046
-0.125 -0.177 -0.137
-0.179 -0.234 -0.172
-0.106 -0.117 -0.069
-0.016 -0.018  0.002
 0.022  0.022  0.034
 0.096  0.090  0.098
 0.014 -0.024  0.013
-0.077 -0.168 -0.110
-0.054 -0.129 -0.093
-0.045 -0.078 -0.063
-0.032 -0.055 -0.050
 0.005 -0.025 -0.013
-0.032 -0.074 -0.026
-0.046 -0.134 -0.079
-0.016 -0.095 -0.056
 0.047  0.019  0.035
 0.083  0.074  0.062
 0.151  0.131  0.099
 0.035 -0.011 -0.017
 0.030 -0.071 -0.098
 0.064 -0.023 -0.081
 0.072  0.030 -0.021
 0.118  0.094  0.048
 0.112  0.119  0.088
 0.014 -0.015  0.009
-0.019 -0.085 -0.021
-0.034 -0.063 -0.012
-0.013 -0.032 -0.023
 0.027  0.011 -0.003
 0.008  0.032  0.065
-0.079 -0.166 -0.134
-0.070 -0.154 -0.122
-0.033 -0.090 -0.094
-0.029 -0.052 -0.042
-0.011 -0.028 -0.007
-0.037 -0.027 -0.002
-0.137 -0.201 -0.158
-0.152 -0.232 -0.203
-0.133 -0.140 -0.143
-0.062 -0.066 -0.107
-0.027 -0.006 -0.030
-0.048 -0.010  0.049
-0.165 -0.210 -0.097
-0.128 -0.192 -0.118
-0.097 -0.030  0.038
-0.028  0.138  0.247
-0.033  0.140  0.268
-0.044  0.101  0.207
-0.145 -0.086  0.027
-0.095 -0.008  0.064
-0.054  0.063  0.092
-0.006  0.146  0.181
 0.043  0.184  0.228
 0.023  0.092  0.144
-0.000  0.066  0.119
 0.061  0.193  0.212
 0.090  0.224  0.200
 0.073  0.233  0.216
 0.026  0.158  0.161
-0.010  0.058  0.049
-0.018  0.088  0.083
 0.015  0.138  0.116
 0.065  0.153  0.107
-0.004  0.089  0.026
-0.031 -0.019 -0.045
-0.014 -0.029 -0.064
 0.000  0.016 -0.008
 0.030  0.039  0.042
 0.027  0.071  0.067
-0.012  0.029  0.017
-0.055 -0.057 -0.055
-0.059 -0.115 -0.113
-0.027 -0.021 -0.012
-0.041 -0.040 -0.032
-0.020 -0.031 -0.048
-0.081 -0.064 -0.052
-0.109 -0.168 -0.163
-0.049 -0.082 -0.081
-0.096 -0.068 -0.031
-0.100 -0.120 -0.110
-0.056 -0.109 -0.116
-0.089 -0.179 -0.170
-0.094 -0.185 -0.156
 0.022 -0.035 -0.066
 0.044  0.022 -0.036
 0.124  0.104  0.004
 0.105  0.059 -0.021
 0.011 -0.037 -0.040
 0.029  0.009  0.010
 0.103  0.101  0.063
 0.119  0.197  0.162
 0.131  0.150  0.080
 0.128  0.131  0.063
 0.005 -0.014 -0.041
 0.055  0.076  0.017
 0.145  0.208  0.135
 0.233  0.285  0.199
 0.210  0.264  0.184
 0.135  0.178  0.105
 0.061  0.080  0.015
 0.075  0.099  0.010
 0.131  0.161  0.038
 0.151  0.160  0.014
 0.141  0.156  0.029
 0.055  0.039 -0.059
 0.034 -0.003 -0.066
 0.062  0.051 -0.002
 0.034  0.010 -0.043
 0.044  0.011 -0.071
 0.067  0.013 -0.085
 0.111  0.137  0.054
 0.121  0.083 -0.007
 0.025 -0.033 -0.082
-0.141 -0.182 -0.199
-0.086 -0.140 -0.193
-0.002 -0.048 -0.117
 0.058  0.006 -0.082
-0.001 -0.039 -0.033
-0.081 -0.155 -0.086
-0.017 -0.105 -0.077
 0.014 -0.051 -0.056
 0.081  0.015 -0.027
 0.143  0.076  0.008
 0.083  0.044  0.014
 0.011 -0.103 -0.110
 0.093  0.015  0.019
 0.158  0.094  0.083
 0.155  0.124  0.123
 0.154  0.141  0.141
 0.058  0.039  0.089
-0.018 -0.071 -0.030
 0.078  0.040  0.052
 0.088  0.049  0.037
 0.095  0.068  0.061
 0.038 -0.026  0.000
-0.008 -0.099 -0.052
 0.018 -0.024  0.022
 0.085  0.061  0.077
 0.181  0.139  0.101
 0.159  0.137  0.116
 0.072  0.035  0.057
-0.003 -0.075 -0.054
 0.007 -0.028 -0.022
 0.054  0.026  0.021
 0.076  0.018 -0.034
 0.019 -0.016 -0.036
-0.086 -0.144 -0.115
-0.109 -0.194 -0.161
-0.070 -0.130 -0.108
-0.010 -0.065 -0.072
 0.070  0.013 -0.013
 0.046 -0.005 -0.010
-0.063 -0.164 -0.133
-0.036 -0.119 -0.102
-0.009 -0.054 -0.042
 0.006 -0.035 -0.037
-0.036 -0.102 -0.113
-0.189 -0.266 -0.213
-0.179 -0.244 -0.193
-0.046 -0.098 -0.093
-0.036 -0.064 -0.060
-0.041 -0.067 -0.067
-0.102 -0.169 -0.153
-0.167 -0.238 -0.191
-0.091 -0.116 -0.070
 0.007  0.004  0.034
-0.008 -0.000  0.029
-0.089 -0.091 -0.035
-0.127 -0.148 -0.078
-0.104 -0.041  0.034
-0.026  0.004  0.048
 0.066  0.113  0.155
 0.072  0.135  0.201
-0.050 -0.038  0.059
 0.036  0.063  0.123
 0.049  0.096  0.152
 0.026  0.093  0.161
 0.010  0.061  0.123
-0.117 -0.107 -0.025
-0.165 -0.182 -0.095
-0.105 -0.106 -0.036
-0.026 -0.036 -0.010
-0.021 -0.026  0.004
-0.049 -0.074 -0.042
-0.086 -0.167 -0.133
-0.106 -0.175 -0.128
-0.052 -0.080 -0.048
 0.011 -0.002  0.010
-0.009 -0.019  0.017
-0.050 -0.083 -0.032
-0.135 -0.166 -0.089
-0.103 -0.150 -0.110
-0.065 -0.099 -0.062
-0.031 -0.072 -0.046
-0.087 -0.135 -0.101
-0.165 -0.245 -0.172
-0.168 -0.265 -0.181
-0.107 -0.137 -0.049
-0.017 -0.030  0.031
 0.056  0.008  0.026
-0.044 -0.119 -0.058
-0.074 -0.173 -0.086
 0.027 -0.056  0.001
 0.027 -0.022  0.030
 0.023 -0.005  0.038
 0.050 -0.005  0.051
-0.044 -0.132 -0.054
-0.073 -0.148 -0.084
 0.026 -0.009  0.014
 0.040  0.061  0.098
 0.083  0.061  0.065
 0.076  0.009 -0.003
-0.029 -0.116 -0.082
-0.007 -0.124 -0.105
 0.047 -0.040 -0.036
 0.085 -0.005 -0.027
 0.076 -0.006 -0.014
 0.010 -0.112 -0.093
 0.007 -0.142 -0.136
 0.031 -0.087 -0.085
 0.069 -0.034 -0.030
 0.095 -0.010 -0.028
 0.050 -0.036 -0.022
-0.007 -0.121 -0.079
-0.108 -0.194 -0.137
-0.055 -0.153 -0.153
 0.031 -0.054 -0.081
 0.063 -0.009 -0.068
 0.022 -0.065 -0.106
-0.033 -0.136 -0.118
-0.033 -0.149 -0.113
 0.015 -0.061 -0.028
 0.076  0.028  0.053
 0.099  0.059  0.099
 0.022 -0.008  0.096
-0.033 -0.102  0.006
-0.075 -0.141 -0.066
-0.058 -0.099 -0.069
-0.006 -0.019  0.009
 0.051  0.055  0.081
 0.079  0.054  0.095
 0.105  0.074  0.144
 0.129  0.112  0.188
 0.178  0.173  0.239
 0.251  0.249  0.302
 0.229  0.205  0.271
 0.124  0.061  0.141
 0.086  0.042  0.102
 0.124  0.083  0.080
 0.076  0.052  0.041
 0.115  0.091  0.084
 0.076  0.098  0.130
 0.014 -0.034  0.001
 0.060  0.027  0.055
 0.053  0.078  0.106
 0.091  0.053  0.019
 0.037 -0.032 -0.072
-0.042 -0.149 -0.169
-0.043 -0.128 -0.143
 0.017 -0.046 -0.070
 0.068 -0.001 -0.047
 0.030 -0.048 -0.078
-0.148 -0.217 -0.152
-0.176 -0.284 -0.222
-0.150 -0.219 -0.167
-0.103 -0.155 -0.128
-0.057 -0.109 -0.109
-0.155 -0.193 -0.154
-0.293 -0.357 -0.289
-0.224 -0.264 -0.246
-0.174 -0.176 -0.188
-0.138 -0.132 -0.154
-0.038 -0.017 -0.056
-0.063 -0.020 -0.014
-0.195 -0.205 -0.153
-0.138 -0.121 -0.100
-0.071 -0.031 -0.029
-0.042  0.032  0.012
-0.005  0.073  0.037
-0.041 -0.013 -0.032
-0.095 -0.062 -0.057
-0.067 -0.035 -0.066
 0.023  0.085  0.055
 0.034  0.113  0.107
-0.026  0.084  0.130
-0.108 -0.019  0.074
-0.123 -0.050  0.036
-0.076  0.018  0.083
 0.029  0.111  0.112
 0.087  0.161  0.109
 0.010  0.050 -0.003
-0.024 -0.043 -0.088
-0.023  0.012 -0.034
 0.019  0.030 -0.039
 0.040  0.059  0.001
 0.008  0.017 -0.012
-0.112 -0.133 -0.084
-0.106 -0.114 -0.053
-0.028 -0.029  0.005
 0.005  0.070  0.116
 0.003  0.036  0.072
-0.047 -0.058  0.007
-0.148 -0.147 -0.049
-0.083 -0.108 -0.050
 0.004  0.014  0.048
 0.036  0.059  0.077
-0.042 -0.028  0.027
-0.086 -0.105 -0.026
-0.052 -0.062 -0.034
-0.029 -0.007  0.010
 0.055  0.087  0.088
 0.088  0.070  0.065
 0.013 -0.020  0.009
 0.051  0.040  0.062
 0.108  0.113  0.112
 0.113  0.193  0.221
 0.036  0.057  0.108
 0.016  0.010  0.095
-0.001 -0.012  0.063
 0.040  0.055  0.111
 0.076  0.100  0.132
 0.095  0.096  0.110
 0.012  0.005  0.075
 0.003 -0.030  0.043
 0.101  0.081  0.116
 0.132  0.171  0.216
 0.106  0.128  0.169
 0.075  0.068  0.116
 0.018 -0.026  0.025
-0.001 -0.030  0.003
 0.013 -0.001  0.011
 0.072  0.042 -0.003
 0.036 -0.000 -0.046
-0.019 -0.090 -0.129
 0.002 -0.073 -0.125
 0.039 -0.011 -0.084
 0.023 -0.007 -0.072
-0.000 -0.015 -0.064
-0.054 -0.116 -0.134
-0.094 -0.187 -0.183
-0.029 -0.104 -0.128
 0.048 -0.031 -0.100
 0.024 -0.031 -0.111
-0.018 -0.066 -0.125
-0.051 -0.125 -0.145
-0.066 -0.094 -0.097
 0.037  0.018 -0.021
 0.137  0.136  0.064
 0.228  0.200  0.096
 0.133  0.086  0.009
 0.037 -0.012 -0.060
 0.072  0.047 -0.026
 0.102  0.092  0.002
 0.129  0.143  0.066
 0.157  0.180  0.101
 0.140  0.159  0.111
 0.056  0.060  0.050
 0.070  0.066  0.060
 0.152  0.142  0.098
 0.174  0.186  0.131
 0.214  0.225  0.147
 0.209  0.216  0.171
 0.112  0.120  0.133
 0.069  0.049  0.052
 0.145  0.107  0.064
 0.193  0.255  0.252
 0.212  0.224  0.202
 0.146  0.129  0.142
 0.084  0.078  0.080
-0.023 -0.001 -0.007
-0.028 -0.002 -0.031
 0.003  0.035  0.005
 0.131  0.126  0.035
 0.043  0.042  0.007
-0.042 -0.090 -0.078
 0.019 -0.006 -0.015
 0.144  0.119  0.061
 0.117  0.114  0.083
 0.027  0.037  0.043
-0.012 -0.035 -0.037
-0.028  0.037  0.062
 0.027  0.069  0.076
 0.081  0.127  0.122
 0.089  0.135  0.132
 0.002  0.036  0.068
 0.018  0.037  0.073
 0.112  0.145  0.138
 0.125  0.183  0.166
 0.141  0.175  0.135
 0.044  0.073  0.080
-0.037 -0.022  0.044
-0.046  0.038  0.121
 0.032  0.133  0.183
 0.063  0.132  0.114
 0.020  0.091  0.070
-0.028  0.024  0.031
-0.030 -0.012 -0.018
 0.026  0.111  0.088
-0.009  0.062  0.019
 0.041  0.097  0.035
-0.022  0.063  0.047
-0.108 -0.075 -0.068
-0.085 -0.046 -0.062
-0.036  0.001 -0.043
-0.030  0.008 -0.033
-0.059 -0.018 -0.007
-0.128 -0.127 -0.060
-0.155 -0.146 -0.066
-0.105 -0.086 -0.004
-0.040 -0.024  0.033
-0.081  0.007  0.078
-0.081 -0.064 -0.038
-0.060 -0.054 -0.050
-0.044 -0.046 -0.039
-0.069 -0.001  0.026
-0.097 -0.106 -0.106
-0.197 -0.243 -0.214
-0.182 -0.238 -0.205
-0.133 -0.107 -0.080
-0.109 -0.102 -0.100
 0.003  0.026  0.013
-0.003  0.029  0.043
-0.065 -0.045 -0.003
-0.067 -0.068 -0.030
-0.031  0.001  0.038
 0.064  0.102  0.106
 0.135  0.173  0.155
 0.120  0.162  0.162
-0.005  0.030  0.091
-0.082 -0.051  0.044
 0.009  0.061  0.127
 0.030  0.124  0.171
 0.089  0.165  0.173
 0.150  0.214  0.196
 0.038  0.081  0.102
-0.033 -0.011  0.044
 0.011  0.032  0.074
-0.003  0.052  0.102
 0.019  0.085  0.115
 0.032  0.087  0.094
-0.063 -0.016  0.035
-0.119 -0.097 -0.026
-0.041 -0.019  0.011
-0.005  0.032  0.051
 0.010  0.039  0.040
 0.085  0.100  0.079
-0.021 -0.032 -0.007
-0.122 -0.167 -0.097
-0.093 -0.126 -0.057
-0.095 -0.092 -0.025
-0.047 -0.053 -0.020
-0.021 -0.040 -0.045
-0.071 -0.103 -0.091
-0.155 -0.227 -0.180
-0.144 -0.223 -0.175
-0.090 -0.153 -0.125
-0.029 -0.058 -0.017
 0.036  0.022  0.067
 0.069  0.040  0.067
 0.017 -0.021  0.028
-0.017 -0.096 -0.042
 0.066 -0.015  0.015
 0.103  0.056  0.081
 0.140  0.102  0.114
 0.156  0.105  0.095
 0.057  0.045  0.083
-0.049 -0.122 -0.085
-0.022 -0.069 -0.048
 0.031 -0.015 -0.016
 0.045  0.021  0.003
 0.033 -0.027 -0.040
 0.017 -0.095 -0.120
-0.004 -0.101 -0.130
 0.093  0.050 -0.002
 0.183  0.132  0.065
 0.136  0.100  0.048
 0.065  0.003 -0.009
 0.043 -0.054 -0.050
 0.001 -0.059 -0.059
 0.017 -0.010 -0.003
 0.075  0.048  0.040
 0.084  0.112  0.117
 0.028 -0.029 -0.016
-0.046 -0.129 -0.108
-0.076 -0.129 -0.110
-0.046 -0.100 -0.109
-0.011 -0.066 -0.082
-0.043 -0.095 -0.090
-0.132 -0.216 -0.176
-0.161 -0.274 -0.210
-0.109 -0.200 -0.182
-0.110 -0.171 -0.158
-0.097 -0.143 -0.131
-0.072 -0.114 -0.115
-0.130 -0.190 -0.167
-0.196 -0.274 -0.223
-0.148 -0.204 -0.181
-0.073 -0.096 -0.089
-0.013 -0.016 -0.025
 0.005 -0.022 -0.059
-0.029 -0.105 -0.117
-0.081 -0.151 -0.131
-0.027 -0.029 -0.008
 0.023  0.035  0.051
 0.042  0.054  0.060
 0.049  0.075  0.058
 0.079  0.098  0.075
 0.086  0.107  0.091
 0.093  0.104  0.097
 0.012  0.024  0.059
 0.010  0.037  0.059
 0.044  0.098  0.096
 0.092  0.147  0.125
 0.079  0.180  0.161
 0.052  0.110  0.073
 0.033  0.070  0.031
 0.015  0.042 -0.015
 0.032  0.075 -0.015
 0.047  0.104  0.013
 0.093  0.134  0.028
 0.081  0.196  0.123
 0.000  0.044 -0.009
-0.072 -0.051 -0.093
-0.034 -0.018 -0.095
-0.044 -0.027 -0.105
-0.052 -0.031 -0.102
-0.026 -0.020 -0.098
-0.095 -0.105 -0.140
-0.100 -0.089 -0.096
-0.016  0.030  0.021
-0.042  0.073  0.090
-0.034  0.013  0.015
-0.071 -0.051 -0.038
-0.200 -0.209 -0.153
-0.212 -0.223 -0.168
-0.125 -0.115 -0.092
-0.096 -0.062 -0.063
-0.080 -0.042 -0.054
-0.128 -0.106 -0.099
-0.187 -0.218 -0.193
-0.194 -0.187 -0.161
-0.119 -0.085 -0.094
-0.025 -0.004 -0.031
-0.022 -0.009 -0.040
-0.103 -0.101 -0.097
-0.123 -0.125 -0.096
-0.097 -0.043 -0.029
-0.066  0.008  0.001
-0.013  0.064  0.032
-0.048  0.048  0.050
-0.115 -0.093 -0.068
-0.088 -0.072 -0.076
-0.054 -0.030 -0.071
-0.018  0.015 -0.025
 0.043  0.072  0.029
 0.033  0.050  0.038
-0.114 -0.123 -0.079
-0.126 -0.139 -0.113
-0.020 -0.044 -0.067
-0.011 -0.016 -0.048
 0.027  0.023 -0.028
 0.009 -0.015 -0.029
-0.111 -0.132 -0.096
-0.084 -0.125 -0.111
-0.009 -0.050 -0.076
 0.048  0.018 -0.043
 0.060  0.012 -0.048
 0.031 -0.062 -0.109
-0.108 -0.202 -0.204
-0.037 -0.096 -0.121
 0.011 -0.045 -0.106
-0.018  0.008 -0.015
-0.047 -0.079 -0.107
-0.089 -0.146 -0.136
-0.059 -0.112 -0.094
 0.012  0.009  0.020
 0.083  0.081  0.086
 0.112  0.092  0.103
 0.011 -0.022  0.017
-0.046 -0.118 -0.075
 0.020 -0.041 -0.044
 0.032  0.022  0.017
 0.070  0.065  0.053
 0.051  0.004  0.003
-0.064 -0.123 -0.078
-0.007 -0.047 -0.009
 0.117  0.096  0.082
 0.126  0.132  0.126
 0.128  0.147  0.148
 0.058  0.067  0.091
-0.052 -0.017  0.039
-0.018  0.023  0.040
 0.025  0.081  0.073
 0.056  0.075  0.048
 0.048  0.055  0.046
 0.030  0.014  0.025
 0.078  0.041  0.031
 0.078  0.050  0.069
 0.080  0.067  0.109
 0.068  0.034  0.101
 0.013 -0.038  0.044
 0.021 -0.022  0.031
 0.080  0.049  0.079
 0.055  0.063  0.106
 0.018 -0.028  0.016
-0.005 -0.088 -0.031
 0.042 -0.044 -0.002
 0.074  0.016  0.045
 0.128  0.083  0.095
 0.124  0.078  0.083
-0.015 -0.075 -0.023
-0.075 -0.150 -0.083
-0.015 -0.057 -0.036
-0.041  0.003  0.036
-0.029 -0.043 -0.047
 0.036  0.020  0.004
-0.007 -0.075 -0.056
-0.052 -0.136 -0.098
-0.002 -0.052 -0.042
-0.012 -0.024 -0.039
 0.033  0.025  0.002
 0.086  0.096  0.068
 0.081  0.071  0.042
 0.026  0.009 -0.004
 0.041  0.025  0.001
 0.063  0.027 -0.024
 0.040  0.005 -0.039
 0.042 -0.004 -0.060
-0.007 -0.089 -0.147
-0.029 -0.074 -0.093
 0.023 -0.014 -0.050
 0.083  0.036 -0.043
 0.080  0.097  0.057
 0.019 -0.020 -0.013
-0.025 -0.064 -0.033
-0.010 -0.055 -0.052
-0.016 -0.037 -0.046
-0.026 -0.057 -0.057
-0.049 -0.104 -0.092
-0.127 -0.189 -0.155
-0.184 -0.274 -0.234
-0.172 -0.294 -0.286
-0.132 -0.240 -0.252
-0.050 -0.154 -0.165
-0.019 -0.132 -0.139
-0.069 -0.161 -0.113
-0.105 -0.289 -0.238
-0.081 -0.262 -0.234
 0.079 -0.101 -0.143
 0.130 -0.036 -0.101
 0.119 -0.044 -0.086
 0.070 -0.129 -0.129
 0.066 -0.104 -0.102
 0.168  0.038 -0.008
 0.217  0.082  0.007
 0.184  0.037 -0.018
 0.095 -0.065 -0.074
 0.111 -0.043 -0.081
 0.150  0.056  0.001
 0.236  0.117  0.028
 0.270  0.157  0.049
 0.174  0.038 -0.035
 0.075 -0.077 -0.081
 0.174  0.029  0.020
 0.259  0.137  0.103
 0.286  0.221  0.212
 0.220  0.092  0.079
 0.118 -0.047 -0.046
 0.076 -0.015  0.002
 0.146  0.031  0.013
 0.224  0.102  0.044
 0.147  0.030  0.022
 0.191  0.080  0.052
 0.247  0.127  0.051
 0.164  0.023 -0.015
 0.063 -0.107 -0.096
 0.073 -0.112 -0.114
 0.187 -0.001 -0.055
 0.206  0.023 -0.026
 0.211  0.041  0.008
 0.156 -0.018 -0.003
 0.137 -0.054 -0.025
 0.193  0.040  0.051
 0.278  0.137  0.113
 0.304  0.156  0.107
 0.289  0.131  0.076
 0.228  0.042  0.048
 0.185  0.002  0.013
 0.275  0.104  0.074
 0.341  0.190  0.144
 0.390  0.243  0.187
 0.431  0.297  0.235
 0.388  0.265  0.209
 0.300  0.172  0.150
 0.314  0.191  0.151
 0.353  0.250  0.173
 0.421  0.299  0.184
 0.455  0.314  0.169
 0.420  0.343  0.239
 0.351  0.214  0.173
 0.314  0.196  0.187
 0.301  0.197  0.148
 0.233  0.168  0.143
 0.283  0.229  0.211
 0.270  0.208  0.208
 0.181  0.117  0.158
 0.069 -0.045  0.000
 0.104  0.007  0.030
 0.160  0.063  0.038
 0.142  0.057  0.030
 0.080 -0.036 -0.056
 0.003 -0.157 -0.168
-0.036 -0.165 -0.199
-0.002 -0.125 -0.187
 0.011 -0.106 -0.196
 0.074 -0.053 -0.165
 0.095  0.015 -0.056
 0.066 -0.010 -0.068
 0.056  0.010 -0.033
 0.054 -0.004 -0.042
-0.045 -0.131 -0.128
-0.057 -0.123 -0.119
-0.029 -0.064 -0.081
 0.041  0.038 -0.000
 0.088  0.092  0.062
 0.025  0.030  0.044
 0.012  0.014  0.034
 0.048  0.087  0.092
 0.083  0.114  0.072
 0.085  0.124  0.060
 0.055  0.073  0.037
 0.051  0.036  0.006
 0.073  0.083  0.031
 0.113  0.153  0.083
 0.107  0.170  0.107
 0.151  0.202  0.122
 0.073  0.123  0.069
 0.027  0.054  0.028
 0.067  0.095  0.035
 0.073  0.111  0.052
 0.089  0.156  0.124
 0.069  0.132  0.132
 0.051  0.079  0.130
 0.015  0.085  0.127
-0.019  0.054  0.081
-0.033  0.046  0.056
-0.039  0.033  0.049
-0.109 -0.052 -0.011
-0.195 -0.182 -0.106
-0.165 -0.148 -0.096
-0.150 -0.097 -0.033
-0.129 -0.100 -0.068
-0.128 -0.105 -0.090
-0.189 -0.194 -0.166
-0.295 -0.301 -0.233
-0.265 -0.240 -0.192
-0.220 -0.178 -0.143
-0.246 -0.180 -0.151
-0.272 -0.213 -0.167
-0.335 -0.294 -0.183
-0.297 -0.257 -0.097
-0.227 -0.128  0.035
-0.124 -0.000  0.144
-0.058  0.043  0.135
-0.080  0.004  0.092
-0.172 -0.126 -0.037
-0.216 -0.190 -0.110
-0.212 -0.056  0.090
-0.120 -0.012  0.076
-0.055  0.061  0.149
-0.015  0.085  0.166
-0.090 -0.003  0.098
-0.111 -0.017  0.092
-0.047  0.073  0.162
-0.054  0.096  0.173
-0.015  0.126  0.154
 0.035  0.168  0.173
 0.025  0.147  0.155
-0.058  0.022  0.026
-0.009  0.071  0.043
-0.023  0.073  0.024
-0.026  0.063  0.027
-0.038  0.065  0.057
-0.087 -0.007  0.023
-0.154 -0.090 -0.040
-0.098 -0.001  0.025
-0.005  0.080  0.055
 0.004  0.138  0.124
-0.025  0.033 -0.019
-0.076 -0.044 -0.099
-0.196 -0.153 -0.162
-0.135 -0.082 -0.142
-0.078 -0.016 -0.093
-0.092 -0.046 -0.094
-0.236 -0.203 -0.175
-0.264 -0.170 -0.134
-0.140 -0.026 -0.023
-0.099  0.044  0.036
-0.076  0.055  0.031
-0.046  0.087  0.043
-0.095  0.026 -0.022
-0.208 -0.115 -0.136
-0.155 -0.071 -0.125
-0.090 -0.014 -0.116
-0.119  0.024 -0.045
-0.100  0.033 -0.046
-0.010  0.104  0.063
-0.121 -0.018  0.016
-0.163 -0.033  0.031
-0.070  0.063  0.070
-0.003  0.124  0.128
-0.051  0.114  0.174
-0.068  0.056  0.117
-0.002  0.112  0.146
 0.001  0.151  0.209
-0.126 -0.051  0.046
-0.112 -0.030  0.029
-0.080  0.012  0.036
-0.122 -0.018  0.014
-0.203 -0.110 -0.066
-0.286 -0.214 -0.161
-0.254 -0.092 -0.059
-0.175 -0.048 -0.058
-0.102 -0.001 -0.013
-0.143 -0.070 -0.086
-0.276 -0.249 -0.212
-0.383 -0.384 -0.331
-0.293 -0.269 -0.207
-0.099 -0.006  0.006
-0.092 -0.069 -0.126
-0.086 -0.036 -0.124
-0.234 -0.178 -0.184
-0.292 -0.239 -0.230
-0.159 -0.089 -0.123
-0.113  0.050  0.004
-0.035  0.084  0.030
-0.073 -0.001 -0.022
-0.167 -0.134 -0.095
-0.148 -0.080 -0.043
-0.076 -0.006  0.043
 0.044  0.083  0.082
 0.016  0.067  0.057
-0.030  0.017  0.029
-0.055 -0.008  0.024
 0.004  0.081  0.093
 0.087  0.167  0.160
 0.082  0.140  0.113
-0.021  0.055  0.056
 0.013  0.101  0.073
 0.029  0.112  0.073
-0.047  0.001  0.020
-0.080 -0.017  0.017
-0.006  0.071  0.055
 0.074  0.075  0.042
 0.029 -0.003 -0.013
-0.044 -0.128 -0.122
-0.033 -0.112 -0.075
 0.001 -0.023  0.000
 0.062  0.057  0.046
 0.058  0.057  0.027
-0.077 -0.069 -0.078
-0.127 -0.053 -0.093
-0.078 -0.058 -0.127
-0.036  0.030 -0.010
-0.007  0.057  0.067
-0.022 -0.000  0.034
-0.149 -0.107  0.031
-0.143 -0.125 -0.026
-0.099 -0.063 -0.035
-0.076 -0.043 -0.089
-0.098 -0.084 -0.129
-0.168 -0.157 -0.158
-0.317 -0.307 -0.254
-0.297 -0.273 -0.234
-0.173 -0.126 -0.153
-0.076 -0.038 -0.077
-0.025  0.016 -0.034
-0.047 -0.005 -0.014
-0.086 -0.056 -0.022
-0.061 -0.003  0.005
 0.011  0.075  0.033
 0.078  0.128  0.047
 0.059  0.129  0.055
 0.017  0.047 -0.002
-0.032 -0.010 -0.045
 0.026  0.071  0.014
 0.034  0.120  0.062
 0.046  0.139  0.056
 0.066  0.154  0.084
-0.028  0.044  0.014
-0.035  0.020 -0.001
-0.002  0.094  0.050
 0.029  0.116  0.070
 0.061  0.131  0.073
 0.030  0.150  0.127
-0.089 -0.037 -0.053
-0.110 -0.068 -0.089
-0.080 -0.011 -0.063
-0.076  0.001 -0.074
-0.029  0.048 -0.039
-0.042  0.001 -0.061
-0.135 -0.127 -0.137
-0.146 -0.155 -0.143
-0.007  0.038 -0.006
-0.007  0.109  0.104
-0.000  0.064  0.033
-0.066 -0.035 -0.036
-0.148 -0.124 -0.107
-0.095 -0.046 -0.079
-0.052  0.008 -0.037
-0.030  0.040  0.005
-0.125 -0.077 -0.045
-0.172 -0.164 -0.115
-0.107 -0.061 -0.041
-0.019  0.055  0.050
 0.073  0.145  0.110
 0.082  0.138  0.084
 0.011  0.037  0.010
-0.013  0.010 -0.017
 0.098  0.132  0.050
 0.204  0.292  0.210
 0.207  0.255  0.169
 0.145  0.171  0.112
 0.027  0.053  0.049
 0.096  0.124  0.084
 0.132  0.168  0.102
 0.199  0.265  0.164
 0.112  0.169  0.058
 0.004  0.015 -0.072
 0.047  0.072 -0.017
 0.053  0.050 -0.033
 0.082  0.073 -0.005
 0.107  0.094  0.035
-0.030 -0.027 -0.012
-0.123 -0.131 -0.102
-0.058 -0.052 -0.049
-0.015  0.003 -0.011
 0.000  0.016 -0.006
 0.036  0.022  0.002
 0.017 -0.007  0.009
-0.037 -0.104 -0.071
-0.063 -0.164 -0.119
-0.125 -0.140 -0.034
-0.007 -0.041  0.008
-0.002 -0.034  0.013
 0.002 -0.038  0.002
-0.043 -0.095 -0.033
-0.100 -0.173 -0.079
-0.101 -0.184 -0.108
-0.071 -0.145 -0.093
-0.017 -0.086 -0.064
 0.015 -0.073 -0.088
-0.053 -0.130 -0.107
-0.083 -0.174 -0.115
-0.007 -0.064 -0.019
 0.021  0.001  0.063
 0.028  0.025  0.077
 0.051  0.022  0.060
-0.036 -0.068  0.002
-0.073 -0.100 -0.008
 0.025  0.024  0.079
 0.058  0.047  0.069
 0.084  0.069  0.079
 0.120  0.095  0.110
 0.057 -0.002  0.046
 0.046  0.031  0.086
 0.126  0.135  0.165
 0.172  0.170  0.172
 0.078  0.077  0.095
-0.037 -0.074 -0.039
-0.030 -0.078 -0.090
-0.024 -0.047 -0.082
-0.066 -0.114 -0.163
 0.025 -0.036 -0.101
-0.050 -0.105 -0.114
-0.111 -0.196 -0.161
-0.048 -0.106 -0.079
 0.048 -0.010 -0.018
 0.073  0.031  0.006
-0.026 -0.105 -0.109
-0.112 -0.226 -0.213
-0.056 -0.175 -0.185
-0.009 -0.099 -0.127
 0.022 -0.067 -0.120
 0.016 -0.076 -0.102
-0.066 -0.148 -0.129
-0.055 -0.115 -0.087
 0.006 -0.043 -0.029
-0.024 -0.008  0.034
-0.077 -0.124 -0.102
-0.135 -0.205 -0.173
-0.113 -0.172 -0.155
-0.061 -0.084 -0.105
 0.006 -0.009 -0.067
 0.052  0.013 -0.051
 0.031  0.030  0.027
-0.014 -0.052 -0.039
 0.061  0.042  0.037
 0.140  0.119  0.087
 0.114  0.143  0.111
 0.054  0.079  0.089
 0.049  0.051  0.068
 0.092  0.097  0.065
 0.158  0.170  0.122
 0.229  0.238  0.180
 0.224  0.204  0.156
 0.122  0.095  0.097
 0.188  0.170  0.149
 0.290  0.290  0.266
 0.280  0.298  0.277
 0.217  0.222  0.215
 0.141  0.119  0.146
 0.086  0.046  0.052
 0.065  0.051  0.029
 0.091  0.054  0.005
 0.122  0.071  0.015
 0.048 -0.038 -0.067
-0.016 -0.108 -0.109
-0.006 -0.073 -0.075
 0.037 -0.013 -0.023
 0.039  0.009  0.023
-0.007 -0.057 -0.018
 0.005 -0.085 -0.051
 0.051 -0.041 -0.036
 0.097  0.017  0.010
 0.118  0.045  0.027
 0.150  0.054  0.024
 0.034 -0.075 -0.056
-0.035 -0.161 -0.127
-0.001 -0.115 -0.090
 0.019 -0.056 -0.043
 0.043 -0.002  0.003
 0.020 -0.049 -0.028
 0.005 -0.095 -0.055
 0.032 -0.067 -0.060
 0.100  0.012 -0.021
 0.155  0.070  0.010
 0.163  0.066  0.016
 0.087 -0.011 -0.010
 0.104  0.030  0.018
 0.204  0.133  0.071
 0.219  0.166  0.095
 0.262  0.197  0.111
 0.212  0.112  0.043
 0.190  0.125  0.057
 0.215  0.145  0.043
 0.275  0.220  0.114
 0.268  0.214  0.106
 0.189  0.137  0.075
 0.152  0.105  0.073
 0.221  0.183  0.138
 0.223  0.191  0.151
 0.214  0.167  0.145
 0.079  0.043  0.037
 0.023 -0.018 -0.035
 0.013  0.023  0.018
 0.038  0.054  0.008
 0.010  0.037  0.032
-0.039  0.038  0.053
-0.193 -0.180 -0.121
-0.160 -0.107 -0.068
-0.108 -0.040 -0.009
-0.113 -0.052 -0.033
-0.125 -0.076 -0.064
-0.165 -0.119 -0.082
-0.233 -0.194 -0.125
-0.214 -0.152 -0.094
-0.180 -0.113 -0.047
-0.196 -0.118 -0.051
-0.280 -0.181 -0.035
-0.326 -0.266 -0.101
-0.235 -0.197 -0.100
-0.116 -0.049  0.018
-0.047  0.015  0.065
-0.018  0.028  0.039
-0.092 -0.052 -0.014
-0.223 -0.231 -0.163
-0.121 -0.103 -0.049
-0.034 -0.002  0.015
-0.001  0.046  0.047
-0.033 -0.018 -0.012
-0.060 -0.061 -0.016
 0.002  0.030  0.039
 0.044  0.097  0.113
 0.087  0.147  0.148
 0.075  0.106  0.115
-0.074 -0.055 -0.021
-0.124 -0.106 -0.062
-0.059 -0.026 -0.010
-0.051 -0.021 -0.043
-0.009  0.003 -0.055
-0.026 -0.034 -0.067
-0.150 -0.175 -0.133
-0.144 -0.134 -0.095
-0.088 -0.078 -0.046
-0.020 -0.020  0.001
-0.004  0.048  0.082
-0.051 -0.037 -0.002
-0.135 -0.172 -0.117
-0.165 -0.201 -0.148
-0.112 -0.116 -0.086
-0.070 -0.055 -0.037
-0.076 -0.060 -0.064
-0.122 -0.106 -0.097
-0.235 -0.263 -0.200
-0.297 -0.337 -0.265
-0.332 -0.307 -0.223
-0.274 -0.256 -0.206
-0.222 -0.185 -0.147
-0.144 -0.107 -0.087
-0.103 -0.078 -0.040
-0.042 -0.004  0.034
 0.014  0.051  0.089
 0.069  0.104  0.121
 0.068  0.112  0.119
 0.079  0.122  0.120
 0.104  0.133  0.109
 0.128  0.144  0.089
 0.105  0.129  0.063
 0.185  0.238  0.139
 0.115  0.161  0.110
 0.090  0.105  0.064
 0.215  0.287  0.208
 0.246  0.280  0.176
 0.258  0.302  0.219
 0.181  0.176  0.134
 0.117  0.120  0.116
 0.106  0.119  0.087
 0.142  0.166  0.113
 0.135  0.173  0.114
 0.025  0.033  0.003
-0.051 -0.109 -0.131
-0.085 -0.125 -0.147
 0.003 -0.005 -0.045
 0.057  0.081  0.042
 0.054  0.074  0.038
-0.091 -0.056 -0.030
-0.062 -0.057 -0.075
 0.016  0.052  0.022
 0.036  0.087  0.048
-0.115 -0.112 -0.113
-0.169 -0.150 -0.136
-0.086 -0.010 -0.016
-0.012  0.048  0.041
-0.014  0.066  0.067
-0.021  0.089  0.111
-0.054  0.047  0.101
-0.127 -0.039  0.039
-0.015  0.103  0.138
 0.031  0.171  0.172
 0.041  0.168  0.160
-0.061  0.083  0.131
-0.038  0.051  0.056
 0.068  0.172  0.114
 0.186  0.270  0.189
 0.229  0.332  0.270
 0.127  0.177  0.162
 0.136  0.145  0.148
 0.240  0.245  0.200
 0.317  0.363  0.320
 0.278  0.294  0.270
 0.198  0.183  0.179
 0.170  0.158  0.129
 0.179  0.201  0.135
 0.216  0.264  0.212
 0.225  0.178  0.138
 0.126  0.102  0.086
 0.186  0.236  0.159
 0.185  0.277  0.185
 0.162  0.243  0.169
 0.112  0.109  0.063
 0.049  0.028  0.028
 0.026 -0.061 -0.052
 0.050 -0.008 -0.010
-0.019 -0.021  0.016
 0.030 -0.013 -0.008
 0.087  0.026  0.016
 0.076 -0.004 -0.000
-0.049 -0.118 -0.053
-0.051 -0.166 -0.101
 0.023 -0.048  0.008
 0.117  0.064  0.097
 0.104  0.085  0.135
 0.057 -0.039  0.009
 0.022 -0.113 -0.081
 0.058 -0.084 -0.080
 0.085 -0.019 -0.079
 0.143  0.038 -0.021
 0.193  0.090  0.029
 0.114  0.042  0.023
 0.042 -0.024 -0.006
 0.086  0.051  0.022
 0.132  0.126  0.059
 0.160  0.159  0.075
 0.158  0.142  0.073
 0.107  0.059  0.027
 0.051  0.021  0.013
 0.110  0.065  0.038
 0.126  0.056  0.047
 0.094  0.020  0.057
 0.066  0.009  0.058
 0.070  0.010  0.054
 0.032 -0.036  0.003
-0.074 -0.136 -0.092
-0.105 -0.137 -0.086
-0.024 -0.008 -0.043
-0.006 -0.044 -0.117
-0.089 -0.056 -0.106
-0.040 -0.047 -0.150
 0.029 -0.044 -0.107
 0.016 -0.050 -0.062
-0.117 -0.208 -0.125
-0.127 -0.134 -0.055
-0.081 -0.069 -0.064
-0.036 -0.055 -0.104
-0.040 -0.107 -0.171
-0.152 -0.268 -0.294
-0.200 -0.361 -0.377
-0.111 -0.238 -0.300
-0.126 -0.220 -0.258
-0.066 -0.152 -0.217
-0.081 -0.185 -0.234
-0.079 -0.156 -0.189
 0.006 -0.043 -0.123
 0.050  0.002 -0.112
 0.038 -0.039 -0.125
-0.056 -0.086 -0.114
-0.131 -0.148 -0.164
 0.017 -0.006 -0.102
 0.075  0.053 -0.069
-0.042 -0.040 -0.083
-0.113 -0.090 -0.074
-0.026  0.030  0.013
 0.063  0.106  0.025
-0.016  0.042  0.005
 0.070  0.118  0.035
-0.017  0.032 -0.020
-0.160 -0.135 -0.157
-0.213 -0.168 -0.168
-0.112 -0.035 -0.049
 0.022  0.107  0.062
-0.027  0.091  0.112
-0.141 -0.044  0.020
-0.131 -0.050 -0.014
 0.023  0.097  0.061
 0.036  0.157  0.121
 0.043  0.101  0.045
-0.059 -0.019 -0.027
-0.056 -0.039 -0.029
 0.024  0.080  0.090
 0.075  0.134  0.142
 0.044  0.119  0.153
-0.099 -0.055  0.007
-0.164 -0.119 -0.072
-0.058 -0.029 -0.045
 0.018  0.046  0.002
-0.031  0.005 -0.031
-0.051 -0.003 -0.043
 0.012  0.068  0.035
 0.084  0.158  0.123
 0.038  0.133  0.170
 0.016  0.060  0.089
 0.045  0.113  0.153
 0.126  0.191  0.229
 0.166  0.231  0.265
 0.198  0.238  0.249
 0.077  0.139  0.195
 0.005  0.017  0.063
 0.080  0.118  0.111
 0.149  0.183  0.158
 0.129  0.202  0.189
 0.112  0.161  0.146
 0.015  0.069  0.110
-0.050 -0.020  0.045
-0.011  0.024  0.062
 0.062  0.081  0.095
 0.080  0.110  0.132
-0.040 -0.014  0.024
-0.157 -0.154 -0.088
-0.058 -0.057 -0.040
 0.021  0.012  0.018
-0.010  0.007  0.017
-0.115 -0.115 -0.045
-0.196 -0.221 -0.108
-0.068 -0.079 -0.006
-0.024  0.020  0.092
 0.033  0.029  0.080
 0.022  0.016  0.054
-0.074 -0.124 -0.057
-0.101 -0.147 -0.093
 0.035  0.005  0.016
 0.103  0.088  0.093
 0.010  0.025  0.071
-0.116 -0.110 -0.010
-0.124 -0.075  0.034
 0.018  0.042  0.078
 0.038  0.119  0.151
 0.010  0.038  0.108
 0.008 -0.027  0.052
 0.047  0.013 -0.008
 0.119  0.100  0.072
 0.112  0.142  0.065
 0.113  0.148  0.111
-0.025 -0.066 -0.007
-0.056 -0.082  0.021
 0.002  0.031  0.151
 0.021 -0.015  0.135
-0.035 -0.099  0.086
 0.014 -0.060  0.050
-0.076 -0.179 -0.048
-0.158 -0.274 -0.130
-0.078 -0.172 -0.080
-0.058 -0.122 -0.023
 0.008 -0.060 -0.009
 0.028 -0.040  0.021
 0.031  0.009  0.091
 0.032 -0.003  0.078
-0.037 -0.073  0.023
-0.096 -0.174 -0.085
-0.158 -0.146  0.001
-0.081 -0.113 -0.014
 0.011 -0.039  0.025
 0.070 -0.000  0.025
-0.024 -0.112 -0.049
-0.147 -0.252 -0.193
-0.169 -0.247 -0.187
-0.063 -0.168 -0.187
-0.006 -0.104 -0.138
-0.000 -0.096 -0.130
-0.115 -0.253 -0.239
-0.175 -0.318 -0.278
-0.141 -0.246 -0.180
 0.004 -0.100 -0.115
 0.022 -0.049 -0.075
-0.068 -0.120 -0.072
-0.161 -0.219 -0.123
-0.067 -0.134 -0.077
-0.016 -0.022  0.059
 0.086  0.076  0.102
 0.078  0.097  0.085
-0.008 -0.074 -0.086
-0.007 -0.051 -0.115
 0.142  0.191  0.056
 0.203  0.277  0.108
 0.129  0.229  0.064
-0.087  0.005 -0.065
 0.023  0.038 -0.041
 0.220  0.268  0.128
 0.183  0.282  0.221
 0.116  0.190  0.129
-0.016  0.068  0.071
-0.035  0.042  0.018
 0.093  0.153  0.069
 0.106  0.158  0.082
 0.022  0.073  0.047
-0.064  0.039  0.034
-0.001  0.111  0.099
 0.125  0.164  0.082
 0.088  0.108  0.012
-0.052 -0.064 -0.149
-0.094 -0.082 -0.254
 0.014  0.029 -0.117
 0.071  0.047 -0.137
 0.080  0.070 -0.086
 0.023 -0.024 -0.090
-0.089 -0.148 -0.167
-0.091 -0.061 -0.126
-0.005  0.021 -0.054
 0.028  0.055 -0.021
-0.013  0.023 -0.006
-0.136 -0.155 -0.103
-0.205 -0.229 -0.118
-0.056 -0.047 -0.011
-0.005  0.010  0.011
 0.047  0.086  0.062
 0.029  0.080  0.073
-0.032 -0.012 -0.002
-0.032  0.001 -0.016
 0.033  0.054 -0.016
 0.067  0.113  0.002
 0.073  0.093 -0.022
-0.007  0.058 -0.032
-0.095 -0.021 -0.111
-0.014  0.010 -0.124
 0.045  0.056 -0.071
 0.031  0.034 -0.030
 0.058  0.065  0.050
 0.005  0.109  0.173
 0.023  0.147  0.182
 0.023  0.141  0.168
 0.024  0.120  0.128
 0.018  0.101  0.067
-0.051  0.029  0.006
-0.185 -0.129 -0.116
-0.140 -0.098 -0.129
-0.061 -0.041 -0.099
-0.085 -0.065 -0.114
-0.094 -0.097 -0.135
-0.080 -0.089 -0.135
-0.094 -0.124 -0.186
-0.136 -0.148 -0.172
-0.129 -0.129 -0.133
-0.110 -0.096 -0.104
-0.120 -0.115 -0.126
-0.145 -0.147 -0.154
-0.161 -0.145 -0.122
-0.168 -0.142 -0.058
-0.160 -0.135 -0.029
-0.190 -0.214 -0.130
-0.125 -0.210 -0.186
-0.204 -0.224 -0.188
-0.204 -0.251 -0.267
-0.130 -0.143 -0.142
-0.017  0.004 -0.050
-0.001 -0.047 -0.034
-0.042 -0.091 -0.041
-0.143 -0.191 -0.060
-0.151 -0.263 -0.081
-0.084 -0.260 -0.085
-0.104 -0.224 -0.046
-0.063 -0.193 -0.041
-0.019 -0.159 -0.029
 0.067 -0.098 -0.000
 0.099 -0.003  0.094
 0.106 -0.057  0.035
 0.131 -0.041  0.049
 0.102 -0.067  0.036
-0.105 -0.250 -0.050
-0.097 -0.267 -0.088
-0.085 -0.235 -0.048
-0.028 -0.185 -0.050
-0.054 -0.220 -0.085
-0.030 -0.183 -0.079
 0.071 -0.078 -0.038
-0.041 -0.188 -0.091
-0.134 -0.313 -0.204
-0.036 -0.231 -0.164
 0.132 -0.046 -0.042
 0.120 -0.024  0.004
 0.097 -0.027  0.023
-0.012 -0.154 -0.066
-0.020 -0.190 -0.119
 0.073 -0.076 -0.062
 0.145  0.003 -0.007
 0.195  0.134  0.100
 0.103  0.040 -0.005
-0.026 -0.127 -0.153
 0.122  0.110  0.015
 0.209  0.208  0.069
 0.163  0.214  0.037
 0.065  0.059 -0.089
 0.112  0.032 -0.056
 0.197  0.196  0.085
 0.167  0.219  0.185
 0.103  0.169  0.170
 0.061  0.055  0.018
 0.131  0.184  0.133
 0.187  0.169  0.057
 0.200  0.181  0.078
 0.150  0.138  0.089
 0.040  0.041  0.047
 0.032  0.020  0.035
 0.131  0.112  0.063
 0.208  0.201  0.091
 0.164  0.145  0.038
 0.128  0.077 -0.031
 0.170  0.114  0.003
 0.131  0.124  0.049
 0.152  0.138  0.077
 0.122  0.116  0.033
-0.010 -0.026 -0.053
-0.102 -0.122 -0.114
 0.013  0.063  0.048
 0.050  0.075  0.029
-0.098 -0.117 -0.152
-0.033 -0.076 -0.139
 0.001 -0.040 -0.100
-0.088 -0.110 -0.124
-0.097 -0.101 -0.118
-0.048  0.032  0.025
 0.013  0.056  0.035
-0.010  0.018  0.023
-0.133 -0.115 -0.074
-0.145 -0.122 -0.057
