2.078 0.238 1.504
1.810 0.587 1.039
0.659 -0.161 0.369
0.231 -1.580 1.216
0.913 1.489 -0.353
1.065 -0.366 1.104
0.323 -0.642 0.019
2.344 1.980 -0.963
0.385 0.376 0.292
0.029 -0.150 0.187
1.111 -1.190 -0.783
-1.202 -0.103 -0.177
-1.673 -0.004 0.839
-1.044 -1.716 0.403
0.716 -0.416 0.713
-0.036 0.386 0.478
0.581 1.632 -1.170
0.112 -1.598 -0.367
-0.558 0.532 -0.100
-1.655 -0.870 0.724
-0.045 0.343 0.338
-0.079 -0.806 1.430
0.343 -1.183 0.014
1.199 1.595 -1.165
-0.664 -0.302 -0.066
-1.543 -0.128 1.731
0.248 -0.521 0.668
-0.636 1.003 1.013
0.093 0.534 -1.093
0.617 -0.321 2.058
1.021 0.495 -0.592
-1.107 -0.804 -0.148
-0.219 0.462 -0.254
-0.367 -0.044 -1.124
-0.302 -1.764 1.487
1.999 -0.072 0.086
0.486 0.565 -1.363
0.501 -0.465 -1.001
-0.539 1.106 -0.782
-0.311 -1.788 -0.431
0.701 0.909 -0.293
0.025 -0.933 -0.133
-0.193 0.675 -2.334
1.162 2.048 0.814
0.192 0.574 -0.558
0.945 0.777 -0.693
0.347 -1.660 1.707
1.707 -1.032 0.734
1.328 -1.206 -1.442
-0.659 1.004 -1.522
