-0.160 -0.346 1.101
0.590 -1.778 0.889
-0.250 1.362 0.694
-1.085 -0.430 0.018
-0.593 -1.122 -1.258
-1.514 1.071 -1.202
-0.056 -0.125 2.290
-1.040 -1.441 0.439
0.104 -0.422 -0.521
0.276 -1.600 -0.335
-1.084 -1.454 -0.660
0.867 0.325 -0.881
-0.149 -0.488 1.834
0.025 -1.302 1.523
-0.119 0.939 2.002
-0.734 -1.803 0.055
-1.841 -0.792 -0.480
-0.124 -0.685 -0.553
0.466 0.068 -0.693
0.919 -1.387 -1.729
0.214 -0.078 -0.840
0.052 0.603 -1.664
-0.811 -1.696 -0.357
1.426 -0.638 1.383
-0.401 -1.313 0.559
-0.015 0.008 0.880
0.226 0.406 0.273
-1.649 0.634 0.215
-0.789 0.336 -0.726
0.088 -0.386 0.843
-0.154 -2.183 -1.909
-0.437 0.242 -0.206
0.909 1.526 0.352
1.134 0.518 -0.011
-2.229 0.786 -0.117
1.795 1.413 0.589
0.541 -0.329 0.389
-1.099 -1.604 -0.835
-0.700 0.141 -0.428
0.838 0.775 -0.417
0.596 -2.023 -2.394
2.258 1.197 -0.050
-0.309 0.316 1.024
0.252 1.246 -0.144
-0.661 -0.945 -0.620
-0.794 0.959 1.513
1.800 0.247 1.747
0.527 -0.581 -1.198
0.188 -0.209 0.524
0.616 1.788 -1.213
