1.476 -0.335 -0.876
0.402 0.062 -1.688
1.256 0.081 0.249
-0.410 -0.409 0.357
-1.606 1.098 -0.052
-1.017 -2.467 -0.649
-0.024 0.433 1.256
0.694 -0.689 1.778
-0.192 0.547 0.844
0.561 -0.240 1.470
0.220 0.038 -0.949
0.322 1.005 0.287
0.695 1.855 1.427
0.808 -0.966 0.678
-1.042 0.701 1.087
1.175 -1.425 -0.153
-0.675 0.024 0.615
1.100 0.168 1.774
0.084 1.778 1.043
0.187 1.122 1.783
-2.451 -0.083 0.489
-0.152 1.844 1.802
-0.049 0.190 1.828
-0.077 -0.801 1.322
0.115 -0.426 0.858
-0.975 -0.238 0.024
-1.201 -0.836 0.783
1.006 0.966 0.318
-0.222 -0.169 0.136
0.285 0.844 0.045
-0.476 0.777 0.091
0.523 0.240 1.388
1.131 0.739 -0.702
-0.356 -2.002 -0.152
-1.496 1.040 0.379
-1.328 0.187 -0.718
-0.166 1.929 0.381
0.457 -0.465 -0.561
1.206 -0.079 -2.251
-0.532 -0.203 -0.014
2.221 1.286 -0.688
-0.766 -0.455 -0.926
-0.954 -1.195 0.801
0.907 -2.154 1.006
-0.861 -2.215 -1.293
0.083 -0.296 -0.748
-2.198 -0.613 0.140
-0.572 -0.331 0.673
-0.013 -0.769 -0.198
-0.715 -1.028 0.677
