1.720 -1.487 -2.194
-0.452 -0.380 -0.663
1.529 -2.188 -0.324
0.766 -1.025 -0.944
0.071 1.056 -0.341
1.005 1.183 0.536
1.143 0.300 0.025
-0.632 0.081 -1.128
0.692 0.953 -0.219
2.106 0.442 -1.125
1.210 0.683 0.753
-0.286 -0.024 0.469
0.214 0.343 -0.922
-0.430 0.446 -2.429
-0.779 0.472 -0.543
-1.591 0.643 0.216
-0.279 -0.201 0.896
-1.562 -0.562 0.681
-0.188 -0.373 -1.112
1.159 -0.789 -1.240
0.357 -0.476 0.261
0.015 0.441 -0.364
-1.252 1.000 0.643
-0.586 -1.695 -0.301
0.991 0.096 -0.602
-0.598 -1.091 -0.284
-0.266 1.420 0.374
0.693 -0.048 2.113
0.714 1.505 0.223
1.625 -0.068 -0.190
-0.842 0.578 0.902
-1.406 0.294 0.372
-1.294 0.197 1.492
-1.048 2.832 0.251
0.075 -1.063 -0.516
-1.283 -1.009 0.310
-0.821 0.795 -0.318
-0.644 -0.417 -0.616
1.567 0.207 0.059
-0.402 0.475 -0.187
-0.896 0.596 -1.109
-0.525 3.605 -0.663
1.179 0.184 0.528
-1.900 -0.659 0.206
-0.212 0.049 1.488
-0.120 -0.298 -0.249
0.744 0.302 2.150
-0.408 -0.086 1.464
0.446 -1.238 -1.734
0.494 0.551 1.845
