-0.454 -0.117 0.824
0.322 0.037 0.899
0.664 -0.151 -1.206
-0.917 0.129 -0.662
1.096 -1.006 0.226
0.949 -0.375 -0.355
-1.260 -0.240 0.099
-1.221 1.122 0.280
1.265 0.128 -2.042
0.745 -0.963 2.167
-0.643 -0.514 0.978
0.458 0.904 -0.159
0.490 -0.542 1.337
1.661 -0.042 1.594
0.454 -0.759 -0.399
-0.295 -1.544 -1.814
1.355 -1.938 -0.470
2.152 -0.048 -2.275
-0.102 -0.493 -0.153
0.838 -1.285 -1.315
1.177 -0.163 -0.941
0.479 -0.352 0.857
0.194 0.237 -1.257
1.063 0.116 0.462
0.724 0.326 -0.458
0.153 -0.254 -0.810
1.045 -0.431 -0.205
0.918 -1.511 0.729
-1.613 -2.574 -0.412
-0.956 -0.578 0.463
1.260 0.948 0.962
-0.449 0.375 1.300
1.139 -0.654 0.173
0.266 0.025 0.161
-0.454 -0.730 -0.115
0.152 -1.373 -1.011
1.283 1.393 -0.723
0.579 -0.656 -0.117
0.982 0.144 -0.325
-1.751 -0.799 -1.339
0.435 -1.326 0.463
-0.887 -0.100 2.186
1.543 -1.932 -0.229
0.422 0.060 0.507
1.711 -0.936 -1.638
0.790 -0.198 0.295
-1.369 -0.305 -1.097
0.497 -0.837 -0.466
-0.279 -0.961 0.856
0.998 -0.630 0.586
