1.449 -0.424 0.226
-0.033 -0.302 -0.553
-0.803 2.178 -0.157
2.015 -1.910 0.562
1.037 0.049 -0.447
-0.942 0.324 -1.092
0.020 0.389 0.159
-0.071 -2.705 0.274
1.121 -0.394 -0.938
-0.064 0.199 0.209
0.001 -0.803 -2.829
0.715 -0.866 -1.049
0.144 -0.827 1.168
2.440 -0.984 0.627
0.682 -0.165 1.053
-0.086 0.866 0.336
0.120 -1.565 -1.236
-1.802 0.349 0.065
-0.833 0.224 -0.003
-1.770 -0.926 -2.035
0.307 2.271 0.554
-0.392 0.147 -1.323
-0.218 -0.839 -0.684
-0.647 1.447 -0.660
-0.793 -1.853 0.793
-0.225 1.192 1.786
-0.199 -2.335 1.001
1.670 -0.649 -1.445
0.851 0.653 -0.770
1.927 -0.292 -1.439
-1.517 1.149 1.797
-1.318 0.676 0.083
1.214 0.477 0.459
-0.627 0.706 -0.867
0.205 -0.813 0.606
-0.009 -1.843 -0.726
0.358 -0.050 0.403
-0.891 0.091 0.479
0.635 0.642 1.033
-0.700 0.618 -0.759
-0.070 1.591 -0.633
-1.321 0.595 -2.450
-0.655 -0.579 1.846
-0.308 0.861 0.673
-0.977 -0.417 0.232
-1.032 2.294 1.623
-0.562 -0.112 -0.505
-0.547 -0.718 0.043
0.590 -1.229 -1.642
1.204 -1.634 1.375
