1.743 -0.755 -0.225
0.733 -0.372 1.056
0.581 0.691 0.078
0.977 1.028 -0.917
-0.385 -1.986 -0.846
0.208 0.799 -0.241
-0.285 -0.583 0.560
0.048 0.770 1.014
-1.141 0.199 -0.239
1.123 0.343 -1.238
-0.207 -1.115 1.402
-0.508 0.738 0.115
-1.884 -1.641 0.408
0.546 -2.179 0.024
-1.403 1.594 0.667
-0.301 -1.742 -1.038
2.103 0.359 1.186
0.347 0.449 -0.252
0.571 1.904 -0.876
1.203 -0.381 0.649
-0.836 1.317 -0.512
0.817 0.862 0.080
1.494 -0.277 -0.693
0.268 0.908 -0.321
1.255 0.297 0.272
-0.638 -0.412 0.680
3.070 0.262 0.238
-0.038 0.177 1.889
-0.237 0.782 -1.789
-0.747 0.994 0.780
-2.236 -1.884 0.581
-0.321 -0.646 2.074
0.056 -0.036 0.184
0.652 1.676 -1.587
-1.495 0.346 -0.721
0.490 2.459 1.146
-0.144 0.410 -0.899
-0.835 0.124 -1.292
1.224 -1.567 -0.434
1.376 -0.008 0.586
1.600 0.723 -1.423
-0.385 -0.134 0.001
0.400 -0.067 1.201
-0.202 1.133 -1.983
0.529 -0.858 1.204
1.072 0.207 -0.626
0.639 1.580 0.966
0.584 0.572 0.939
0.208 0.513 1.724
-1.503 0.489 -0.547
