-0.046 0.672 -0.259
0.096 -0.180 -0.363
1.495 0.848 -0.776
-0.439 0.396 1.827
0.283 1.049 0.794
0.379 0.889 -0.756
-0.331 -0.474 0.803
-0.748 0.198 0.401
1.046 0.850 0.686
0.625 0.446 -0.676
0.276 -0.006 -2.569
-0.444 -0.014 0.372
0.992 0.032 0.237
-0.190 -0.041 0.687
-0.866 0.798 -0.003
-0.004 -0.780 -0.209
0.223 -0.894 -0.040
-1.940 -0.250 1.211
-0.290 0.361 0.190
2.742 -0.564 -0.989
0.322 0.342 0.033
-0.704 0.941 1.849
1.687 0.330 0.295
-0.782 1.463 -0.563
-0.419 0.958 0.433
-0.863 -0.626 -0.892
-1.503 0.808 -0.282
0.099 -0.091 0.348
-0.586 -1.430 -0.598
-1.637 -0.918 -2.033
-0.649 1.672 0.799
1.890 0.901 -0.818
2.130 -0.255 0.635
-1.225 1.163 1.552
1.006 -0.577 -0.975
-0.536 0.412 -0.821
0.056 1.154 -0.128
1.130 0.967 1.280
-1.850 -2.300 0.105
0.149 -1.867 -0.346
0.357 1.091 -0.404
0.562 -1.326 -0.330
0.471 0.338 -0.128
0.525 -0.737 1.230
0.039 -0.201 -0.725
-0.735 -3.739 -0.665
1.596 3.279 -1.510
0.209 0.611 -1.054
0.080 2.006 0.202
-0.896 0.215 0.335
