-1.545 0.227 -0.215
0.460 -0.019 2.264
1.124 -0.549 1.357
-0.043 -0.385 0.835
-0.747 0.097 0.370
-1.276 0.101 0.730
1.318 0.274 0.537
-0.041 0.892 -1.233
0.814 1.026 -0.622
-0.863 0.251 -0.720
0.372 1.296 -1.506
0.236 0.601 0.440
-1.324 -1.227 1.240
0.201 0.496 -0.012
0.931 -0.150 -1.442
0.406 -0.398 2.351
-1.168 0.458 -0.295
-1.509 -0.341 1.580
1.482 0.488 0.192
-0.051 -1.367 -0.919
1.268 -0.274 0.508
-0.488 -0.317 2.217
1.427 1.030 -0.814
-0.061 -1.023 1.124
0.374 1.499 -0.390
-1.220 -0.297 0.477
0.637 0.685 -0.040
-0.722 1.623 -2.386
-2.496 -0.107 -0.300
0.998 -0.378 -1.495
0.337 -0.106 -0.156
1.964 -0.127 0.233
-0.504 0.329 -0.708
0.126 0.039 -0.282
0.026 0.194 2.632
2.189 0.970 -0.957
-0.009 0.525 0.047
0.193 -0.172 -1.182
1.368 -1.755 0.175
-0.173 -0.664 -0.021
3.193 0.153 -0.514
-0.973 -0.454 0.507
-0.525 0.583 0.022
-0.611 1.660 -0.132
1.491 0.256 -0.323
0.528 -1.325 -0.207
-0.963 -0.608 -0.575
1.185 1.196 -0.435
-0.546 1.501 0.139
1.210 -0.396 0.942
