-1.170 -0.982 -0.297
0.774 -0.518 -0.692
0.658 0.637 1.956
-0.946 0.245 -0.230
0.603 -1.250 1.254
0.307 0.436 -0.384
2.161 -0.124 -0.415
-0.355 0.861 2.462
1.457 0.514 -0.524
0.163 -0.044 -1.116
1.540 0.431 -2.230
1.373 0.366 0.574
0.705 0.767 0.507
-0.751 -0.337 1.583
-0.593 1.637 0.865
-0.537 1.619 1.619
2.030 -0.580 -0.384
-0.411 -0.615 0.940
1.221 -1.507 0.295
0.531 -0.336 0.075
1.329 1.736 1.389
0.219 -0.411 0.558
-2.417 0.707 0.346
0.445 1.936 -0.869
0.246 0.102 -0.884
-0.394 -2.447 0.702
1.222 -1.085 0.571
2.298 -0.405 -1.608
-0.422 0.740 -0.405
0.539 -2.554 1.063
-0.586 1.551 2.071
-0.293 -0.081 0.851
0.518 -0.502 -0.420
0.624 -0.152 -1.994
-0.952 1.012 2.647
-0.730 -0.107 -0.417
0.253 1.523 -0.020
0.397 0.191 -1.694
-1.549 -0.373 -0.154
0.456 -0.967 -1.318
-0.103 0.519 1.632
1.444 -0.548 0.597
-1.403 -2.110 0.352
-1.121 -0.468 -0.269
0.820 -0.628 0.184
1.262 0.630 -0.280
1.161 0.505 -0.846
-0.204 0.301 -0.342
-0.916 1.884 -1.241
0.563 0.255 0.400
