1.635 -0.765 -1.994
-1.404 0.989 -1.110
1.284 1.052 -0.945
1.890 0.803 -0.642
2.629 0.672 0.253
-1.714 -0.425 1.275
0.161 0.273 -0.560
0.333 0.384 -0.798
-0.015 1.406 0.988
-0.435 0.136 0.506
-0.716 0.173 0.161
1.342 0.959 -0.221
0.476 0.166 -0.052
1.039 1.111 -0.802
1.259 -0.332 -0.704
0.195 0.732 -0.367
1.639 1.269 0.996
-1.006 1.592 1.557
1.012 0.828 0.527
-0.655 -1.633 -0.489
1.392 1.049 0.616
-0.042 0.470 0.444
-1.076 -0.606 -0.264
1.396 1.003 -0.584
-2.111 0.750 0.728
-0.951 0.862 -1.214
0.298 -0.680 -0.581
0.478 1.755 1.132
0.594 -1.159 -0.374
-1.689 2.243 -0.872
-0.488 1.533 0.989
-0.530 2.278 -0.808
-0.018 1.388 1.305
-1.217 0.775 -0.058
-1.976 -1.224 -1.667
-2.277 -1.956 -0.707
0.243 -0.147 -1.343
-2.333 0.278 -0.813
0.086 -0.991 0.316
1.477 1.124 -0.044
0.153 1.105 0.272
0.981 0.364 0.089
1.074 -1.154 0.315
-0.778 1.231 -2.057
-0.678 -1.569 -0.093
0.320 1.080 0.018
-0.303 -0.884 -1.269
0.972 -0.284 -0.378
-1.167 -0.970 -0.677
-0.753 1.206 -0.833
