0.992 -1.310 0.973
-0.509 0.595 -1.656
1.081 -0.599 -1.349
-0.100 -0.827 0.986
0.552 0.267 -0.953
-0.469 1.859 -1.927
1.184 -0.978 -1.078
0.339 -1.508 1.160
0.870 -0.993 -0.011
-0.195 1.470 -0.927
1.200 0.236 -0.650
-0.056 0.865 0.793
-0.921 -0.399 0.434
-0.878 -0.641 -0.140
-0.742 0.753 -0.748
-1.280 0.486 -1.648
1.359 0.638 -0.398
0.328 0.621 -1.526
1.169 -2.177 -1.263
1.805 0.914 -0.740
0.284 -0.838 0.348
-0.547 -0.156 -0.855
1.547 -0.023 0.093
-1.856 -1.349 0.136
1.028 0.081 0.104
1.133 0.607 0.883
0.459 2.319 -0.667
0.276 -1.664 0.219
-0.521 -0.919 -0.420
0.140 -0.625 -0.123
-0.925 0.922 0.486
-1.067 1.334 -0.351
0.594 0.791 0.805
0.684 1.003 -1.324
-0.002 -1.770 -0.234
1.017 -1.337 -0.048
0.442 -2.105 -0.039
0.298 -0.406 0.576
0.780 1.843 0.189
1.000 0.995 0.622
0.292 0.921 0.661
-1.540 1.510 0.172
0.620 -0.801 -0.880
-0.817 0.180 1.167
0.956 1.618 0.802
-1.307 1.967 -0.708
0.344 0.031 -0.247
0.291 0.742 0.509
0.003 1.046 -0.384
0.499 0.275 2.923
