 0.165  0.133  0.374
 0.115  0.168  0.384
 0.197  0.221  0.439
 0.337  0.329  0.476
 0.362  0.361  0.491
 0.400  0.396  0.490
 0.241  0.522  0.612
 0.214  0.313  0.352
 0.213  0.321  0.348
 0.185  0.281  0.318
 0.240  0.303  0.321
 0.112  0.383  0.492
 0.230  0.274  0.279
 0.270  0.293  0.280
 0.243  0.246  0.250
 0.312  0.318  0.319
 0.270  0.263  0.269
 0.307  0.265  0.270
 0.154  0.216  0.286
 0.264  0.222  0.244
 0.345  0.289  0.294
 0.172  0.188  0.213
 0.032  0.124  0.138
 0.020  0.160  0.243
 0.167  0.171  0.184
 0.253  0.238  0.192
 0.146  0.150  0.155
 0.191  0.163  0.201
 0.214  0.187  0.202
 0.124  0.131  0.161
 0.124  0.109  0.147
-0.025  0.191  0.338
 0.017  0.001  0.064
 0.052  0.017  0.074
 0.005  0.014  0.096
 0.140  0.166  0.196
 0.010  0.047  0.119
 0.042  0.059  0.145
-0.059  0.144  0.324
 0.059  0.058  0.164
 0.057  0.063  0.159
 0.053  0.066  0.181
 0.188  0.179  0.263
 0.113  0.093  0.184
 0.103  0.100  0.177
 0.109  0.130  0.226
 0.228  0.150  0.283
 0.301  0.179  0.320
 0.204  0.109  0.271
 0.184  0.113  0.178
-0.103 -0.089  0.083
 0.076  0.052  0.206
-0.017 -0.015  0.141
 0.015  0.028  0.120
-0.084  0.059  0.192
 0.014  0.036  0.112
 0.099  0.086  0.151
 0.044  0.060  0.165
 0.180  0.196  0.261
 0.050  0.096  0.203
 0.065  0.121  0.221
 0.057  0.101  0.217
 0.046  0.100  0.209
-0.061  0.117  0.296
 0.027  0.061  0.155
 0.034  0.065  0.121
 0.052  0.077  0.139
 0.154  0.144  0.177
 0.148  0.129  0.189
 0.283  0.204  0.267
 0.139  0.115  0.191
 0.261  0.238  0.226
 0.289  0.216  0.274
 0.298  0.196  0.280
 0.242  0.120  0.198
 0.193  0.126  0.117
 0.032  0.185  0.172
-0.017  0.033 -0.002
 0.033  0.073  0.024
 0.069  0.081  0.044
 0.115  0.109  0.056
-0.007  0.013  0.045
 0.096  0.077  0.076
 0.008  0.025  0.081
 0.046  0.101  0.171
-0.025  0.014  0.132
 0.023  0.033  0.093
 0.075  0.046  0.083
 0.062  0.045  0.070
 0.001  0.179  0.254
 0.067  0.014  0.039
 0.073  0.020  0.042
 0.026  0.001  0.051
 0.064  0.038  0.072
 0.042  0.037  0.090
 0.152  0.142  0.152
 0.008  0.020  0.090
 0.039  0.054  0.095
-0.029 -0.010  0.027
-0.036 -0.005  0.031
-0.038  0.190  0.272
-0.006  0.032  0.062
 0.060  0.080  0.097
 0.030  0.065  0.099
 0.143  0.127  0.116
 0.025  0.059  0.081
 0.127  0.127  0.110
 0.046  0.076  0.085
 0.129  0.138  0.089
 0.040  0.088  0.074
 0.169  0.214  0.153
 0.010  0.090  0.074
 0.109  0.201  0.156
 0.005  0.117  0.102
 0.013  0.127  0.122
-0.026  0.092  0.084
-0.008  0.097  0.079
-0.017  0.087  0.074
 0.009  0.094  0.071
 0.008  0.109  0.082
 0.062  0.162  0.116
 0.029  0.123  0.083
 0.050  0.132  0.091
 0.056  0.126  0.079
 0.041  0.115  0.081
-0.065  0.121  0.157
 0.030  0.113  0.060
 0.077  0.146  0.052
 0.033  0.124  0.047
 0.142  0.224  0.130
 0.011  0.101  0.061
 0.016  0.110  0.077
-0.008  0.082  0.045
 0.083  0.162  0.097
 0.020  0.094  0.029
 0.072  0.142  0.069
 0.060  0.123  0.052
 0.072  0.128  0.044
 0.028  0.093  0.009
 0.065  0.126  0.038
 0.017  0.081  0.007
 0.072  0.154  0.064
 0.002  0.070  0.004
 0.028  0.066  0.002
-0.000  0.034 -0.010
-0.008  0.026 -0.009
-0.033  0.014 -0.010
-0.013  0.039  0.003
-0.107  0.141  0.191
 0.006  0.042 -0.001
 0.020  0.052  0.010
 0.019  0.037  0.001
 0.017  0.042 -0.041
-0.007  0.036 -0.047
 0.078  0.094 -0.032
-0.002  0.042 -0.033
 0.053  0.104  0.015
-0.017  0.029 -0.040
 0.004  0.037 -0.039
-0.026  0.028 -0.033
 0.021  0.071  0.022
-0.052  0.076 -0.028
 0.033  0.110 -0.022
 0.104  0.136  0.031
 0.044  0.090  0.035
 0.198  0.162  0.054
 0.070  0.042  0.008
 0.126  0.133  0.052
-0.068 -0.009 -0.047
-0.064 -0.006 -0.017
-0.039 -0.008 -0.052
-0.025  0.009 -0.048
-0.117  0.071  0.110
 0.005  0.044  0.000
 0.058  0.094  0.026
 0.039  0.089  0.033
 0.194  0.216  0.114
 0.026  0.078  0.023
 0.030  0.082  0.004
-0.081  0.087  0.045
-0.030  0.027 -0.066
 0.041  0.053 -0.068
-0.023  0.008 -0.080
 0.106  0.129 -0.000
 0.014  0.053 -0.029
 0.076  0.114  0.039
-0.015  0.247  0.261
 0.070  0.110  0.052
 0.113  0.124  0.055
 0.035  0.078  0.026
 0.162  0.174  0.070
 0.032  0.073  0.003
 0.058  0.074 -0.020
 0.041  0.047 -0.037
-0.002  0.032 -0.060
-0.078  0.041  0.011
-0.024  0.033 -0.031
 0.110  0.153  0.054
 0.021  0.095  0.043
-0.030  0.063  0.030
-0.050  0.169  0.134
 0.004  0.047 -0.005
 0.074  0.063 -0.007
 0.011  0.061 -0.039
 0.048  0.136  0.047
-0.050  0.019  0.018
 0.035  0.046  0.044
 0.032  0.047  0.047
 0.013  0.060  0.050
-0.052  0.041  0.012
-0.019  0.063 -0.009
 0.117  0.116 -0.004
 0.010  0.023 -0.019
 0.000  0.081  0.002
-0.122  0.006 -0.048
-0.050  0.048 -0.007
-0.010  0.064 -0.000
 0.002  0.030 -0.031
 0.033  0.030 -0.043
 0.012  0.028 -0.006
 0.081  0.083  0.001
 0.052  0.067  0.023
 0.141  0.150  0.079
 0.044  0.053 -0.002
 0.048  0.068 -0.003
 0.082  0.179  0.107
 0.036  0.086  0.025
 0.109  0.115  0.043
 0.082  0.105  0.058
 0.196  0.209  0.140
 0.057  0.083  0.066
 0.050  0.092  0.081
 0.037  0.070  0.049
 0.040  0.068  0.050
 0.075  0.063  0.029
 0.034  0.030 -0.000
 0.127  0.106  0.059
 0.034  0.007 -0.018
 0.076  0.049  0.019
 0.141  0.093  0.039
 0.077  0.074  0.056
 0.091  0.106  0.081
 0.041  0.248  0.270
 0.047  0.065  0.043
 0.044  0.053  0.022
 0.013  0.028  0.008
 0.089  0.080  0.023
 0.028  0.057  0.017
 0.176  0.212  0.142
 0.059  0.084  0.054
 0.086  0.098  0.065
 0.090  0.091  0.063
 0.079  0.095  0.073
 0.042  0.102  0.093
 0.064  0.099  0.063
 0.167  0.171  0.090
 0.039  0.078  0.046
 0.048  0.073  0.031
 0.001  0.021 -0.013
 0.033  0.055  0.008
 0.022  0.061  0.011
 0.038  0.069  0.029
 0.173  0.158  0.071
 0.041  0.076  0.040
 0.063  0.098  0.061
 0.028  0.070  0.042
 0.049  0.089  0.042
-0.035  0.127  0.137
 0.069  0.108  0.061
 0.112  0.110  0.044
 0.058  0.088  0.031
 0.184  0.184  0.089
 0.060  0.114  0.073
 0.076  0.129  0.094
 0.096  0.173  0.150
 0.060  0.089  0.072
 0.043  0.070  0.051
 0.033  0.061  0.052
 0.103  0.110  0.052
-0.001  0.049  0.023
 0.049  0.091  0.062
-0.011  0.036  0.030
 0.028  0.070  0.059
-0.124  0.084  0.171
-0.012  0.053  0.051
-0.010  0.046  0.027
-0.056  0.022  0.010
 0.064  0.125  0.082
-0.061 -0.007 -0.010
-0.040  0.018 -0.005
-0.089 -0.019 -0.034
-0.052  0.008 -0.014
-0.094  0.031  0.049
-0.006  0.050  0.031
 0.043  0.076  0.046
 0.001  0.061  0.050
 0.057  0.085  0.048
-0.028  0.017  0.000
 0.094  0.127  0.067
-0.052 -0.001 -0.017
-0.039 -0.001 -0.016
-0.040 -0.000 -0.018
-0.071 -0.016 -0.035
-0.032  0.012 -0.009
-0.031  0.019 -0.005
 0.061  0.116  0.074
-0.010  0.040  0.032
 0.018  0.074  0.055
 0.077  0.100  0.064
 0.010  0.077  0.056
 0.033  0.105  0.059
-0.096  0.136  0.174
 0.074  0.128  0.066
 0.142  0.156  0.059
 0.074  0.124  0.059
 0.197  0.241  0.134
 0.059  0.136  0.070
 0.079  0.155  0.068
 0.061  0.148  0.042
 0.077  0.140  0.044
 0.082  0.126  0.025
 0.069  0.105  0.015
 0.154  0.155  0.034
 0.042  0.103  0.020
 0.044  0.130  0.032
 0.048  0.186  0.113
 0.031  0.106  0.023
 0.024  0.079 -0.006
-0.042  0.033 -0.052
 0.075  0.133  0.012
-0.059 -0.002 -0.085
-0.022  0.031 -0.056
-0.019  0.034 -0.053
-0.022  0.035 -0.045
 0.044  0.075 -0.034
-0.014  0.068 -0.011
 0.064  0.171  0.077
 0.019  0.102  0.021
 0.019  0.096  0.024
 0.045  0.096  0.009
-0.005  0.061 -0.013
 0.106  0.164  0.034
-0.041  0.044 -0.045
-0.001  0.063 -0.037
 0.009  0.074 -0.033
 0.001  0.078 -0.015
-0.112  0.137  0.130
 0.003  0.098  0.013
 0.008  0.118  0.007
 0.001  0.115  0.020
 0.090  0.154  0.011
-0.007  0.082 -0.023
 0.034  0.143  0.019
-0.061  0.054 -0.056
-0.053  0.063 -0.060
-0.053  0.065 -0.065
-0.059  0.069 -0.042
 0.059  0.178  0.031
-0.052  0.257  0.195
-0.026  0.090 -0.032
 0.088  0.183  0.032
-0.059  0.051 -0.051
-0.073  0.057 -0.048
-0.081  0.072 -0.039
-0.082  0.066 -0.020
 0.043  0.155  0.015
-0.067  0.058 -0.026
-0.069  0.086 -0.005
-0.073  0.062 -0.020
-0.071  0.083 -0.006
-0.063  0.106  0.014
-0.046  0.097 -0.006
 0.069  0.157  0.007
-0.002  0.121  0.003
 0.094  0.214  0.074
 0.040  0.175  0.030
 0.059  0.204  0.055
 0.021  0.208  0.102
 0.021  0.174  0.064
 0.039  0.186  0.062
-0.069  0.120  0.041
-0.045  0.199  0.105
-0.203  0.070  0.026
-0.209  0.066  0.028
-0.188  0.090  0.058
-0.148  0.102  0.053
-0.034  0.181  0.096
-0.038  0.176  0.095
 0.098  0.281  0.161
-0.010  0.175  0.075
-0.024  0.183  0.073
-0.131  0.279  0.240
 0.038  0.218  0.043
 0.107  0.257  0.063
 0.059  0.209  0.048
 0.236  0.364  0.154
 0.195  0.302  0.111
 0.278  0.357  0.131
 0.280  0.357  0.104
 0.287  0.381  0.125
 0.302  0.381  0.130
 0.275  0.355  0.121
 0.397  0.422  0.152
 0.271  0.317  0.085
 0.360  0.406  0.137
 0.191  0.272  0.043
 0.196  0.290  0.065
 0.152  0.247  0.046
 0.154  0.244  0.051
 0.163  0.264  0.076
 0.143  0.233  0.062
 0.156  0.259  0.091
 0.099  0.222  0.112
 0.152  0.281  0.230
-0.037  0.142  0.069
 0.122  0.182  0.078
 0.063  0.343  0.364
 0.049  0.141  0.032
 0.025  0.096  0.027
 0.132  0.103  0.066
 0.319  0.255  0.095
 0.099  0.114 -0.004
 0.098  0.132  0.021
 0.044  0.088 -0.007
 0.040  0.085 -0.010
 0.054  0.083 -0.019
 0.027  0.063 -0.020
 0.148  0.152  0.029
 0.013  0.061 -0.009
 0.058  0.121  0.032
 0.001  0.067 -0.014
 0.014  0.074 -0.021
-0.103  0.093  0.070
 0.002  0.054 -0.056
 0.031  0.074 -0.057
-0.026  0.054 -0.063
 0.159  0.204  0.011
 0.018  0.095 -0.048
 0.056  0.118 -0.019
 0.054  0.282  0.190
 0.035  0.092 -0.023
 0.026  0.089 -0.021
 0.015  0.075 -0.041
 0.106  0.127 -0.046
 0.047  0.087 -0.069
 0.119  0.140 -0.024
 0.049  0.050 -0.095
 0.058  0.063 -0.096
-0.001  0.214  0.125
 0.017  0.051 -0.078
-0.110  0.112  0.074
 0.011  0.060 -0.037
-0.045  0.063 -0.001
-0.028  0.031 -0.046
-0.087  0.022 -0.010
-0.067 -0.016 -0.056
-0.093 -0.024 -0.052
-0.109 -0.043 -0.077
-0.056  0.003 -0.057
-0.123 -0.019 -0.055
-0.056  0.065  0.016
-0.135 -0.019 -0.035
-0.103  0.001 -0.027
-0.109 -0.001 -0.015
-0.088  0.020 -0.004
-0.107  0.011 -0.013
-0.060  0.038  0.002
-0.113  0.179  0.217
-0.062  0.016 -0.021
-0.084  0.029 -0.007
-0.069  0.025 -0.018
-0.001  0.062 -0.011
-0.059  0.015 -0.019
 0.021  0.093  0.036
-0.113 -0.018 -0.050
-0.063  0.035 -0.005
-0.085 -0.003 -0.004
-0.036  0.023  0.062
-0.217 -0.080 -0.021
-0.265 -0.088 -0.091
-0.114  0.048  0.085
-0.043  0.038  0.070
-0.146 -0.033 -0.031
-0.288 -0.108 -0.126
-0.166 -0.027 -0.000
-0.224 -0.063 -0.047
-0.166 -0.006 -0.056
-0.242 -0.079 -0.111
-0.226 -0.071 -0.106
-0.190 -0.063 -0.114
-0.203 -0.076 -0.113
-0.168 -0.034 -0.084
-0.144 -0.026 -0.100
-0.152 -0.036 -0.100
-0.124 -0.030 -0.094
-0.220 -0.090 -0.115
-0.221 -0.095 -0.115
-0.282 -0.130 -0.119
-0.254 -0.105 -0.107
-0.261 -0.105 -0.113
-0.167 -0.047 -0.085
-0.201 -0.063 -0.071
-0.042  0.059  0.007
-0.183 -0.063 -0.064
-0.142 -0.026 -0.046
-0.151 -0.035 -0.070
-0.093 -0.010 -0.054
-0.116 -0.008 -0.038
-0.113 -0.025 -0.055
-0.074 -0.016 -0.061
-0.126 -0.043 -0.069
-0.029  0.018 -0.046
-0.100 -0.019 -0.056
 0.036  0.062 -0.011
-0.075 -0.026 -0.046
 0.057  0.086  0.026
-0.070 -0.036 -0.063
-0.032  0.019 -0.036
-0.093 -0.038 -0.079
-0.068 -0.023 -0.062
-0.154 -0.034 -0.025
-0.101 -0.058 -0.084
-0.047 -0.044 -0.091
-0.076 -0.059 -0.076
 0.014  0.002 -0.055
-0.111 -0.073 -0.092
-0.073 -0.036 -0.064
-0.103 -0.074 -0.083
-0.083 -0.063 -0.087
-0.093 -0.072 -0.087
-0.037 -0.035 -0.072
 0.009 -0.016 -0.071
 0.033  0.005 -0.049
 0.008 -0.016 -0.057
 0.009 -0.011 -0.059
-0.026 -0.049 -0.090
-0.015 -0.045 -0.092
-0.041 -0.066 -0.113
-0.012 -0.039 -0.109
 0.021 -0.011 -0.086
-0.000 -0.031 -0.089
-0.072 -0.003 -0.014
 0.012 -0.006 -0.057
 0.016  0.002 -0.046
 0.016 -0.002 -0.057
 0.015 -0.000 -0.067
-0.075 -0.055 -0.071
 0.047  0.019 -0.035
-0.055 -0.079 -0.065
 0.089  0.041  0.019
-0.037 -0.068 -0.047
 0.082  0.061  0.046
-0.018 -0.046 -0.022
-0.002 -0.028 -0.010
-0.026 -0.053 -0.024
-0.016 -0.051 -0.022
-0.043 -0.068 -0.043
-0.015 -0.034 -0.039
 0.007 -0.002 -0.010
 0.044  0.002 -0.011
 0.068  0.010 -0.010
 0.035 -0.013 -0.018
 0.084  0.018  0.008
 0.051  0.009  0.012
 0.076  0.049  0.016
-0.012 -0.007  0.007
 0.118  0.102  0.089
-0.026 -0.031  0.064
 0.063  0.084  0.150
-0.056 -0.067 -0.036
 0.196  0.118  0.113
 0.158  0.118  0.125
 0.155  0.135  0.092
 0.030  0.067  0.000
 0.003  0.016 -0.065
 0.056  0.036 -0.086
-0.029 -0.020 -0.114
 0.113  0.103 -0.039
-0.028 -0.013 -0.133
-0.013  0.010 -0.125
-0.061  0.183  0.109
-0.007  0.010 -0.110
-0.019  0.016 -0.071
-0.000  0.024 -0.059
 0.038  0.063 -0.037
 0.042  0.076 -0.035
 0.181  0.187  0.012
 0.061  0.083 -0.021
 0.147  0.114  0.045
 0.132  0.072  0.076
 0.153  0.069  0.078
-0.020  0.066  0.101
-0.073 -0.046 -0.100
-0.094  0.008 -0.002
-0.066  0.030  0.112
-0.114  0.010  0.015
-0.085 -0.006 -0.076
 0.026  0.013 -0.049
 0.046 -0.002 -0.059
 0.042 -0.023 -0.083
 0.172  0.103 -0.012
 0.024 -0.003 -0.059
 0.035  0.001 -0.063
-0.016 -0.037 -0.065
-0.026 -0.025 -0.055
 0.008  0.165  0.153
-0.023 -0.023 -0.028
 0.002 -0.029 -0.013
-0.017 -0.050 -0.037
 0.041 -0.019 -0.026
-0.044 -0.055 -0.051
 0.074  0.036 -0.032
-0.006 -0.017 -0.066
 0.038 -0.012 -0.038
 0.060  0.080  0.091
-0.002 -0.049 -0.035
-0.052 -0.036 -0.055
-0.136 -0.055 -0.060
-0.046  0.008 -0.011
-0.114 -0.044 -0.032
-0.060 -0.023 -0.042
-0.111 -0.068 -0.060
-0.086 -0.044 -0.016
-0.196  0.011  0.125
-0.037 -0.061 -0.063
-0.033 -0.059 -0.043
-0.042 -0.045 -0.011
 0.085  0.032  0.021
-0.032 -0.056 -0.016
 0.008 -0.032 -0.005
-0.022 -0.071 -0.043
-0.010 -0.051 -0.026
 0.016 -0.051 -0.034
 0.013 -0.056 -0.025
 0.102 -0.002 -0.006
-0.031 -0.086 -0.041
 0.018 -0.016  0.001
-0.060 -0.078 -0.031
-0.065 -0.052 -0.010
-0.099 -0.059  0.035
-0.056 -0.080 -0.019
 0.034 -0.030  0.003
-0.031 -0.074 -0.025
 0.024 -0.034  0.003
-0.088  0.045  0.172
 0.023 -0.056 -0.027
 0.129  0.006 -0.017
 0.013 -0.060 -0.022
-0.000 -0.061 -0.020
 0.032 -0.052 -0.019
-0.030 -0.090 -0.030
 0.003 -0.055 -0.022
-0.103  0.031  0.191
 0.031 -0.037  0.008
 0.112  0.011  0.029
 0.093  0.010  0.061
 0.226  0.133  0.150
 0.111  0.026  0.141
 0.123  0.041  0.163
-0.055  0.133  0.254
 0.015 -0.038 -0.011
 0.109 -0.005 -0.013
 0.112  0.015  0.008
 0.153  0.108 -0.009
-0.027 -0.056 -0.101
 0.023 -0.046 -0.014
 0.008 -0.045  0.001
-0.004 -0.055 -0.063
 0.133  0.053 -0.001
 0.000 -0.060 -0.033
 0.023 -0.042 -0.047
-0.094 -0.069 -0.031
 0.038 -0.045 -0.054
 0.069 -0.045  0.054
 0.008 -0.083  0.095
 0.147  0.028  0.117
-0.020 -0.087 -0.020
 0.010 -0.056 -0.013
-0.010 -0.075 -0.019
 0.030 -0.026  0.018
-0.086  0.013  0.131
 0.043 -0.020  0.026
 0.072 -0.021  0.004
-0.000 -0.061 -0.024
 0.139  0.046  0.032
-0.008 -0.065 -0.043
 0.035 -0.007 -0.001
-0.007 -0.046 -0.050
 0.023 -0.013 -0.023
 0.045 -0.001 -0.008
 0.033 -0.009 -0.012
 0.107  0.039  0.003
 0.014 -0.010 -0.024
 0.060  0.025  0.007
 0.025  0.179  0.224
 0.049 -0.025  0.045
 0.028 -0.054  0.043
-0.022 -0.084  0.005
 0.104  0.019  0.060
-0.031 -0.076  0.004
-0.029 -0.030  0.014
-0.158  0.011  0.077
-0.025 -0.048 -0.084
-0.074 -0.089 -0.108
-0.129 -0.112 -0.136
 0.025 -0.040 -0.092
 0.006 -0.085 -0.094
 0.053 -0.038 -0.072
 0.038 -0.061 -0.104
 0.045 -0.026 -0.089
-0.010 -0.037 -0.068
-0.032 -0.061 -0.080
 0.003 -0.030 -0.065
-0.054 -0.053 -0.065
 0.014 -0.003 -0.043
 0.010 -0.030 -0.060
-0.006 -0.045 -0.046
-0.016 -0.056 -0.071
-0.037 -0.072 -0.070
 0.111  0.064  0.021
-0.027 -0.068 -0.065
 0.003 -0.041 -0.057
-0.070  0.102  0.150
 0.024 -0.033 -0.053
 0.034 -0.021 -0.057
-0.008 -0.039 -0.080
 0.078  0.017 -0.070
-0.037 -0.044 -0.094
 0.036  0.007 -0.035
-0.035 -0.050 -0.042
 0.040  0.003  0.055
-0.003  0.030  0.067
 0.064  0.056 -0.037
 0.201  0.127 -0.029
 0.100  0.025 -0.016
 0.104  0.043  0.014
 0.038  0.002 -0.020
-0.029 -0.031 -0.071
-0.033 -0.009 -0.102
-0.025 -0.010 -0.101
 0.076  0.042 -0.048
 0.008 -0.037 -0.029
 0.043  0.017  0.011
-0.107 -0.099 -0.065
-0.035 -0.058 -0.067
-0.006 -0.019 -0.049
 0.008 -0.009 -0.028
 0.058  0.022 -0.017
 0.039 -0.011 -0.004
 0.062  0.018  0.004
 0.056  0.061  0.055
-0.018 -0.069  0.005
 0.004 -0.050  0.024
-0.077 -0.077  0.014
 0.043  0.008  0.044
-0.025 -0.046  0.040
 0.085  0.066  0.097
 0.019 -0.022 -0.008
 0.034 -0.014 -0.001
-0.060 -0.046  0.005
-0.042 -0.070 -0.044
 0.011 -0.040 -0.036
 0.016 -0.033 -0.009
 0.132  0.086  0.077
 0.048  0.001  0.023
 0.085  0.014  0.038
-0.026  0.117  0.233
 0.050  0.003  0.024
 0.064  0.021  0.031
 0.011 -0.019  0.011
 0.119  0.082  0.082
-0.025 -0.047 -0.030
-0.006 -0.028 -0.012
-0.014  0.157  0.214
 0.002 -0.006 -0.002
 0.045  0.036  0.017
-0.016 -0.012 -0.019
 0.002  0.034  0.007
-0.047  0.193  0.241
 0.009  0.039  0.026
 0.116  0.122  0.059
-0.030  0.037  0.031
 0.080  0.105  0.182
 0.118  0.129  0.113
 0.034  0.066  0.053
 0.036  0.054  0.037
-0.106  0.108  0.189
 0.049  0.056  0.029
 0.108  0.099  0.043
 0.098  0.101  0.055
 0.273  0.228  0.130
 0.105  0.087  0.054
 0.096  0.099  0.078
 0.011  0.036  0.040
 0.030  0.057  0.042
-0.006  0.069  0.059
 0.077  0.103  0.051
 0.299  0.232  0.113
 0.200  0.158  0.073
 0.182  0.138  0.055
 0.152  0.117  0.033
 0.118  0.110  0.049
 0.122  0.106  0.043
 0.122  0.091  0.048
 0.242  0.198  0.130
 0.079  0.051  0.028
 0.076  0.032  0.015
 0.042  0.201  0.228
 0.041  0.023  0.010
 0.070  0.043  0.013
-0.015 -0.007  0.067
 0.032  0.052  0.135
-0.164 -0.096 -0.030
-0.153 -0.091 -0.075
-0.174  0.085  0.163
-0.125 -0.045 -0.020
-0.056 -0.010 -0.016
-0.122 -0.059 -0.030
-0.099 -0.046 -0.035
-0.095  0.071  0.126
-0.125 -0.091 -0.038
-0.117 -0.104 -0.080
-0.220 -0.161 -0.119
-0.199 -0.151 -0.118
-0.349 -0.068  0.060
-0.239 -0.133 -0.087
-0.135 -0.047 -0.028
-0.299 -0.171 -0.089
-0.236 -0.148 -0.097
-0.171 -0.118 -0.073
-0.105 -0.099 -0.046
 0.097  0.052  0.066
-0.011 -0.036 -0.018
 0.018 -0.005 -0.012
-0.044  0.158  0.214
-0.072 -0.046 -0.053
-0.020 -0.030 -0.057
-0.033 -0.047 -0.045
 0.092  0.045 -0.008
-0.053 -0.057 -0.051
 0.017  0.031 -0.001
-0.068 -0.050 -0.047
-0.024 -0.015 -0.019
-0.086  0.005  0.027
-0.023 -0.003 -0.035
 0.025  0.018 -0.046
-0.045 -0.018 -0.066
 0.021  0.038  0.027
-0.030  0.144  0.231
 0.066  0.042 -0.052
 0.117  0.053 -0.071
 0.008 -0.022 -0.103
 0.039  0.075 -0.055
-0.113 -0.045 -0.126
-0.009 -0.004 -0.104
-0.061  0.006 -0.064
-0.069 -0.033 -0.108
-0.043 -0.038 -0.111
-0.095 -0.069 -0.126
 0.039  0.029 -0.056
-0.071 -0.046 -0.080
-0.013  0.013 -0.054
-0.054 -0.035 -0.089
-0.025 -0.008 -0.075
-0.091  0.010 -0.038
-0.062 -0.027 -0.082
 0.019  0.002 -0.083
-0.088 -0.064 -0.112
-0.075 -0.042 -0.097
-0.096 -0.074 -0.134
-0.065 -0.042 -0.112
 0.008 -0.014 -0.085
-0.045 -0.036 -0.080
 0.091  0.083  0.001
-0.020 -0.009 -0.051
 0.038  0.031 -0.035
 0.055  0.055 -0.017
 0.049  0.048 -0.015
 0.202  0.178  0.056
 0.063  0.073 -0.009
 0.096  0.098  0.004
 0.118  0.127  0.042
 0.159  0.129  0.047
 0.283  0.220  0.112
 0.144  0.118  0.085
 0.147  0.137  0.087
 0.170  0.164  0.085
 0.156  0.165  0.090
 0.244  0.244  0.139
 0.138  0.142  0.025
 0.085  0.126  0.027
 0.107  0.148  0.027
 0.079  0.142  0.048
 0.097  0.167  0.061
 0.085  0.154  0.071
 0.060  0.125  0.071
 0.188  0.242  0.165
 0.104  0.146  0.081
 0.099  0.141  0.083
 0.144  0.165  0.078
 0.065  0.108  0.062
 0.057  0.099  0.052
-0.058  0.202  0.250
 0.003  0.063  0.029
 0.035  0.090  0.028
-0.035  0.040  0.015
 0.005  0.051  0.043
-0.135  0.107  0.228
-0.016  0.017  0.017
-0.017  0.024  0.010
-0.049  0.023  0.010
 0.063  0.144  0.093
-0.072 -0.007 -0.020
-0.044 -0.019 -0.039
-0.034 -0.028 -0.045
-0.039 -0.039 -0.071
 0.100  0.085  0.002
-0.047 -0.043 -0.060
-0.013 -0.029 -0.047
 0.005 -0.030 -0.026
-0.018 -0.042 -0.013
 0.120  0.066  0.054
 0.003 -0.038 -0.013
-0.027 -0.050 -0.016
 0.039 -0.006 -0.006
-0.006 -0.016 -0.007
 0.004  0.003 -0.001
-0.043 -0.068 -0.056
-0.016 -0.059 -0.044
-0.090 -0.068 -0.009
-0.045 -0.085 -0.055
-0.021 -0.080 -0.076
-0.055 -0.094 -0.082
 0.039 -0.002  0.002
-0.090 -0.154 -0.098
-0.074 -0.154 -0.107
-0.188 -0.030  0.070
-0.077 -0.094 -0.082
-0.038 -0.074 -0.074
-0.175 -0.137 -0.089
-0.015 -0.020 -0.026
-0.072 -0.124 -0.075
 0.009 -0.104 -0.043
-0.044 -0.096 -0.047
-0.014 -0.093 -0.066
 0.142  0.018 -0.017
-0.035 -0.105 -0.073
-0.012 -0.103 -0.071
-0.052 -0.126 -0.085
-0.032 -0.101 -0.082
-0.093 -0.092 -0.040
-0.042 -0.104 -0.070
 0.051 -0.049 -0.055
-0.080 -0.129 -0.086
-0.045 -0.116 -0.076
-0.082 -0.158 -0.099
-0.045 -0.130 -0.079
-0.004  0.012  0.056
-0.037 -0.110 -0.076
-0.008 -0.105 -0.076
-0.051 -0.132 -0.075
 0.019 -0.094 -0.067
-0.080 -0.154 -0.087
 0.053 -0.031 -0.017
-0.078 -0.146 -0.083
-0.036 -0.119 -0.070
-0.091  0.030  0.148
-0.042 -0.125 -0.077
-0.011 -0.105 -0.073
-0.070 -0.126 -0.072
 0.051 -0.010 -0.013
-0.085 -0.130 -0.091
-0.059 -0.117 -0.074
-0.183 -0.116  0.002
-0.091 -0.144 -0.085
-0.081 -0.126 -0.079
-0.107 -0.136 -0.096
 0.045 -0.041 -0.047
-0.091 -0.136 -0.088
-0.066 -0.122 -0.086
-0.117 -0.168 -0.110
-0.106 -0.138 -0.088
-0.134 -0.124 -0.063
-0.120 -0.116 -0.073
 0.012 -0.045 -0.021
-0.101 -0.126 -0.016
-0.084 -0.108  0.028
-0.085 -0.042  0.032
-0.105 -0.113 -0.082
-0.063 -0.099 -0.090
-0.110 -0.125 -0.086
-0.030 -0.065 -0.032
-0.080 -0.113 -0.059
-0.048 -0.091 -0.040
-0.180 -0.062  0.063
-0.074 -0.096 -0.060
-0.117 -0.106 -0.080
-0.112 -0.107 -0.097
-0.005 -0.046 -0.088
-0.063 -0.077 -0.084
 0.086  0.045 -0.025
-0.052 -0.068 -0.077
 0.012  0.024 -0.005
-0.073 -0.051 -0.061
-0.050 -0.050 -0.037
-0.036  0.106  0.153
-0.056 -0.061 -0.027
-0.096 -0.065 -0.025
-0.065 -0.072 -0.046
-0.032 -0.065 -0.061
-0.054 -0.062 -0.057
 0.057  0.015 -0.023
-0.068 -0.064 -0.043
 0.027  0.036  0.037
-0.065 -0.050 -0.021
 0.007  0.025  0.035
-0.065 -0.058 -0.039
-0.054 -0.051 -0.053
-0.045 -0.062 -0.063
-0.069 -0.083 -0.058
 0.060  0.037  0.017
-0.070 -0.075 -0.048
-0.037 -0.036 -0.009
-0.105 -0.030  0.018
-0.066 -0.030 -0.009
 0.062  0.033 -0.003
-0.013 -0.017  0.005
 0.060  0.040  0.044
 0.028 -0.018  0.038
 0.027  0.013  0.034
-0.151  0.084  0.165
-0.024  0.013  0.012
 0.001  0.033  0.022
-0.045  0.008  0.018
 0.062  0.115  0.106
-0.050  0.029  0.051
-0.003  0.037  0.033
 0.038  0.042  0.030
 0.027  0.028  0.046
 0.177  0.163  0.150
 0.016  0.024  0.049
 0.007  0.031  0.056
 0.025  0.049  0.040
-0.007  0.036  0.040
 0.146  0.147  0.121
 0.043  0.020  0.059
 0.055  0.029  0.066
 0.031  0.193  0.256
 0.048  0.041  0.019
 0.112  0.090  0.025
 0.062  0.049  0.040
 0.199  0.139  0.144
 0.022 -0.004  0.097
 0.033 -0.007  0.069
 0.026 -0.013  0.021
 0.016 -0.003  0.007
-0.016 -0.026  0.025
-0.031 -0.024 -0.026
 0.062  0.101  0.018
-0.031  0.042  0.011
 0.075  0.095  0.027
 0.046  0.121  0.054
 0.032  0.060  0.000
 0.104  0.088  0.017
 0.032  0.061 -0.004
 0.189  0.200  0.069
 0.082  0.092  0.014
 0.111  0.102  0.013
 0.104  0.263  0.203
 0.076  0.071 -0.026
 0.067  0.072 -0.020
 0.058  0.071 -0.025
 0.162  0.141  0.005
 0.044  0.066 -0.024
 0.082  0.105  0.010
 0.012  0.050 -0.005
 0.025  0.063  0.006
 0.041  0.078  0.007
 0.027  0.073  0.003
 0.150  0.183  0.082
-0.001  0.044 -0.003
 0.017  0.059 -0.002
 0.062  0.099  0.019
 0.029  0.101  0.038
 0.051  0.137  0.067
 0.062  0.201  0.146
 0.035  0.103  0.055
 0.097  0.117  0.047
 0.025  0.055  0.026
 0.031  0.042 -0.003
 0.043  0.067  0.016
 0.073  0.083  0.020
 0.196  0.186  0.072
 0.068  0.104  0.026
 0.138  0.164  0.062
 0.067  0.094  0.032
 0.077  0.088  0.027
 0.074  0.066  0.008
 0.113  0.080  0.016
 0.160  0.176  0.086
 0.092  0.067 -0.011
 0.055  0.034 -0.019
-0.001 -0.004 -0.015
 0.101  0.077  0.009
-0.007 -0.009 -0.040
 0.042  0.024 -0.028
 0.063  0.112  0.045
 0.019 -0.008 -0.048
 0.046 -0.008 -0.048
-0.014 -0.070 -0.081
 0.102  0.032 -0.022
-0.065 -0.090 -0.087
-0.024 -0.024 -0.053
-0.063 -0.062 -0.070
-0.070 -0.085 -0.070
-0.051 -0.069 -0.061
-0.059 -0.074 -0.060
-0.083 -0.094 -0.067
-0.088 -0.075 -0.057
-0.036  0.035  0.043
-0.042 -0.030 -0.018
-0.094 -0.096 -0.083
-0.096 -0.127 -0.120
-0.055 -0.105 -0.120
-0.113 -0.132 -0.109
 0.016  0.001 -0.033
-0.108 -0.101 -0.091
-0.086 -0.095 -0.079
-0.023 -0.067 -0.056
-0.055 -0.091 -0.074
 0.063 -0.011 -0.050
-0.072 -0.097 -0.092
-0.066 -0.078 -0.093
-0.048 -0.073 -0.079
-0.033 -0.058 -0.047
-0.138 -0.032  0.069
-0.054 -0.079 -0.036
-0.128 -0.046  0.034
-0.075 -0.059 -0.015
-0.037 -0.036 -0.007
-0.112 -0.088 -0.029
 0.016 -0.022 -0.007
-0.071 -0.046 -0.001
 0.108  0.141  0.105
-0.004  0.055  0.041
 0.014  0.062  0.053
-0.125  0.099  0.214
-0.032  0.002  0.057
-0.021  0.006  0.062
-0.075 -0.024  0.051
 0.035  0.050  0.070
-0.082 -0.025  0.040
-0.067 -0.032  0.032
-0.050 -0.029  0.027
-0.069 -0.058  0.016
-0.072 -0.051  0.021
-0.054 -0.042  0.024
-0.019 -0.014  0.024
-0.067 -0.040  0.034
 0.078  0.053  0.083
-0.059 -0.051  0.034
 0.021  0.039  0.094
-0.090 -0.054  0.014
-0.066 -0.021  0.021
-0.107 -0.066 -0.008
-0.084 -0.063 -0.021
-0.033 -0.008 -0.019
-0.029 -0.013 -0.003
-0.048  0.138  0.197
-0.116 -0.072 -0.006
-0.125 -0.049  0.008
-0.067 -0.063 -0.006
 0.025 -0.037  0.003
 0.008 -0.032  0.008
 0.181  0.133  0.072
 0.040  0.028  0.015
 0.010 -0.003  0.007
-0.172  0.026  0.148
-0.089 -0.080 -0.019
 0.041  0.013  0.040
-0.086 -0.071  0.013
-0.061 -0.054  0.031
-0.057 -0.046  0.024
-0.002 -0.015  0.015
-0.007 -0.003  0.021
 0.026 -0.034 -0.026
 0.033 -0.041 -0.021
-0.009 -0.075 -0.030
-0.028 -0.045 -0.027
-0.079 -0.037 -0.031
-0.042 -0.023 -0.017
-0.175 -0.109 -0.036
-0.043 -0.038  0.004
-0.109 -0.067  0.011
-0.030 -0.019  0.005
-0.067 -0.050  0.004
 0.093  0.080  0.083
-0.048 -0.042  0.004
-0.020 -0.016  0.016
-0.038 -0.037 -0.003
 0.005 -0.014 -0.002
-0.083  0.085  0.192
 0.040  0.024  0.036
 0.077  0.043  0.035
-0.001 -0.004  0.024
 0.115  0.072  0.054
-0.034 -0.040 -0.007
 0.049  0.033  0.027
-0.016 -0.045 -0.052
-0.025 -0.052 -0.068
-0.126 -0.050 -0.001
-0.043 -0.089 -0.077
-0.036 -0.087 -0.059
-0.052 -0.101 -0.059
 0.007 -0.071 -0.044
-0.053 -0.097 -0.038
 0.064 -0.006  0.004
-0.090 -0.102 -0.012
 0.036 -0.024  0.027
-0.088 -0.100 -0.018
-0.020 -0.038 -0.005
-0.050 -0.044 -0.003
 0.070  0.042  0.041
-0.092 -0.056  0.008
-0.006  0.026  0.055
-0.106 -0.070 -0.031
-0.019 -0.034 -0.020
-0.003 -0.037  0.001
-0.024 -0.032 -0.042
 0.049  0.029  0.032
 0.054  0.038  0.034
 0.138  0.096  0.064
-0.016 -0.013  0.020
 0.063  0.077  0.098
-0.026 -0.014  0.047
 0.038  0.035  0.081
-0.003 -0.020  0.036
 0.053 -0.003  0.046
-0.007 -0.006  0.060
 0.010 -0.030  0.005
 0.018 -0.026 -0.012
-0.007 -0.034 -0.006
 0.059  0.018  0.032
-0.035 -0.037  0.019
 0.035  0.015  0.040
 0.001 -0.046 -0.040
 0.020 -0.052 -0.045
 0.028 -0.066 -0.064
 0.022 -0.055 -0.020
 0.056  0.030  0.024
-0.074 -0.067 -0.034
-0.046 -0.045 -0.009
-0.014 -0.016 -0.002
-0.037 -0.022 -0.001
 0.074  0.083  0.059
-0.065 -0.059 -0.034
-0.052 -0.065 -0.019
-0.052 -0.037  0.028
-0.014 -0.008  0.023
 0.123  0.082  0.060
 0.009 -0.001  0.030
 0.021 -0.003  0.030
-0.003 -0.012  0.037
 0.022 -0.019  0.024
 0.144  0.090  0.087
 0.005 -0.015  0.032
 0.032  0.001  0.044
 0.041  0.004  0.031
 0.011 -0.016  0.016
 0.117  0.060  0.034
 0.022  0.008  0.005
 0.069  0.056  0.035
 0.097  0.104  0.075
 0.080  0.073  0.055
 0.073  0.065  0.034
 0.070  0.063  0.031
 0.171  0.126  0.050
 0.099  0.061  0.034
 0.116  0.077  0.044
 0.062  0.021  0.002
 0.051  0.018 -0.007
 0.002  0.007  0.016
-0.004 -0.017 -0.008
 0.122  0.075  0.029
 0.007 -0.015 -0.022
 0.032  0.006 -0.004
-0.059 -0.027 -0.019
-0.088 -0.068 -0.058
 0.019  0.005 -0.035
-0.040 -0.034 -0.071
 0.051  0.003 -0.042
 0.063  0.170  0.165
 0.039 -0.033 -0.025
 0.058 -0.015 -0.002
 0.023 -0.017 -0.013
 0.037  0.001 -0.023
-0.018 -0.028 -0.018
 0.107  0.054  0.032
-0.012 -0.068 -0.023
-0.012 -0.056 -0.022
-0.066 -0.098 -0.059
-0.066 -0.079 -0.057
-0.118 -0.051 -0.010
-0.043 -0.043 -0.018
 0.067  0.023  0.013
-0.044 -0.056 -0.017
 0.030  0.017  0.013
-0.030 -0.061 -0.048
 0.007 -0.039 -0.046
 0.008  0.018  0.030
-0.066 -0.096 -0.067
-0.023 -0.053 -0.052
-0.129 -0.091 -0.079
-0.024 -0.015 -0.007
-0.115 -0.096 -0.074
-0.086 -0.054 -0.031
-0.067 -0.050 -0.042
-0.092 -0.082 -0.064
 0.046  0.010 -0.000
-0.091 -0.083 -0.035
-0.060 -0.062 -0.033
-0.071 -0.092 -0.068
-0.017 -0.059 -0.039
-0.016 -0.048 -0.014
-0.027 -0.055 -0.015
 0.015 -0.042 -0.014
-0.042 -0.069 -0.017
 0.063 -0.007  0.002
-0.022 -0.057 -0.016
 0.011 -0.030  0.005
-0.054 -0.112 -0.052
-0.036 -0.092 -0.043
-0.153 -0.026  0.112
-0.046 -0.071 -0.048
 0.033 -0.001 -0.034
-0.014 -0.009 -0.023
 0.017  0.026  0.001
-0.058  0.146  0.194
 0.026  0.006 -0.030
 0.103  0.053 -0.022
-0.007 -0.015 -0.036
 0.005 -0.006 -0.036
 0.086  0.043 -0.017
-0.009 -0.008 -0.029
 0.017  0.006 -0.031
 0.014 -0.010 -0.046
-0.007 -0.036 -0.051
 0.132  0.062  0.013
 0.010 -0.031 -0.034
 0.063  0.033  0.008
-0.000 -0.015 -0.031
 0.053  0.023 -0.002
-0.102  0.054  0.111
 0.011 -0.021 -0.039
 0.040 -0.016 -0.039
-0.009 -0.043 -0.046
 0.034 -0.025 -0.041
 0.003 -0.029 -0.026
 0.147  0.094  0.038
-0.024 -0.057 -0.049
-0.013 -0.062 -0.053
-0.094 -0.044  0.028
-0.007 -0.077 -0.053
 0.003 -0.071 -0.062
-0.034 -0.075 -0.048
 0.110  0.063  0.038
-0.065 -0.081 -0.057
-0.132 -0.107 -0.065
-0.312 -0.051  0.083
-0.117 -0.109 -0.117
-0.070 -0.092 -0.123
-0.068 -0.095 -0.138
-0.037 -0.067 -0.139
-0.081 -0.084 -0.121
-0.084 -0.063 -0.096
-0.146 -0.057 -0.044
-0.074 -0.075 -0.078
-0.065 -0.060 -0.062
-0.051 -0.059 -0.046
-0.038 -0.038 -0.044
-0.048 -0.035 -0.031
 0.068  0.040 -0.009
-0.031 -0.038 -0.039
 0.025  0.011 -0.005
-0.050 -0.061 -0.054
-0.021 -0.040 -0.047
-0.013 -0.040 -0.058
 0.000 -0.020 -0.038
 0.018 -0.017 -0.036
-0.023 -0.042 -0.045
 0.070 -0.002 -0.043
-0.020 -0.069 -0.057
 0.067 -0.015 -0.036
-0.028 -0.058 -0.054
 0.057  0.005 -0.032
 0.002 -0.027 -0.039
 0.144  0.097  0.037
 0.005 -0.031 -0.031
 0.034 -0.019 -0.028
 0.008 -0.056 -0.055
-0.001 -0.056 -0.061
 0.033  0.003 -0.010
 0.001 -0.045 -0.058
 0.010 -0.034 -0.048
-0.020 -0.063 -0.047
 0.067 -0.020 -0.040
-0.036 -0.085 -0.056
 0.104  0.020 -0.005
-0.006 -0.042 -0.025
 0.104  0.070  0.053
 0.013 -0.038 -0.020
 0.020 -0.042 -0.033
-0.015 -0.079 -0.070
-0.005 -0.063 -0.068
-0.000 -0.057 -0.056
 0.090  0.052  0.025
 0.006 -0.034 -0.029
 0.020 -0.022 -0.015
-0.011 -0.054 -0.041
 0.024 -0.031 -0.026
-0.069  0.073  0.164
 0.027 -0.021 -0.018
-0.002 -0.035 -0.044
-0.005 -0.034 -0.039
 0.091  0.027 -0.009
-0.051 -0.063 -0.049
-0.056 -0.076 -0.068
-0.054 -0.084 -0.082
 0.012 -0.040 -0.075
 0.039  0.001 -0.064
 0.180  0.052  0.047
 0.323  0.128  0.146
 0.044 -0.038  0.065
 0.076 -0.006  0.069
 0.055 -0.034  0.043
 0.086  0.007  0.061
 0.042 -0.030  0.028
 0.072 -0.006  0.044
 0.029 -0.056  0.006
 0.069 -0.027  0.045
 0.053 -0.064  0.023
 0.125  0.018  0.040
 0.089  0.033  0.065
 0.080  0.026 -0.022
-0.054 -0.030 -0.083
-0.054 -0.046 -0.094
-0.009  0.019 -0.049
-0.206 -0.125 -0.097
-0.194 -0.103 -0.072
-0.109 -0.077 -0.084
-0.057 -0.064 -0.085
 0.016 -0.026 -0.063
-0.080 -0.076 -0.075
 0.067  0.070  0.031
-0.061 -0.041 -0.041
-0.042 -0.022 -0.023
-0.028 -0.025 -0.029
-0.015 -0.026 -0.030
-0.112  0.070  0.139
-0.022 -0.027 -0.039
-0.009 -0.022 -0.039
-0.009 -0.027 -0.040
 0.073  0.021 -0.021
-0.028 -0.047 -0.037
 0.019 -0.000  0.002
-0.040 -0.056 -0.056
-0.015 -0.027 -0.034
-0.131 -0.017  0.044
-0.050 -0.048 -0.038
-0.037 -0.049 -0.037
-0.105 -0.088 -0.042
 0.041  0.038  0.018
-0.102 -0.084 -0.066
-0.078 -0.064 -0.053
-0.095 -0.099 -0.062
-0.079 -0.081 -0.045
-0.060  0.037  0.080
-0.082 -0.072 -0.051
-0.084 -0.062 -0.043
-0.075 -0.065 -0.056
 0.015 -0.017 -0.041
-0.110 -0.102 -0.066
-0.089 -0.076 -0.051
-0.119 -0.069 -0.032
-0.049 -0.047 -0.034
 0.064  0.056  0.037
-0.028 -0.030 -0.035
-0.005 -0.008 -0.027
 0.010 -0.012 -0.039
-0.020 -0.035 -0.045
 0.080  0.068  0.038
-0.026 -0.038 -0.024
 0.007 -0.005 -0.006
-0.020 -0.037 -0.023
 0.127  0.084  0.039
-0.004  0.003  0.006
 0.134  0.126  0.089
 0.001 -0.011  0.002
 0.034  0.014  0.024
 0.007 -0.023 -0.004
 0.027 -0.010 -0.006
 0.063  0.092  0.076
 0.024  0.005 -0.016
 0.029 -0.005 -0.024
 0.015 -0.022 -0.027
 0.046 -0.009 -0.019
-0.039 -0.047 -0.011
-0.003 -0.024 -0.006
-0.043 -0.031 -0.010
 0.001 -0.012 -0.010
 0.013 -0.016 -0.008
 0.136  0.048  0.014
 0.007 -0.035 -0.029
 0.160  0.089  0.050
 0.006 -0.043 -0.039
 0.069  0.038  0.004
-0.011 -0.031 -0.045
 0.022  0.018 -0.009
-0.003 -0.014 -0.018
 0.011 -0.002  0.008
 0.036  0.055  0.061
-0.007 -0.019  0.001
-0.069  0.122  0.204
-0.000 -0.013 -0.009
-0.082 -0.011  0.029
-0.023 -0.033 -0.024
-0.133 -0.004  0.070
-0.018 -0.043 -0.038
-0.017 -0.049 -0.039
 0.004 -0.013 -0.010
-0.003 -0.012 -0.022
 0.041  0.027  0.015
 0.015  0.005  0.009
 0.032  0.013  0.011
 0.007 -0.020 -0.018
 0.017 -0.003 -0.008
 0.011 -0.011 -0.010
 0.064  0.053  0.040
-0.003 -0.013 -0.012
 0.033  0.018  0.010
 0.009 -0.006  0.008
 0.027  0.011  0.015
-0.013 -0.024 -0.014
 0.001  0.001 -0.007
-0.063  0.146  0.191
-0.012 -0.012 -0.026
-0.022 -0.026 -0.029
-0.039 -0.036 -0.038
-0.030 -0.029 -0.040
-0.052 -0.036 -0.036
-0.056 -0.028 -0.039
-0.055 -0.033 -0.044
 0.013 -0.002 -0.029
-0.044 -0.031 -0.031
 0.031 -0.003 -0.034
-0.050 -0.050 -0.049
-0.022 -0.033 -0.057
-0.053 -0.041 -0.060
-0.040 -0.037 -0.079
-0.072 -0.056 -0.075
-0.016 -0.025 -0.069
-0.079 -0.062 -0.059
 0.002 -0.013 -0.036
-0.066 -0.054 -0.045
-0.007 -0.015 -0.029
-0.048 -0.026 -0.032
 0.036  0.024 -0.023
-0.037 -0.025 -0.035
 0.086  0.089  0.049
-0.036 -0.036 -0.031
 0.040  0.038  0.025
-0.038 -0.041 -0.022
 0.104  0.063  0.020
-0.011 -0.000 -0.006
 0.131  0.130  0.074
-0.007  0.003  0.001
 0.085  0.086  0.063
-0.002 -0.007 -0.001
 0.150  0.099  0.059
-0.009 -0.028 -0.030
 0.120  0.070  0.005
-0.000 -0.006 -0.036
 0.023  0.032 -0.012
 0.026  0.069  0.046
-0.019 -0.018 -0.014
-0.010 -0.014 -0.003
-0.022 -0.019 -0.006
-0.042  0.151  0.221
-0.001  0.001  0.008
-0.122  0.071  0.155
 0.011  0.027 -0.010
 0.060  0.053  0.005
 0.043  0.058  0.009
 0.117  0.103  0.024
 0.061  0.094  0.037
 0.156  0.155  0.073
 0.080  0.128  0.078
 0.184  0.182  0.101
 0.099  0.124  0.084
 0.211  0.204  0.139
 0.083  0.124  0.110
 0.218  0.228  0.152
 0.076  0.118  0.088
 0.167  0.214  0.159
 0.090  0.120  0.089
 0.125  0.142  0.096
 0.101  0.111  0.073
 0.104  0.131  0.094
 0.084  0.131  0.093
 0.097  0.138  0.088
 0.212  0.207  0.120
 0.091  0.118  0.082
 0.101  0.124  0.081
-0.012  0.110  0.118
 0.058  0.077  0.048
 0.087  0.079  0.034
 0.023  0.049  0.020
 0.142  0.164  0.094
 0.001  0.038  0.028
 0.033  0.059  0.040
 0.038  0.066  0.055
 0.019  0.040  0.044
-0.018  0.012  0.023
-0.029 -0.010  0.013
 0.073  0.090  0.062
-0.106 -0.058 -0.060
-0.099 -0.034 -0.041
-0.067 -0.013 -0.044
-0.056  0.005 -0.012
 0.076  0.132  0.078
 0.018  0.062 -0.004
 0.107  0.121  0.046
 0.152  0.229  0.313
 0.222  0.098  0.101
 0.192  0.105  0.047
 0.079  0.041 -0.018
 0.199  0.158  0.067
 0.032  0.037 -0.054
 0.039  0.072  0.065
 0.097  0.079  0.158
 0.117  0.109  0.113
-0.026  0.077  0.114
 0.033  0.020  0.023
 0.086  0.034  0.033
 0.023  0.003  0.035
 0.094  0.080  0.093
 0.005 -0.008  0.028
 0.011  0.012  0.023
 0.033  0.005  0.007
-0.001 -0.018  0.010
 0.133  0.082  0.064
-0.025 -0.033 -0.002
 0.104  0.092  0.073
-0.024 -0.035 -0.017
 0.025  0.021  0.020
-0.049 -0.060 -0.021
-0.029 -0.048 -0.016
-0.061 -0.073 -0.033
-0.027 -0.041 -0.013
 0.008  0.076  0.101
-0.033 -0.044 -0.014
-0.026 -0.053 -0.043
-0.038 -0.065 -0.050
 0.009 -0.018 -0.018
-0.073 -0.103 -0.078
-0.053 -0.081 -0.059
-0.086 -0.101 -0.081
-0.051 -0.060 -0.054
-0.059 -0.073 -0.061
-0.050 -0.052 -0.027
-0.158 -0.008  0.099
-0.059 -0.060 -0.026
-0.172  0.012  0.120
-0.065 -0.046 -0.036
-0.047 -0.047 -0.055
-0.057 -0.071 -0.068
 0.009 -0.044 -0.054
-0.083 -0.096 -0.065
 0.039 -0.015 -0.023
-0.066 -0.079 -0.051
-0.001 -0.031 -0.025
-0.049 -0.053 -0.028
 0.071  0.012  0.006
-0.036 -0.064 -0.016
 0.070  0.009  0.014
-0.045 -0.067 -0.033
 0.034 -0.021 -0.042
-0.048 -0.062 -0.069
 0.075  0.022 -0.021
-0.061 -0.081 -0.049
 0.072  0.039  0.026
-0.066 -0.089 -0.050
 0.059  0.009 -0.008
-0.064 -0.084 -0.042
-0.016 -0.043 -0.038
-0.083 -0.059 -0.041
 0.021 -0.016 -0.041
-0.072 -0.086 -0.078
 0.050  0.004 -0.041
-0.078 -0.088 -0.083
 0.063  0.013 -0.034
-0.084 -0.086 -0.084
 0.055  0.028 -0.020
-0.084 -0.081 -0.075
-0.012 -0.007 -0.017
-0.084 -0.077 -0.067
-0.056 -0.054 -0.052
-0.078 -0.075 -0.056
-0.025 -0.009 -0.020
-0.080 -0.058 -0.063
-0.046 -0.020 -0.028
-0.022  0.159  0.199
-0.039 -0.029 -0.012
-0.053 -0.029  0.010
-0.025 -0.027 -0.008
 0.014 -0.015 -0.013
-0.026 -0.028 -0.016
 0.126  0.081  0.049
-0.026 -0.034 -0.016
 0.083  0.080  0.063
-0.001 -0.010 -0.005
 0.080  0.080  0.051
-0.008  0.004 -0.013
 0.019  0.020 -0.007
-0.055  0.146  0.207
 0.009 -0.008 -0.015
 0.006 -0.015 -0.016
-0.007 -0.031 -0.027
 0.024 -0.012 -0.021
-0.027 -0.027 -0.026
 0.116  0.070  0.020
-0.008 -0.029 -0.026
 0.040  0.015  0.016
-0.004 -0.020 -0.005
 0.033  0.015  0.030
 0.006 -0.010  0.010
 0.063  0.048  0.049
-0.011 -0.030 -0.011
 0.000 -0.030 -0.019
 0.002  0.108  0.156
-0.016 -0.063 -0.044
-0.102 -0.026  0.047
-0.003 -0.027 -0.016
 0.024 -0.004 -0.005
-0.020 -0.027 -0.008
 0.094  0.087  0.076
-0.014 -0.038 -0.006
 0.010 -0.018  0.002
-0.023 -0.049 -0.029
 0.005 -0.035 -0.018
-0.130  0.029  0.140
 0.009 -0.021  0.007
-0.056  0.017  0.080
 0.025 -0.001  0.012
-0.062  0.101  0.202
 0.032  0.003  0.008
 0.000  0.016  0.035
 0.024  0.003  0.010
 0.077  0.027  0.019
 0.026 -0.000  0.015
 0.138  0.074  0.050
 0.020 -0.011  0.008
 0.079  0.055  0.050
-0.015 -0.034 -0.026
 0.018 -0.011  0.005
 0.026 -0.007  0.010
 0.018 -0.001  0.015
 0.053  0.010  0.012
 0.005 -0.022 -0.003
 0.033 -0.012 -0.012
 0.003 -0.020 -0.018
 0.049  0.004 -0.015
-0.011 -0.023 -0.020
 0.120  0.057  0.015
-0.015 -0.028 -0.028
 0.130  0.086  0.041
-0.027 -0.029 -0.027
 0.112  0.100  0.065
-0.045 -0.016 -0.015
-0.029 -0.010 -0.015
-0.044 -0.044 -0.048
-0.024 -0.022 -0.015
-0.050 -0.024 -0.005
-0.034 -0.026 -0.029
 0.002 -0.013 -0.035
-0.029 -0.024 -0.021
 0.109  0.109  0.082
-0.023 -0.016  0.008
 0.001  0.024  0.028
-0.030 -0.006  0.008
 0.006  0.029  0.009
-0.021 -0.014 -0.042
-0.001  0.003 -0.023
 0.001 -0.015 -0.041
-0.025 -0.035 -0.056
 0.105  0.043 -0.004
 0.009  0.001 -0.007
 0.163  0.148  0.167
 0.002  0.006  0.086
 0.052  0.061  0.080
-0.023  0.017  0.013
-0.018 -0.022 -0.063
 0.042  0.011 -0.020
-0.011 -0.010 -0.023
 0.061  0.070  0.025
-0.016  0.018 -0.032
-0.021 -0.020 -0.039
 0.019 -0.001 -0.004
 0.021  0.016  0.054
 0.129  0.069  0.096
-0.016 -0.019 -0.043
 0.205  0.127  0.100
 0.133  0.011  0.045
 0.177  0.066  0.080
 0.075  0.070  0.079
-0.052  0.002 -0.054
-0.024 -0.005 -0.064
-0.170 -0.077 -0.067
-0.089 -0.025 -0.049
-0.143 -0.051 -0.044
-0.040  0.037  0.032
-0.158 -0.068 -0.034
-0.143 -0.038 -0.008
-0.145 -0.041 -0.023
-0.101 -0.025 -0.019
 0.072  0.062  0.023
-0.075 -0.033 -0.013
-0.036 -0.006 -0.003
-0.087 -0.064 -0.060
-0.041 -0.025 -0.021
-0.134 -0.020  0.026
-0.025 -0.005 -0.004
 0.049  0.027  0.006
-0.026 -0.018 -0.011
 0.087  0.092  0.069
-0.038 -0.022 -0.017
 0.003  0.008 -0.000
-0.077 -0.073 -0.070
-0.002 -0.020 -0.026
-0.043 -0.045 -0.031
-0.029 -0.050 -0.044
 0.038 -0.009 -0.021
-0.034 -0.033 -0.012
 0.086  0.063  0.040
-0.064 -0.051 -0.040
 0.080  0.086  0.063
-0.069 -0.056 -0.038
 0.058  0.063  0.044
-0.050 -0.057 -0.044
 0.077  0.059  0.020
-0.076 -0.075 -0.066
 0.082  0.061  0.022
-0.100 -0.073 -0.064
-0.023 -0.003 -0.010
-0.059  0.142  0.172
-0.044 -0.006 -0.010
 0.031  0.024 -0.008
-0.100 -0.049 -0.044
-0.076 -0.030 -0.030
-0.044  0.075  0.073
-0.074 -0.024 -0.033
-0.084 -0.044 -0.055
-0.142 -0.065 -0.040
-0.039 -0.026 -0.022
-0.078 -0.044 -0.016
 0.005  0.001  0.004
-0.036 -0.021  0.013
 0.099  0.082  0.059
-0.021 -0.015  0.013
 0.011  0.007  0.040
-0.042 -0.042  0.004
-0.040 -0.025  0.015
-0.166  0.060  0.173
-0.109 -0.043 -0.015
-0.089 -0.038 -0.025
-0.049 -0.027 -0.009
 0.053  0.015 -0.005
-0.029 -0.023 -0.012
 0.016 -0.000 -0.009
-0.062 -0.031 -0.022
-0.073 -0.022 -0.032
-0.162 -0.056 -0.026
 0.067  0.071  0.031
-0.062 -0.041 -0.029
 0.022  0.046  0.036
-0.062 -0.038 -0.033
 0.038  0.030 -0.005
-0.002 -0.006 -0.030
 0.033  0.026 -0.008
-0.020  0.007  0.005
 0.021 -0.001 -0.024
 0.021 -0.012 -0.040
 0.017 -0.009 -0.035
-0.009 -0.006 -0.011
 0.015  0.004 -0.017
 0.029  0.005 -0.025
 0.030  0.017  0.004
 0.108  0.054  0.009
-0.003 -0.019 -0.029
 0.124  0.102  0.047
-0.022 -0.032 -0.049
 0.002 -0.003 -0.043
 0.017  0.114  0.083
 0.023  0.002 -0.036
 0.037 -0.004 -0.038
 0.023 -0.001 -0.029
 0.062  0.020 -0.027
 0.011  0.001 -0.032
 0.038  0.005 -0.057
-0.015 -0.019 -0.064
 0.098  0.056 -0.033
-0.002 -0.009 -0.047
 0.139  0.118  0.034
-0.018 -0.028 -0.063
 0.024  0.012 -0.037
-0.062 -0.064 -0.082
-0.025 -0.033 -0.063
-0.145  0.025  0.089
-0.007 -0.017 -0.038
-0.128  0.014  0.074
-0.019 -0.023 -0.044
-0.051 -0.059 -0.067
-0.035 -0.032 -0.058
-0.018  0.033  0.008
-0.015 -0.013 -0.041
-0.118 -0.022  0.012
-0.023 -0.020 -0.037
-0.038 -0.027 -0.033
-0.037 -0.024 -0.029
-0.031 -0.030 -0.047
-0.035 -0.026 -0.034
 0.050  0.014 -0.027
-0.019 -0.024 -0.046
 0.083  0.038 -0.024
-0.011 -0.016 -0.048
 0.130  0.087 -0.003
-0.014 -0.015 -0.063
 0.043  0.043 -0.014
-0.030 -0.038 -0.050
 0.013  0.010 -0.007
-0.017  0.139  0.158
-0.051 -0.012 -0.012
-0.198 -0.009  0.071
-0.084 -0.029 -0.028
-0.080 -0.050 -0.061
-0.089 -0.046 -0.051
 0.053  0.051  0.005
-0.086 -0.064 -0.053
-0.040  0.001  0.004
-0.119 -0.086 -0.053
-0.076 -0.044 -0.022
-0.056  0.013  0.037
-0.046 -0.018  0.003
-0.058 -0.045 -0.017
-0.057 -0.044 -0.017
-0.021 -0.035 -0.029
-0.070 -0.056 -0.037
 0.001 -0.035 -0.052
-0.059 -0.066 -0.063
 0.116  0.083  0.035
-0.033 -0.053 -0.042
 0.032 -0.006 -0.017
-0.016 -0.049 -0.046
 0.014  0.004  0.002
 0.015 -0.005 -0.012
 0.026  0.013 -0.002
 0.038 -0.012 -0.029
 0.030 -0.002 -0.010
 0.092  0.023 -0.012
 0.003 -0.024 -0.028
 0.109  0.051  0.003
-0.013 -0.011 -0.015
 0.131  0.095  0.035
 0.026  0.020  0.012
 0.146  0.140  0.102
 0.030  0.024  0.022
 0.105  0.108  0.083
 0.023  0.033  0.030
 0.079  0.097  0.065
 0.002  0.018  0.007
 0.082  0.073  0.046
-0.023  0.060  0.098
 0.075  0.062  0.042
 0.091  0.048  0.033
 0.028  0.025  0.025
 0.109  0.081  0.037
-0.047 -0.013  0.000
 0.009  0.034  0.034
-0.047 -0.026 -0.013
 0.018  0.015  0.010
 0.033  0.090  0.101
 0.031  0.019  0.018
-0.052 -0.018  0.004
-0.001  0.009  0.023
 0.081  0.051  0.038
-0.000  0.009  0.025
 0.082  0.081  0.078
-0.032 -0.041 -0.014
 0.015  0.002  0.010
-0.038 -0.044 -0.022
 0.028  0.015  0.016
-0.000 -0.033 -0.029
 0.019  0.016  0.019
-0.031 -0.025 -0.016
 0.013  0.016  0.019
-0.034 -0.036 -0.031
 0.008  0.000 -0.006
-0.130 -0.023  0.026
 0.008  0.003 -0.010
 0.033  0.001 -0.016
-0.010 -0.011 -0.000
 0.096  0.054  0.033
-0.016 -0.027 -0.004
 0.112  0.104  0.068
-0.033 -0.040 -0.021
 0.025  0.015  0.013
-0.082 -0.000  0.058
-0.006 -0.009 -0.017
-0.002 -0.033 -0.050
-0.016 -0.037 -0.025
 0.109  0.033 -0.042
 0.057  0.017 -0.023
 0.353  0.202  0.184
 0.189  0.038  0.092
 0.227  0.081  0.115
 0.147  0.001  0.068
 0.201  0.057  0.081
 0.113  0.020 -0.006
 0.022  0.001 -0.059
-0.072 -0.055 -0.083
-0.001 -0.028 -0.046
-0.010 -0.045 -0.063
-0.149 -0.121 -0.051
-0.104 -0.046  0.012
-0.036  0.126  0.168
 0.020 -0.014 -0.024
 0.134  0.052  0.003
-0.010 -0.050 -0.060
 0.021 -0.015 -0.034
-0.037 -0.057 -0.068
-0.039 -0.039 -0.044
 0.124  0.081  0.039
-0.025 -0.035 -0.020
 0.034  0.022  0.017
-0.016 -0.030 -0.015
 0.045  0.032  0.025
 0.033  0.021  0.005
 0.029  0.024  0.009
 0.048  0.020  0.003
 0.035  0.017  0.014
 0.129  0.075  0.033
-0.010 -0.029 -0.020
 0.022 -0.001 -0.013
-0.140  0.011  0.083
 0.001 -0.023 -0.033
 0.135  0.052 -0.006
 0.011 -0.029 -0.024
 0.052 -0.000 -0.007
 0.027  0.090  0.113
-0.004 -0.014 -0.009
-0.040 -0.054 -0.043
-0.050 -0.046 -0.031
 0.054  0.018 -0.001
-0.079 -0.075 -0.050
 0.060  0.046  0.029
-0.079 -0.086 -0.056
 0.039  0.039  0.031
-0.091 -0.086 -0.062
-0.048 -0.045 -0.041
-0.050  0.120  0.171
-0.028 -0.033 -0.021
-0.025 -0.045 -0.043
-0.056 -0.056 -0.040
 0.033  0.005 -0.023
-0.082 -0.067 -0.038
-0.025 -0.020 -0.004
-0.057 -0.044 -0.013
-0.012 -0.037 -0.012
 0.071  0.043  0.052
-0.042 -0.066 -0.036
-0.032 -0.043 -0.028
-0.075 -0.061 -0.026
-0.096 -0.046  0.006
-0.044 -0.024  0.019
-0.057 -0.035  0.022
 0.080  0.047  0.073
-0.033 -0.014  0.042
 0.054  0.067  0.092
-0.043 -0.055  0.003
-0.007 -0.033  0.013
-0.090  0.076  0.192
-0.034 -0.049 -0.000
-0.104 -0.066 -0.003
-0.048 -0.051 -0.002
 0.065  0.019  0.031
-0.057 -0.048  0.008
-0.027 -0.008  0.024
-0.025 -0.020 -0.006
-0.035 -0.031 -0.032
-0.039 -0.063 -0.073
-0.020 -0.043 -0.044
 0.069  0.033  0.021
-0.007 -0.053 -0.047
 0.018 -0.010 -0.017
-0.015 -0.039 -0.041
-0.018 -0.032 -0.027
 0.142  0.088  0.044
 0.007 -0.029 -0.024
 0.034  0.007  0.000
-0.024 -0.048 -0.032
 0.000 -0.019 -0.014
-0.128 -0.056 -0.009
-0.010 -0.028 -0.023
 0.076  0.015 -0.008
-0.005 -0.029 -0.027
 0.121  0.095  0.056
-0.007 -0.026 -0.031
 0.073  0.056  0.021
-0.033 -0.041 -0.041
 0.045  0.023 -0.001
-0.072  0.084  0.150
 0.067  0.027  0.002
 0.067  0.012 -0.016
-0.012 -0.018 -0.025
 0.060  0.061  0.032
-0.007 -0.036 -0.042
 0.029  0.013  0.000
 0.046  0.010 -0.015
 0.042  0.032  0.005
 0.144  0.141  0.075
 0.088  0.076  0.018
 0.088  0.081  0.028
 0.103  0.066  0.012
 0.055  0.052  0.021
 0.085  0.066  0.027
 0.038  0.039  0.025
 0.058  0.046 -0.003
 0.067  0.039 -0.031
-0.004 -0.002 -0.034
 0.090  0.091  0.038
-0.015 -0.004 -0.010
 0.048  0.045  0.020
 0.008  0.011 -0.002
 0.050  0.061  0.032
 0.043  0.151  0.124
 0.037  0.044  0.006
 0.026  0.016 -0.007
 0.015  0.007  0.002
 0.070  0.033  0.006
-0.047 -0.005  0.015
-0.017  0.040  0.046
-0.135  0.036  0.106
-0.015  0.019  0.022
 0.102  0.086  0.049
-0.014  0.006  0.006
 0.007  0.023  0.024
-0.091  0.005  0.088
 0.000  0.014  0.087
 0.116  0.072  0.092
-0.016  0.004  0.020
-0.007  0.020  0.007
-0.023 -0.003 -0.016
-0.036 -0.004  0.010
-0.009  0.046  0.049
-0.037  0.181  0.209
-0.045  0.005  0.028
-0.000  0.007  0.024
-0.076 -0.025  0.020
-0.039  0.018  0.054
-0.110 -0.045 -0.010
-0.073 -0.019 -0.009
-0.141 -0.036  0.010
-0.082 -0.046 -0.017
 0.000 -0.013 -0.007
-0.087 -0.070 -0.030
-0.081 -0.043 -0.027
-0.068 -0.027 -0.012
-0.093 -0.053 -0.026
-0.061 -0.046 -0.044
-0.099 -0.073 -0.055
 0.012  0.011  0.000
-0.117 -0.120 -0.104
-0.078 -0.092 -0.101
-0.189 -0.042  0.037
-0.098 -0.091 -0.068
-0.057 -0.070 -0.073
-0.126 -0.091 -0.062
-0.077 -0.046 -0.017
-0.120 -0.110 -0.060
-0.090 -0.078 -0.052
-0.199 -0.041  0.051
-0.079 -0.072 -0.065
-0.037 -0.052 -0.069
-0.080 -0.065 -0.062
 0.009  0.025  0.008
-0.088  0.055  0.081
-0.092 -0.085 -0.075
-0.086 -0.100 -0.095
-0.095 -0.098 -0.085
-0.068 -0.100 -0.096
-0.063 -0.080 -0.066
-0.003 -0.051 -0.056
-0.025 -0.044 -0.035
 0.029 -0.014 -0.025
-0.006 -0.024 -0.019
 0.019 -0.024 -0.044
-0.032 -0.042 -0.046
 0.109  0.043  0.001
-0.045 -0.075 -0.061
 0.036  0.017  0.008
-0.058 -0.071 -0.046
-0.041 -0.038 -0.028
-0.032  0.119  0.151
-0.038 -0.052 -0.043
 0.012 -0.034 -0.035
-0.030 -0.047 -0.031
 0.069  0.007 -0.016
-0.038 -0.076 -0.049
 0.073  0.006 -0.019
-0.076 -0.093 -0.077
 0.080  0.009 -0.022
-0.006 -0.081 -0.074
 0.120  0.047  0.023
-0.013 -0.080 -0.059
 0.053  0.007  0.008
-0.030 -0.064 -0.050
-0.001 -0.018 -0.022
-0.076 -0.096 -0.077
 0.002 -0.038 -0.030
-0.115  0.030  0.141
 0.021 -0.038 -0.013
-0.009 -0.055 -0.027
-0.014 -0.063 -0.046
 0.016 -0.051 -0.058
-0.001 -0.048 -0.034
 0.160  0.073  0.040
 0.013 -0.039 -0.030
 0.158  0.098  0.066
 0.011 -0.031 -0.024
 0.128  0.048  0.009
-0.003 -0.045 -0.035
 0.049  0.007 -0.014
-0.017 -0.076 -0.073
 0.039 -0.016 -0.021
 0.086 -0.016 -0.009
 0.116  0.004  0.048
 0.140  0.021  0.075
 0.043 -0.060 -0.018
 0.023 -0.037 -0.032
 0.036 -0.054 -0.069
 0.054 -0.021  0.004
 0.126  0.024  0.035
-0.005 -0.033  0.028
 0.074 -0.017 -0.026
 0.135  0.006  0.028
 0.180  0.034  0.048
 0.023 -0.026 -0.063
 0.119 -0.027  0.006
 0.085 -0.021  0.058
 0.199  0.099  0.080
 0.063 -0.019  0.010
 0.055  0.044  0.037
 0.102  0.027 -0.030
 0.083  0.034 -0.047
 0.033 -0.011  0.027
 0.056  0.031  0.086
 0.114  0.112  0.129
-0.127 -0.019  0.046
-0.043 -0.008  0.023
-0.185 -0.074 -0.084
-0.038  0.009 -0.103
 0.043  0.059 -0.041
-0.001 -0.018  0.003
 0.208  0.074  0.096
 0.037  0.065  0.213
 0.118  0.022  0.100
 0.201  0.046  0.097
 0.157  0.001  0.098
 0.107 -0.037 -0.029
 0.001 -0.055 -0.040
 0.092 -0.028  0.055
-0.050 -0.119  0.018
 0.063 -0.016  0.065
-0.237 -0.183 -0.087
-0.178 -0.100 -0.166
-0.146 -0.115 -0.055
 0.040  0.016  0.056
 0.005 -0.031  0.011
-0.016 -0.025 -0.032
-0.103  0.083  0.119
-0.085 -0.051 -0.005
-0.116 -0.080 -0.052
-0.123 -0.077 -0.045
 0.018  0.021 -0.000
-0.133 -0.086 -0.047
-0.098 -0.048 -0.031
-0.151 -0.085 -0.058
-0.141 -0.061 -0.046
-0.204 -0.098 -0.063
-0.130 -0.068 -0.054
-0.034 -0.016 -0.032
-0.098 -0.042 -0.026
 0.048  0.056  0.025
-0.119 -0.065 -0.043
-0.013  0.002 -0.019
-0.125 -0.065 -0.048
 0.020  0.074  0.053
-0.081 -0.049 -0.038
-0.026 -0.007 -0.004
-0.071 -0.060 -0.035
-0.044 -0.025 -0.014
-0.012 -0.020 -0.029
-0.005 -0.015 -0.016
 0.112  0.050  0.015
-0.017 -0.033  0.011
 0.136  0.080  0.076
-0.038 -0.029 -0.019
 0.092  0.067  0.002
-0.053 -0.042 -0.065
 0.006  0.004 -0.040
-0.050 -0.067 -0.090
-0.042 -0.035 -0.050
 0.007 -0.022 -0.051
-0.041 -0.046 -0.054
-0.018 -0.026 -0.045
-0.155  0.033  0.095
-0.080 -0.077 -0.094
 0.012 -0.039 -0.090
-0.059 -0.063 -0.067
 0.044  0.045  0.019
-0.104 -0.051 -0.048
-0.038 -0.020 -0.032
-0.155  0.049  0.115
-0.004  0.005 -0.025
 0.083  0.021 -0.038
 0.011 -0.004 -0.034
 0.163  0.113  0.037
 0.014 -0.002 -0.012
 0.053  0.037  0.027
 0.037  0.084  0.066
 0.017  0.018 -0.016
 0.092  0.059  0.020
 0.055  0.054  0.049
 0.103  0.105  0.073
 0.006  0.208  0.244
 0.092  0.094  0.033
 0.095  0.083 -0.008
 0.056  0.073  0.005
 0.106  0.115  0.035
 0.010  0.092  0.068
 0.078  0.079  0.033
 0.141  0.100  0.028
 0.050  0.054  0.014
 0.141  0.152  0.074
 0.057  0.060  0.004
 0.089  0.090  0.035
 0.096  0.073  0.010
 0.039  0.028 -0.003
 0.129  0.119  0.059
 0.011  0.004 -0.030
 0.042  0.049  0.013
 0.064  0.040  0.007
 0.022  0.022  0.015
 0.082  0.072  0.048
-0.007 -0.023 -0.021
 0.011  0.007 -0.002
-0.008 -0.012 -0.022
-0.013 -0.008 -0.018
 0.133  0.111  0.069
-0.006 -0.018 -0.012
 0.057  0.033  0.023
 0.021  0.014  0.016
 0.019  0.002 -0.008
 0.060  0.028 -0.005
-0.003  0.003 -0.001
 0.037  0.029  0.015
-0.120  0.060  0.145
 0.015 -0.006 -0.009
 0.040 -0.008 -0.028
-0.034 -0.049 -0.046
 0.091  0.059  0.016
-0.050 -0.044 -0.035
 0.004 -0.001 -0.001
-0.035  0.157  0.214
 0.009  0.009  0.020
 0.029  0.015  0.023
-0.014  0.006  0.016
 0.099  0.082  0.032
-0.034 -0.025 -0.020
 0.002  0.001  0.008
 0.003 -0.019 -0.005
-0.015 -0.036 -0.016
 0.084  0.070  0.038
-0.102  0.050  0.124
 0.030  0.021  0.030
 0.139  0.110  0.071
-0.002  0.007  0.012
 0.054  0.050  0.032
 0.049  0.031  0.017
 0.041  0.018  0.016
