 0.099  0.175 -0.341
 0.102  0.147 -0.370
 0.037  0.150 -0.339
 0.021  0.158 -0.320
 0.141  0.182 -0.349
 0.230  0.256 -0.195
 0.385  0.312 -0.202
 0.245  0.233 -0.219
 0.173  0.173 -0.343
 0.043  0.114 -0.322
 0.079  0.096 -0.329
 0.087  0.125 -0.266
 0.275  0.235 -0.221
 0.142  0.111 -0.283
 0.092  0.109 -0.289
 0.013  0.022 -0.342
-0.017  0.043 -0.322
-0.143  0.004 -0.306
-0.078  0.002 -0.337
 0.011  0.044 -0.281
 0.153  0.142 -0.195
 0.212  0.141 -0.173
 0.137  0.098 -0.202
 0.122  0.096 -0.170
 0.152  0.137 -0.152
 0.144  0.110 -0.164
 0.268  0.158 -0.148
 0.167  0.112 -0.123
 0.358  0.212 -0.048
 0.305  0.234  0.026
 0.243  0.190 -0.016
 0.244  0.152 -0.036
 0.260  0.199 -0.022
 0.264  0.192 -0.024
 0.315  0.235  0.015
 0.342  0.280  0.086
 0.367  0.250  0.031
 0.358  0.209 -0.002
 0.264  0.179  0.015
 0.213  0.148  0.008
 0.203  0.138  0.014
 0.272  0.357  0.268
 0.306  0.220  0.129
 0.211  0.177  0.106
 0.195  0.143  0.051
 0.204  0.146  0.047
 0.176  0.156  0.073
 0.214  0.172  0.105
 0.283  0.231  0.169
 0.227  0.136  0.088
 0.214  0.140  0.074
 0.174  0.076  0.013
 0.321  0.154  0.034
 0.244  0.093  0.017
 0.369  0.154  0.045
 0.271  0.103  0.041
 0.362  0.179  0.083
 0.248  0.099  0.046
 0.319  0.112  0.031
 0.240  0.093  0.057
 0.339  0.132  0.073
 0.270  0.095  0.058
 0.285  0.078 -0.014
 0.195  0.047 -0.030
 0.170  0.052  0.009
 0.240  0.105  0.086
 0.336  0.173  0.154
 0.237  0.090  0.072
 0.257  0.083  0.018
 0.171  0.056  0.010
 0.286  0.116  0.030
 0.236  0.108  0.073
 0.315  0.191  0.148
 0.200  0.054  0.022
 0.172  0.076  0.036
 0.145  0.046  0.023
 0.298  0.135  0.068
 0.289  0.168  0.138
 0.426  0.269  0.197
 0.202  0.090  0.079
 0.212  0.132  0.091
 0.104  0.017 -0.011
 0.195  0.097  0.009
 0.070 -0.027 -0.082
 0.062 -0.005 -0.072
-0.047  0.036  0.048
 0.115 -0.005 -0.059
 0.188  0.012 -0.078
 0.076 -0.046 -0.098
 0.122 -0.035 -0.127
 0.016 -0.066 -0.133
-0.046  0.037  0.054
 0.055 -0.052 -0.087
-0.015  0.057  0.095
 0.003 -0.111 -0.149
 0.005 -0.106 -0.170
-0.039 -0.116 -0.171
 0.002 -0.093 -0.139
 0.078 -0.009 -0.078
 0.063 -0.043 -0.091
-0.010 -0.114 -0.157
-0.025 -0.093 -0.143
-0.076 -0.158 -0.214
-0.094 -0.197 -0.249
-0.061 -0.159 -0.227
-0.030 -0.182 -0.268
-0.110 -0.235 -0.313
-0.227 -0.150 -0.154
-0.137 -0.204 -0.268
-0.118 -0.153 -0.204
-0.075 -0.066 -0.123
 0.008 -0.027 -0.086
-0.005 -0.041 -0.114
-0.045 -0.024 -0.089
-0.009 -0.022 -0.103
 0.004 -0.025 -0.119
-0.032 -0.056 -0.154
 0.012 -0.047 -0.175
-0.110 -0.098 -0.172
-0.032 -0.098 -0.201
-0.123 -0.127 -0.194
-0.068 -0.090 -0.192
-0.195 -0.145 -0.205
-0.194 -0.145 -0.221
-0.162 -0.091 -0.167
-0.101 -0.062 -0.144
-0.084 -0.052 -0.158
-0.125 -0.147 -0.275
-0.141 -0.145 -0.303
-0.161 -0.173 -0.313
-0.094 -0.088 -0.235
-0.084 -0.123 -0.227
-0.036 -0.050 -0.156
-0.123 -0.144 -0.239
-0.108 -0.099 -0.220
-0.148 -0.170 -0.283
-0.011 -0.038 -0.185
-0.065 -0.073 -0.165
 0.004  0.038 -0.065
-0.114 -0.095 -0.189
-0.107 -0.053 -0.172
-0.155 -0.126 -0.237
-0.060 -0.089 -0.258
-0.059 -0.065 -0.211
 0.089  0.008 -0.164
 0.005 -0.036 -0.183
 0.061  0.021 -0.161
-0.071 -0.070 -0.212
-0.101 -0.070 -0.224
-0.132 -0.112 -0.248
-0.122 -0.086 -0.223
-0.106 -0.092 -0.223
-0.087 -0.076 -0.194
 0.025  0.112  0.006
-0.057 -0.059 -0.149
-0.096 -0.067 -0.148
-0.080 -0.025 -0.120
-0.099 -0.086 -0.183
-0.031 -0.056 -0.183
-0.046 -0.028 -0.142
 0.021 -0.009 -0.143
-0.074 -0.083 -0.209
-0.054 -0.087 -0.233
-0.114 -0.095 -0.202
 0.016 -0.025 -0.177
-0.034 -0.027 -0.134
 0.031  0.004 -0.138
-0.012  0.001 -0.127
-0.007 -0.022 -0.165
-0.054 -0.050 -0.185
-0.047 -0.064 -0.201
-0.024  0.010 -0.125
-0.039 -0.066 -0.188
 0.068 -0.022 -0.171
-0.019 -0.083 -0.186
 0.087  0.042 -0.102
-0.023 -0.030 -0.145
 0.088  0.044 -0.121
 0.055  0.065 -0.057
 0.084  0.098  0.031
 0.123  0.142  0.077
 0.166  0.116  0.036
 0.082  0.074  0.004
 0.101  0.042 -0.053
 0.064  0.032 -0.046
 0.113  0.044 -0.032
 0.201  0.139  0.033
 0.077  0.009 -0.049
 0.010 -0.011 -0.073
-0.027 -0.064 -0.112
 0.101  0.014 -0.018
 0.008 -0.036 -0.065
-0.066  0.048  0.074
 0.023 -0.005 -0.019
 0.031 -0.030 -0.063
-0.048 -0.044 -0.039
 0.046  0.005 -0.035
-0.032  0.001  0.021
 0.119  0.092  0.057
 0.004 -0.007 -0.034
 0.096  0.040 -0.035
-0.005 -0.017 -0.042
 0.036  0.038 -0.006
-0.028 -0.059 -0.081
 0.006 -0.017 -0.051
 0.023 -0.015 -0.036
 0.027 -0.035 -0.061
-0.025 -0.043 -0.074
-0.066 -0.087 -0.127
 0.042 -0.047 -0.116
 0.038  0.001 -0.027
 0.134  0.050 -0.000
 0.076  0.023 -0.005
 0.142 -0.006 -0.087
 0.023 -0.065 -0.100
 0.074 -0.067 -0.157
 0.010 -0.075 -0.112
 0.070 -0.052 -0.089
 0.049 -0.025 -0.052
 0.102 -0.043 -0.111
 0.049 -0.046 -0.096
 0.056 -0.061 -0.124
 0.055 -0.018 -0.067
 0.108  0.019 -0.007
 0.120  0.035  0.028
 0.086  0.015  0.023
 0.064  0.043  0.054
 0.004 -0.010  0.033
-0.031 -0.018  0.028
-0.014 -0.037 -0.012
-0.051 -0.045 -0.014
-0.100 -0.016  0.026
 0.022  0.057  0.103
 0.148  0.154  0.217
 0.157  0.205  0.315
 0.075  0.255  0.392
 0.159  0.137  0.163
 0.166  0.123  0.136
 0.168  0.064  0.051
 0.142  0.040  0.042
 0.114  0.063  0.067
 0.089  0.013  0.037
 0.013 -0.055 -0.036
-0.090 -0.053 -0.003
-0.035 -0.066 -0.074
 0.009 -0.015 -0.002
 0.032  0.029  0.067
 0.105  0.022  0.005
-0.017 -0.038 -0.034
 0.050 -0.034 -0.066
-0.044 -0.072 -0.043
 0.064 -0.024 -0.007
 0.042 -0.007  0.045
 0.116  0.054  0.070
 0.012 -0.044 -0.005
 0.119  0.042  0.031
 0.102  0.007  0.025
 0.166  0.080  0.082
 0.015 -0.071 -0.049
-0.029 -0.092 -0.071
-0.071 -0.129 -0.106
-0.054 -0.114 -0.090
-0.062 -0.149 -0.119
-0.074 -0.147 -0.114
-0.104 -0.180 -0.146
-0.097 -0.146 -0.123
-0.108 -0.052 -0.022
-0.145 -0.184 -0.136
-0.069 -0.151 -0.117
-0.071 -0.106 -0.033
 0.045 -0.001  0.066
 0.023 -0.047  0.031
 0.026 -0.037  0.030
-0.003 -0.048  0.011
-0.006 -0.011  0.036
-0.007 -0.015  0.060
 0.090  0.011  0.055
 0.096  0.017  0.051
 0.147 -0.017 -0.056
-0.016 -0.098 -0.137
 0.043 -0.076 -0.159
-0.056 -0.100 -0.146
 0.049 -0.037 -0.112
 0.031  0.013  0.009
 0.144  0.137  0.115
 0.031  0.024  0.042
 0.039  0.054  0.058
-0.031  0.161  0.236
 0.088  0.056  0.070
 0.202  0.113  0.088
 0.142  0.050  0.059
 0.102 -0.036 -0.067
-0.095 -0.164 -0.137
-0.014 -0.130 -0.110
-0.002 -0.065  0.042
 0.146  0.036  0.130
-0.000 -0.089  0.016
 0.057 -0.055 -0.042
-0.063 -0.138 -0.101
-0.026 -0.139 -0.136
 0.025 -0.073 -0.065
 0.081 -0.038 -0.025
 0.043 -0.067 -0.074
-0.071 -0.062 -0.024
-0.067 -0.092 -0.096
-0.166 -0.092 -0.034
-0.097 -0.119 -0.094
-0.158  0.002  0.123
-0.070 -0.081 -0.027
-0.029 -0.085 -0.049
-0.071 -0.092 -0.053
-0.007 -0.046 -0.048
-0.023 -0.012  0.014
 0.012  0.018  0.047
 0.027  0.036  0.051
-0.009 -0.030 -0.020
-0.045 -0.033 -0.044
-0.046 -0.049 -0.065
 0.021  0.020 -0.026
-0.018 -0.056 -0.087
-0.017 -0.062 -0.117
-0.083 -0.135 -0.180
-0.043 -0.093 -0.146
-0.105 -0.114 -0.140
-0.101 -0.146 -0.177
-0.082 -0.136 -0.159
-0.123 -0.116 -0.091
-0.005 -0.045 -0.043
-0.137 -0.140 -0.115
-0.017 -0.078 -0.127
-0.083 -0.111 -0.126
-0.014 -0.062 -0.108
 0.002 -0.006 -0.051
-0.005 -0.011 -0.039
 0.118  0.092 -0.011
 0.024 -0.001 -0.106
-0.051 -0.038 -0.138
-0.050 -0.038 -0.151
-0.045 -0.060 -0.180
-0.165 -0.001 -0.033
-0.070 -0.078 -0.175
-0.041 -0.069 -0.169
-0.076 -0.087 -0.188
-0.064 -0.105 -0.244
-0.076 -0.097 -0.215
-0.104  0.029 -0.010
-0.002 -0.017 -0.109
-0.042  0.024 -0.001
-0.056 -0.071 -0.129
-0.177 -0.005  0.030
-0.077 -0.049 -0.097
-0.078 -0.073 -0.119
 0.076  0.037 -0.050
-0.022 -0.060 -0.114
 0.049  0.032 -0.060
-0.004 -0.023 -0.095
 0.072  0.077 -0.003
 0.033  0.025 -0.020
 0.175  0.141  0.068
 0.088  0.082  0.068
 0.062  0.067  0.044
 0.023  0.054  0.053
 0.068  0.110  0.110
 0.054  0.282  0.317
 0.232  0.206  0.169
 0.265  0.209  0.225
 0.128  0.103  0.094
 0.042  0.020 -0.129
 0.023  0.038 -0.015
 0.055  0.063  0.026
 0.058  0.095  0.062
 0.063  0.071  0.033
 0.095  0.108  0.066
 0.078  0.050  0.015
 0.063  0.060  0.011
 0.035  0.023 -0.022
 0.065  0.063  0.019
 0.109  0.088  0.053
 0.112  0.097  0.086
 0.122  0.071  0.033
 0.040  0.036  0.010
 0.119  0.078  0.030
 0.039  0.034  0.020
 0.064  0.033  0.023
 0.099  0.077  0.074
 0.103  0.041  0.032
 0.102  0.064  0.048
 0.074  0.047  0.045
 0.083  0.074  0.067
 0.067  0.036  0.033
 0.187  0.146  0.112
 0.133  0.076  0.079
 0.146  0.100  0.112
 0.086  0.006  0.032
 0.072  0.027  0.042
 0.066  0.010  0.008
 0.054  0.013  0.017
 0.038 -0.003  0.020
 0.062  0.034  0.071
-0.056  0.053  0.144
 0.021 -0.008  0.017
 0.019  0.139  0.190
 0.025  0.005  0.035
 0.049  0.015  0.062
 0.091  0.065  0.120
 0.120  0.075  0.109
 0.036 -0.011  0.015
 0.015 -0.036 -0.011
 0.164  0.053  0.019
 0.052 -0.019  0.017
 0.194  0.067  0.048
 0.076 -0.007  0.013
 0.184  0.097  0.069
 0.070  0.005  0.027
 0.068  0.037  0.063
-0.058  0.069  0.154
 0.062  0.028  0.050
 0.114  0.058  0.080
 0.130  0.094  0.143
 0.204  0.117  0.145
 0.083  0.057  0.122
 0.084  0.035  0.059
 0.047  0.022  0.063
 0.082  0.042  0.090
 0.209  0.152  0.162
 0.117  0.064  0.101
 0.155  0.111  0.149
 0.072  0.037  0.083
 0.073  0.065  0.090
 0.067  0.056  0.100
 0.092  0.064  0.104
 0.166  0.115  0.152
 0.038  0.033  0.092
 0.029  0.077  0.132
-0.064 -0.022  0.059
-0.046  0.017  0.105
-0.038  0.005  0.082
-0.027  0.022  0.066
-0.063 -0.033  0.029
-0.022  0.034  0.084
-0.034  0.001  0.056
 0.136  0.121  0.128
 0.044  0.070  0.154
 0.131  0.149  0.178
-0.106 -0.069 -0.087
-0.142 -0.066 -0.074
-0.135 -0.105 -0.089
-0.045 -0.022  0.051
 0.001 -0.014  0.073
-0.007 -0.016  0.083
-0.060 -0.076 -0.018
-0.091 -0.093 -0.054
-0.003 -0.035  0.040
-0.004 -0.009  0.067
-0.039 -0.062 -0.050
 0.106  0.019 -0.037
 0.023 -0.012  0.058
 0.111  0.064  0.111
 0.083  0.013  0.115
 0.177  0.100  0.127
 0.118  0.006  0.089
 0.248  0.122  0.168
 0.126 -0.009  0.049
 0.001 -0.030  0.019
-0.000 -0.066 -0.014
 0.192  0.052  0.028
 0.133  0.081  0.086
 0.025  0.016  0.006
-0.011  0.003  0.030
-0.033 -0.059 -0.034
-0.230 -0.166 -0.105
-0.174 -0.169 -0.170
-0.231 -0.190 -0.160
-0.138 -0.166 -0.155
-0.177 -0.161 -0.137
-0.068 -0.128 -0.157
-0.189 -0.185 -0.175
-0.060 -0.116 -0.152
-0.158 -0.169 -0.150
-0.143 -0.180 -0.154
-0.090 -0.118 -0.086
-0.167 -0.153 -0.099
-0.105 -0.151 -0.152
-0.058 -0.130 -0.153
-0.101 -0.146 -0.151
 0.003 -0.043 -0.076
-0.104 -0.134 -0.123
-0.085 -0.089 -0.073
-0.075 -0.093 -0.056
-0.053 -0.076 -0.036
-0.056 -0.101 -0.061
-0.045 -0.067 -0.041
-0.064 -0.111 -0.091
-0.113 -0.007  0.060
-0.025 -0.077 -0.089
 0.004 -0.068 -0.100
-0.042 -0.087 -0.115
-0.042 -0.060 -0.082
-0.013 -0.073 -0.096
-0.043 -0.075 -0.082
-0.059 -0.100 -0.090
-0.110 -0.143 -0.118
-0.020 -0.076 -0.087
-0.105 -0.106 -0.082
-0.098 -0.109 -0.086
-0.027 -0.029 -0.038
-0.066 -0.097 -0.087
-0.030 -0.041 -0.037
-0.094 -0.099 -0.083
-0.105 -0.059 -0.042
-0.097 -0.034 -0.026
-0.097 -0.056 -0.049
-0.073 -0.053 -0.028
-0.004  0.014  0.035
-0.025 -0.036 -0.010
-0.044 -0.005  0.010
-0.047 -0.005  0.007
 0.109  0.096  0.050
-0.004  0.017  0.027
-0.006  0.023  0.045
-0.034 -0.005  0.023
-0.049 -0.047 -0.035
-0.092 -0.081 -0.072
-0.041 -0.066 -0.084
-0.042 -0.050 -0.056
 0.033 -0.017 -0.038
-0.012 -0.013 -0.004
 0.013 -0.036 -0.066
-0.084 -0.096 -0.108
-0.072 -0.105 -0.126
-0.117 -0.099 -0.092
-0.058 -0.076 -0.085
 0.003  0.007 -0.004
-0.084 -0.105 -0.104
-0.082 -0.069 -0.095
-0.047 -0.066 -0.085
 0.050  0.042 -0.006
 0.017 -0.016 -0.040
 0.162  0.095  0.035
 0.013 -0.018 -0.020
 0.058  0.047  0.025
-0.058 -0.057 -0.047
 0.047  0.040  0.009
-0.046 -0.042 -0.034
-0.124 -0.006  0.059
-0.017 -0.014  0.007
-0.050 -0.026 -0.001
-0.078 -0.055 -0.053
-0.058 -0.036 -0.048
-0.086 -0.042 -0.060
-0.106 -0.010  0.007
-0.060 -0.014 -0.012
 0.018  0.013 -0.013
-0.087 -0.057 -0.066
 0.012  0.017 -0.037
-0.103 -0.063 -0.078
 0.052  0.060  0.004
-0.004  0.002 -0.025
-0.008  0.017 -0.015
-0.136 -0.040 -0.069
-0.093  0.021 -0.040
-0.108 -0.015 -0.061
-0.021  0.094  0.026
-0.003  0.082  0.019
-0.073  0.159  0.164
-0.013  0.021 -0.048
-0.007  0.014 -0.066
-0.013  0.010 -0.063
 0.165  0.145  0.028
 0.110  0.118  0.028
 0.055  0.085 -0.010
 0.054  0.107  0.009
 0.017  0.065 -0.029
 0.003  0.046 -0.050
 0.063  0.105  0.015
 0.113  0.106  0.005
 0.118  0.100 -0.000
 0.098  0.065 -0.040
 0.059  0.043 -0.064
 0.134  0.086 -0.039
 0.061  0.058 -0.028
 0.040  0.061 -0.014
 0.058  0.068  0.019
 0.085  0.121  0.087
-0.016  0.120  0.151
-0.036 -0.012 -0.014
-0.048 -0.022 -0.036
-0.111 -0.057 -0.071
 0.006 -0.008 -0.057
 0.012  0.016 -0.016
 0.112  0.051 -0.025
-0.067 -0.061 -0.085
-0.001  0.017 -0.045
-0.065 -0.061 -0.095
-0.038 -0.013 -0.053
 0.032  0.003 -0.057
-0.009 -0.024 -0.072
-0.010 -0.043 -0.111
-0.042 -0.050 -0.108
 0.120  0.063 -0.051
 0.060  0.042 -0.031
 0.094  0.079 -0.001
-0.014  0.148  0.144
-0.039 -0.051 -0.103
-0.039 -0.071 -0.127
-0.057 -0.077 -0.128
 0.032 -0.030 -0.096
 0.076  0.043 -0.017
 0.184  0.085 -0.011
 0.077  0.035 -0.023
 0.214  0.153  0.045
 0.124  0.092  0.032
 0.224  0.167  0.091
 0.124  0.110  0.092
 0.240  0.184  0.129
 0.089  0.049  0.037
 0.008  0.007 -0.003
-0.001 -0.007 -0.034
-0.056 -0.039 -0.052
-0.067 -0.063 -0.079
-0.130 -0.085 -0.053
-0.017  0.039  0.047
-0.035  0.159  0.225
-0.064  0.004  0.076
 0.011  0.013  0.069
-0.095 -0.029  0.056
 0.005  0.018  0.047
-0.121 -0.073 -0.014
-0.087 -0.076 -0.033
-0.080 -0.057 -0.002
 0.019  0.003  0.027
-0.046 -0.064 -0.031
-0.028 -0.078 -0.068
-0.111 -0.138 -0.110
-0.006 -0.087 -0.078
-0.036 -0.061 -0.021
 0.131  0.045  0.038
-0.016 -0.077 -0.028
-0.079 -0.103 -0.051
-0.051  0.002  0.043
-0.059 -0.062 -0.036
-0.015 -0.036 -0.021
 0.049  0.022  0.028
 0.051  0.209  0.259
 0.036  0.004 -0.001
-0.053  0.003  0.038
-0.019 -0.018 -0.022
 0.022  0.010 -0.007
 0.033  0.029  0.023
 0.067  0.035  0.031
 0.069  0.053  0.049
 0.003  0.013  0.038
-0.020 -0.028 -0.016
 0.005 -0.028 -0.030
-0.007 -0.034 -0.013
 0.145  0.043  0.014
 0.053  0.014  0.034
 0.003 -0.028 -0.006
-0.066 -0.056 -0.008
-0.078 -0.038 -0.003
-0.094  0.122  0.219
-0.009  0.017  0.054
 0.069  0.080  0.104
 0.038  0.053  0.084
 0.074  0.078  0.089
-0.003  0.056  0.098
 0.032  0.076  0.123
 0.086  0.147  0.199
 0.121  0.130  0.189
 0.071  0.060  0.102
-0.007 -0.020  0.033
-0.050 -0.039 -0.003
-0.054 -0.076 -0.076
-0.042 -0.062 -0.064
-0.076  0.036  0.113
 0.060 -0.017 -0.018
 0.120  0.015 -0.014
 0.061  0.022  0.003
 0.111  0.066  0.023
 0.057  0.053  0.060
 0.116  0.069  0.076
 0.061  0.027 -0.005
 0.154  0.067  0.007
 0.049  0.007 -0.031
 0.176  0.098 -0.001
 0.056  0.020 -0.034
 0.094  0.052 -0.009
 0.139  0.092  0.037
 0.163  0.105  0.072
 0.135  0.051  0.014
 0.144  0.036 -0.006
 0.032 -0.060 -0.089
 0.077 -0.018 -0.079
-0.008 -0.053 -0.088
 0.096  0.058 -0.010
-0.040 -0.052 -0.063
-0.026 -0.041 -0.050
 0.007 -0.034 -0.051
-0.033 -0.016 -0.003
 0.000  0.029  0.025
-0.091  0.151  0.230
-0.006  0.011  0.022
 0.120  0.095  0.059
 0.013  0.031  0.026
 0.075  0.047  0.010
-0.009  0.016  0.003
-0.072  0.023  0.050
 0.030  0.040  0.033
 0.059  0.046  0.032
 0.001  0.018  0.019
 0.033  0.015 -0.012
 0.010  0.002 -0.017
 0.049  0.022 -0.004
 0.051  0.045  0.029
 0.149  0.117  0.088
 0.088  0.081  0.073
 0.172  0.173  0.129
 0.075  0.078  0.043
 0.109  0.128  0.078
 0.061  0.060  0.014
 0.125  0.132  0.068
 0.058  0.043  0.011
 0.043  0.040  0.012
 0.026  0.002 -0.022
 0.012  0.013 -0.011
-0.105  0.062  0.123
-0.020 -0.011 -0.019
-0.055 -0.024 -0.009
-0.049 -0.043 -0.017
-0.013 -0.019 -0.004
-0.062 -0.040 -0.002
 0.028  0.004  0.004
-0.082 -0.052 -0.009
 0.052  0.043  0.034
-0.051 -0.026  0.013
 0.048  0.068  0.083
-0.056 -0.032  0.018
-0.070 -0.023  0.027
-0.107 -0.075 -0.028
-0.107 -0.066 -0.039
-0.102 -0.083 -0.052
-0.048 -0.031 -0.010
-0.124 -0.000  0.082
-0.073 -0.065 -0.048
-0.005 -0.031 -0.046
-0.054 -0.046 -0.045
 0.095  0.047 -0.006
-0.017 -0.024 -0.038
 0.130  0.081  0.017
-0.006 -0.005 -0.032
 0.114  0.083 -0.001
 0.001 -0.002 -0.048
 0.060  0.076  0.015
 0.074  0.052  0.015
 0.063  0.047  0.011
 0.015  0.188  0.193
 0.005  0.025 -0.010
-0.125  0.064  0.116
-0.040 -0.018 -0.024
-0.022  0.035  0.059
 0.044  0.051  0.055
 0.084  0.039  0.006
-0.035 -0.042 -0.046
 0.088  0.051 -0.004
-0.028 -0.021 -0.035
 0.062  0.078  0.044
-0.005  0.017  0.037
-0.044 -0.013  0.013
-0.132 -0.023  0.040
-0.103 -0.058 -0.025
-0.036 -0.019 -0.002
-0.067 -0.029  0.016
 0.092  0.049  0.042
 0.040  0.035  0.056
 0.044  0.041  0.038
-0.089 -0.076 -0.044
 0.013 -0.021 -0.039
-0.110 -0.076 -0.046
-0.056 -0.062 -0.043
-0.074 -0.046 -0.002
 0.113  0.060  0.052
 0.004 -0.007  0.006
-0.022 -0.001  0.006
 0.008  0.054  0.052
-0.019  0.018  0.017
 0.015  0.031  0.018
 0.072  0.073  0.042
 0.216  0.155  0.085
 0.097  0.070  0.036
 0.156  0.153  0.082
 0.034  0.031 -0.006
 0.003  0.009 -0.017
-0.002 -0.026 -0.035
 0.133  0.091  0.062
 0.005  0.003  0.029
-0.048 -0.008  0.009
-0.082 -0.048 -0.023
-0.072 -0.019 -0.010
-0.030 -0.008  0.007
 0.025  0.042  0.042
 0.027  0.025  0.033
-0.023 -0.013 -0.003
-0.055  0.125  0.172
-0.078 -0.054 -0.032
-0.147 -0.039  0.043
-0.043 -0.033  0.005
-0.007 -0.017  0.007
-0.101 -0.075 -0.036
-0.040 -0.053 -0.046
-0.133 -0.094 -0.049
-0.069 -0.083 -0.069
-0.133 -0.114 -0.072
-0.043 -0.087 -0.090
-0.194 -0.194 -0.156
-0.079 -0.118 -0.139
-0.173 -0.178 -0.158
-0.052 -0.060 -0.069
 0.001 -0.042 -0.048
 0.019 -0.036 -0.039
 0.020 -0.039 -0.047
 0.030 -0.045 -0.064
 0.196  0.087  0.019
 0.068  0.022 -0.010
 0.004 -0.027 -0.037
-0.009 -0.028 -0.027
 0.049  0.023  0.023
 0.133  0.075  0.059
 0.061  0.031  0.030
 0.146  0.061  0.021
 0.077  0.027  0.021
 0.105  0.029  0.009
 0.077  0.027  0.015
 0.116  0.073  0.053
 0.099  0.075  0.061
 0.149  0.070  0.015
-0.018 -0.046 -0.066
-0.043 -0.039 -0.067
-0.116 -0.137 -0.131
-0.113 -0.114 -0.103
-0.069 -0.068 -0.061
-0.093 -0.115 -0.116
 0.009 -0.054 -0.100
-0.055 -0.075 -0.089
 0.078  0.038 -0.014
-0.016 -0.033 -0.042
 0.054  0.044  0.026
 0.020 -0.013  0.006
-0.014 -0.035 -0.004
-0.019 -0.048 -0.005
-0.006 -0.009  0.043
-0.019 -0.017  0.044
-0.007  0.000  0.042
-0.021 -0.047 -0.012
 0.105  0.038  0.023
-0.017 -0.094 -0.083
-0.058 -0.105 -0.094
-0.046 -0.096 -0.080
-0.025 -0.046 -0.042
-0.044  0.106  0.147
-0.016 -0.038 -0.047
 0.030 -0.013 -0.021
 0.016 -0.024 -0.020
 0.081 -0.002 -0.044
 0.008 -0.015 -0.021
 0.119  0.063  0.015
 0.012 -0.007 -0.004
 0.114  0.025  0.013
 0.071  0.017  0.043
 0.169  0.078  0.061
 0.002 -0.038 -0.003
 0.088  0.051  0.045
-0.051 -0.074 -0.038
-0.005 -0.012  0.004
-0.074 -0.100 -0.052
 0.014 -0.012  0.015
-0.037 -0.069 -0.027
-0.065 -0.079 -0.051
-0.081  0.080  0.146
-0.094 -0.086 -0.054
-0.159 -0.024  0.077
-0.036 -0.031 -0.007
-0.032 -0.064 -0.047
-0.114 -0.123 -0.090
-0.022 -0.077 -0.082
-0.076 -0.088 -0.064
 0.012  0.005  0.014
-0.037 -0.079 -0.056
-0.099 -0.113 -0.082
-0.165 -0.106 -0.032
-0.092 -0.098 -0.064
-0.041 -0.054 -0.022
 0.017 -0.004  0.003
 0.086  0.022 -0.006
-0.013 -0.020 -0.013
 0.127  0.088  0.043
-0.004  0.004  0.021
-0.003  0.001  0.008
-0.011 -0.032 -0.022
-0.035 -0.041 -0.015
 0.092  0.059  0.042
 0.051  0.067  0.083
 0.035  0.068  0.091
 0.004  0.009  0.032
-0.043 -0.004  0.028
-0.078 -0.019  0.025
-0.060 -0.038 -0.009
-0.089 -0.026  0.026
-0.003 -0.008  0.007
-0.000 -0.045 -0.049
-0.083 -0.092 -0.088
 0.023 -0.035 -0.086
-0.055 -0.068 -0.088
 0.062 -0.001 -0.056
 0.043  0.027 -0.001
 0.128  0.126  0.075
-0.028 -0.021 -0.037
-0.049 -0.035 -0.069
-0.059 -0.069 -0.104
-0.036 -0.033 -0.079
-0.055  0.011  0.004
 0.046  0.033 -0.019
 0.102  0.041 -0.032
 0.007  0.007 -0.045
 0.098  0.102  0.023
 0.020  0.016 -0.024
 0.057  0.046 -0.008
 0.083  0.048 -0.008
 0.053  0.033 -0.018
 0.041  0.019 -0.045
 0.003 -0.013 -0.078
-0.022 -0.043 -0.111
-0.013 -0.034 -0.110
 0.021 -0.031 -0.096
 0.174  0.114  0.002
 0.046 -0.003 -0.066
-0.004 -0.018 -0.084
-0.028 -0.038 -0.099
-0.011  0.003 -0.050
-0.051 -0.035 -0.075
-0.032 -0.020 -0.065
-0.007 -0.016 -0.043
-0.046 -0.042 -0.057
-0.140 -0.041 -0.013
-0.073 -0.064 -0.096
-0.059 -0.056 -0.092
-0.064 -0.022 -0.036
 0.072  0.081  0.051
 0.027  0.073  0.062
 0.094  0.126  0.077
-0.039 -0.005 -0.016
-0.036  0.020 -0.017
-0.068 -0.030 -0.056
-0.063 -0.010 -0.054
 0.025  0.085  0.040
-0.025 -0.016 -0.040
-0.062 -0.068 -0.100
-0.102 -0.080 -0.107
-0.044 -0.053 -0.109
-0.079 -0.054 -0.088
 0.050  0.054 -0.018
-0.062 -0.033 -0.041
-0.018  0.024  0.023
-0.077  0.101  0.170
 0.041  0.054  0.046
 0.051  0.031 -0.011
-0.020 -0.009 -0.039
 0.045  0.013 -0.064
-0.042 -0.047 -0.092
 0.083  0.025 -0.045
 0.069  0.038 -0.009
 0.131  0.112  0.053
-0.014 -0.015 -0.035
-0.011  0.008 -0.007
-0.052 -0.028 -0.020
-0.044 -0.017 -0.006
-0.107  0.077  0.159
-0.036 -0.014  0.004
 0.006 -0.019 -0.041
-0.104 -0.078 -0.070
-0.082 -0.021 -0.021
-0.109 -0.058 -0.043
-0.047  0.004  0.012
-0.012  0.015  0.015
-0.014  0.019  0.035
-0.064 -0.027 -0.011
-0.048 -0.007  0.003
-0.056 -0.019  0.011
-0.017  0.017  0.040
 0.053  0.067  0.066
-0.013 -0.015  0.003
-0.028 -0.036 -0.031
-0.036 -0.043 -0.060
-0.023 -0.056 -0.087
-0.054 -0.085 -0.117
-0.015 -0.070 -0.108
 0.056 -0.012 -0.061
 0.108  0.005 -0.054
-0.015 -0.069 -0.090
 0.103  0.023 -0.061
-0.045 -0.079 -0.111
 0.098  0.034 -0.051
 0.024 -0.007 -0.034
 0.116  0.084  0.053
 0.011  0.176  0.243
 0.055  0.058  0.062
 0.160  0.118  0.082
 0.047  0.047  0.060
-0.011  0.009  0.017
-0.155  0.009  0.095
-0.092 -0.067 -0.040
-0.098 -0.079 -0.052
 0.039  0.046  0.041
-0.039 -0.027  0.004
-0.052 -0.038 -0.022
-0.068 -0.061 -0.056
-0.053 -0.055 -0.060
-0.052 -0.055 -0.044
-0.019 -0.020 -0.027
 0.031  0.007 -0.011
-0.036 -0.055 -0.062
-0.017 -0.068 -0.103
-0.072 -0.094 -0.118
 0.065  0.007 -0.077
-0.049 -0.068 -0.106
 0.040  0.029 -0.033
 0.014 -0.007 -0.037
 0.016  0.018 -0.002
-0.014 -0.009 -0.016
-0.025 -0.007 -0.008
-0.054 -0.046 -0.048
-0.034 -0.029 -0.035
-0.030 -0.042 -0.049
 0.006 -0.008 -0.019
 0.047  0.164  0.173
 0.019  0.008  0.000
-0.078  0.069  0.122
 0.032  0.024 -0.009
-0.065  0.055  0.080
 0.025  0.017 -0.010
 0.045  0.007 -0.024
-0.040 -0.061 -0.073
 0.060 -0.006 -0.074
-0.074 -0.088 -0.106
 0.008 -0.013 -0.054
-0.090 -0.110 -0.121
-0.010 -0.015 -0.035
-0.085 -0.074 -0.069
-0.087 -0.073 -0.077
-0.107 -0.080 -0.090
-0.077 -0.038 -0.056
-0.070 -0.059 -0.068
-0.015 -0.011 -0.036
 0.018  0.017 -0.004
-0.058 -0.091 -0.103
-0.009 -0.081 -0.103
-0.049 -0.088 -0.082
-0.075 -0.080 -0.070
-0.141 -0.038  0.032
 0.026 -0.011 -0.003
 0.117  0.059  0.063
 0.073  0.041  0.065
 0.143  0.064  0.049
 0.039  0.007  0.019
 0.078  0.011 -0.003
-0.004 -0.045 -0.034
 0.023 -0.045 -0.049
 0.004 -0.037 -0.032
 0.112  0.051  0.030
 0.014  0.005  0.023
 0.041  0.071  0.084
-0.022 -0.006  0.015
 0.014  0.019  0.023
 0.041  0.023  0.025
 0.012  0.011  0.025
 0.110  0.081  0.055
-0.062 -0.064 -0.053
-0.066 -0.060 -0.045
-0.026 -0.042 -0.036
-0.012 -0.007  0.015
 0.018  0.048  0.082
-0.064 -0.028  0.017
-0.090 -0.058 -0.024
-0.137 -0.092 -0.064
-0.167  0.054  0.136
-0.103 -0.080 -0.067
-0.142  0.045  0.127
-0.071 -0.060 -0.040
-0.023 -0.038 -0.031
-0.069 -0.047 -0.016
 0.038  0.055  0.062
 0.031  0.137  0.159
 0.003  0.006  0.030
 0.026  0.002  0.013
 0.010 -0.003 -0.004
 0.122  0.063  0.011
 0.075  0.029 -0.020
 0.064  0.018 -0.037
 0.027 -0.030 -0.089
-0.020 -0.057 -0.102
-0.079 -0.115 -0.141
-0.049 -0.076 -0.108
-0.041 -0.063 -0.072
 0.021 -0.000 -0.024
-0.095  0.009  0.053
-0.062 -0.068 -0.086
-0.039 -0.062 -0.095
-0.093 -0.085 -0.115
-0.017 -0.064 -0.118
-0.009 -0.036 -0.087
 0.135  0.066 -0.006
-0.031 -0.047 -0.045
-0.035 -0.004  0.008
-0.117 -0.074 -0.023
-0.138 -0.061 -0.016
-0.116 -0.038  0.019
-0.077  0.003  0.054
-0.137 -0.014  0.078
-0.142 -0.068 -0.004
-0.102 -0.066 -0.033
-0.117 -0.059 -0.013
-0.017 -0.019 -0.006
-0.019 -0.001  0.031
 0.104  0.105  0.097
-0.048 -0.010  0.041
-0.058 -0.002  0.024
-0.069 -0.030  0.006
-0.017  0.027  0.040
-0.015 -0.012 -0.001
 0.131  0.109  0.065
 0.039 -0.003 -0.029
-0.019 -0.056 -0.072
 0.001  0.009 -0.024
-0.032 -0.048 -0.075
 0.013 -0.025 -0.068
-0.001 -0.014 -0.045
 0.082  0.079  0.016
 0.090  0.133  0.085
 0.077  0.036 -0.023
 0.132  0.066 -0.005
 0.031 -0.004 -0.035
 0.135  0.061 -0.016
 0.017 -0.001 -0.022
-0.004  0.001 -0.012
 0.027  0.023  0.003
 0.080  0.047  0.016
-0.002 -0.013 -0.014
-0.027 -0.052 -0.036
-0.117 -0.086 -0.009
 0.011 -0.010  0.019
-0.026 -0.021  0.036
 0.046  0.044  0.053
 0.059  0.196  0.211
-0.017 -0.030 -0.024
 0.004 -0.036 -0.062
-0.056 -0.066 -0.065
 0.101  0.038 -0.000
 0.039  0.003  0.013
 0.067  0.033  0.037
 0.045  0.067  0.098
-0.008 -0.054 -0.035
-0.007 -0.065 -0.069
 0.010 -0.050 -0.065
 0.112  0.015 -0.022
 0.151  0.078  0.046
 0.215  0.129  0.086
 0.069  0.022  0.016
 0.054  0.021  0.008
 0.083  0.052  0.049
 0.074  0.030  0.028
 0.125  0.068  0.054
 0.042  0.022  0.041
 0.133  0.082  0.048
 0.019  0.003 -0.005
 0.078  0.073  0.044
 0.075  0.032  0.013
 0.136  0.100  0.057
 0.085  0.044  0.027
 0.037  0.016  0.022
-0.075  0.048  0.124
-0.019 -0.022  0.001
-0.026 -0.047 -0.022
-0.013 -0.031 -0.005
 0.090  0.035  0.032
-0.037 -0.045 -0.006
 0.055  0.028  0.007
-0.071 -0.050 -0.025
-0.018 -0.031 -0.033
-0.015  0.012  0.034
 0.121  0.109  0.109
 0.027  0.075  0.127
 0.120  0.121  0.114
-0.010  0.023  0.051
 0.092  0.103  0.100
-0.002 -0.002  0.031
 0.071  0.062  0.070
 0.100  0.043  0.036
 0.037  0.016  0.017
-0.019 -0.005  0.009
-0.046 -0.032 -0.015
-0.019 -0.041 -0.043
-0.006 -0.026 -0.014
 0.108  0.032 -0.007
-0.001 -0.034 -0.044
 0.040  0.015 -0.003
-0.100 -0.011  0.044
-0.041 -0.054 -0.045
 0.037 -0.008 -0.017
 0.040  0.020  0.018
 0.178  0.112  0.069
 0.077  0.053  0.063
 0.143  0.093  0.066
-0.020 -0.010  0.008
 0.081  0.036  0.013
-0.038 -0.017  0.005
 0.095  0.084  0.075
 0.012  0.029  0.050
-0.079 -0.037  0.018
-0.130 -0.007  0.054
-0.164 -0.106 -0.061
-0.177 -0.097 -0.051
-0.077 -0.030 -0.011
 0.063  0.046  0.024
 0.019  0.013  0.013
 0.064  0.069  0.040
-0.067 -0.063 -0.064
-0.059 -0.039 -0.045
-0.094 -0.100 -0.094
 0.045  0.025 -0.009
-0.047 -0.079 -0.093
-0.041 -0.077 -0.104
-0.166 -0.033  0.025
-0.118 -0.133 -0.138
-0.101 -0.130 -0.152
-0.147 -0.140 -0.147
-0.050 -0.081 -0.124
-0.119 -0.116 -0.116
 0.012 -0.046 -0.089
-0.100 -0.124 -0.139
 0.013 -0.051 -0.117
-0.103 -0.110 -0.114
-0.005 -0.052 -0.080
-0.055 -0.063 -0.059
 0.105  0.053 -0.000
-0.011 -0.022 -0.031
-0.054 -0.051 -0.058
-0.067 -0.077 -0.076
-0.056 -0.068 -0.076
-0.056 -0.090 -0.087
-0.057 -0.070 -0.053
-0.047 -0.036 -0.003
-0.059 -0.061 -0.026
 0.017 -0.015 -0.018
-0.065 -0.046 -0.026
-0.035 -0.007 -0.010
 0.028  0.002 -0.023
 0.073  0.028  0.003
 0.083  0.019  0.005
-0.027 -0.051 -0.038
 0.083  0.037 -0.009
-0.050 -0.050 -0.053
 0.083  0.048  0.001
 0.012 -0.003 -0.016
 0.202  0.135  0.069
 0.084  0.044  0.037
 0.054  0.028  0.023
-0.038  0.016  0.048
-0.008 -0.014 -0.016
 0.071  0.007 -0.037
 0.000 -0.043 -0.063
 0.091  0.051  0.026
 0.043 -0.012 -0.018
-0.032 -0.057 -0.053
-0.095 -0.088 -0.074
-0.093 -0.108 -0.105
 0.003 -0.045 -0.071
-0.116 -0.111 -0.089
-0.078 -0.066 -0.038
 0.035  0.007  0.005
 0.071  0.051  0.045
 0.104  0.088  0.052
-0.028 -0.039 -0.053
-0.035 -0.038 -0.060
-0.062 -0.073 -0.078
-0.061 -0.062 -0.057
-0.033 -0.048 -0.037
-0.014 -0.018  0.013
-0.140  0.001  0.117
-0.105 -0.080  0.005
-0.069 -0.087 -0.023
-0.115 -0.107 -0.029
 0.053  0.029  0.050
 0.013 -0.007  0.047
 0.061  0.026  0.060
 0.052 -0.004  0.029
-0.051 -0.065 -0.008
 0.040  0.031  0.039
-0.071 -0.066 -0.035
-0.017 -0.003  0.013
 0.000 -0.019 -0.005
 0.178  0.109  0.065
 0.060  0.016  0.021
 0.045  0.008 -0.016
 0.032 -0.031 -0.058
 0.031 -0.024 -0.059
 0.025 -0.036 -0.086
 0.071  0.002 -0.067
-0.011  0.061  0.052
 0.021 -0.067 -0.127
 0.025 -0.074 -0.153
-0.010 -0.078 -0.136
 0.079 -0.014 -0.097
-0.007 -0.036 -0.073
 0.051  0.042 -0.005
-0.065  0.104  0.144
 0.035  0.013 -0.014
 0.128  0.056 -0.010
 0.110  0.046  0.001
 0.107  0.047 -0.011
 0.006 -0.039 -0.080
-0.020 -0.026 -0.063
-0.041 -0.040 -0.057
-0.038 -0.021 -0.026
-0.040 -0.022 -0.002
-0.026  0.006  0.024
-0.136  0.093  0.181
-0.112 -0.074 -0.054
-0.133 -0.074 -0.046
-0.096 -0.066 -0.056
-0.014 -0.023 -0.038
 0.013  0.008 -0.005
 0.138  0.085  0.029
-0.036 -0.023 -0.015
-0.052 -0.010 -0.006
-0.069 -0.030 -0.016
-0.005  0.027  0.025
-0.025  0.153  0.200
 0.091  0.076  0.053
 0.110  0.057  0.022
 0.036  0.027  0.023
 0.168  0.112  0.045
 0.044  0.015 -0.001
 0.100  0.065  0.029
 0.090  0.229  0.238
 0.143  0.100  0.058
 0.193  0.109  0.045
 0.063  0.042  0.017
 0.053  0.051  0.022
 0.004  0.009  0.013
 0.037  0.046  0.039
-0.002  0.148  0.208
 0.082  0.075  0.072
 0.096  0.048  0.036
-0.017 -0.021  0.000
 0.050  0.015  0.010
-0.076 -0.034  0.020
 0.070  0.086  0.101
-0.033  0.022  0.079
-0.114 -0.045  0.010
-0.134 -0.076 -0.024
-0.137 -0.079 -0.047
-0.113 -0.079 -0.062
-0.081 -0.060 -0.054
-0.056  0.017  0.056
-0.058 -0.033 -0.002
-0.035 -0.017  0.017
-0.042 -0.006  0.036
 0.028  0.019  0.017
 0.028  0.051  0.059
 0.183  0.155  0.111
 0.068  0.075  0.088
 0.060  0.077  0.085
 0.017  0.014  0.021
 0.012  0.008  0.009
 0.010 -0.012 -0.015
 0.132  0.058  0.008
 0.055  0.036  0.035
 0.122  0.071  0.044
-0.020 -0.020 -0.005
 0.106  0.057  0.018
-0.010 -0.009 -0.004
 0.072  0.032  0.009
-0.013 -0.003  0.009
 0.082  0.045  0.015
 0.024  0.022  0.016
 0.143  0.102  0.061
-0.016 -0.022 -0.019
 0.106  0.066  0.018
-0.024 -0.027 -0.018
 0.007 -0.025 -0.038
-0.014 -0.016 -0.012
-0.026  0.066  0.107
 0.072  0.079  0.081
-0.006  0.044  0.071
-0.003  0.022  0.032
-0.003  0.168  0.211
-0.054 -0.012  0.025
-0.082 -0.041 -0.003
-0.055 -0.017  0.003
 0.002  0.189  0.228
-0.001  0.019  0.038
-0.002 -0.003  0.017
-0.067 -0.036 -0.001
-0.008 -0.019 -0.010
-0.056 -0.031  0.003
 0.009  0.024  0.050
 0.050  0.057  0.067
 0.060  0.048  0.058
 0.012  0.007  0.028
 0.048  0.005  0.010
 0.020 -0.011 -0.001
 0.081  0.018  0.010
 0.100  0.038  0.037
 0.144  0.059  0.039
 0.029 -0.014 -0.002
 0.089  0.003 -0.026
 0.029 -0.025 -0.033
 0.201  0.083  0.002
 0.154  0.057 -0.010
 0.158  0.066 -0.012
 0.127  0.016 -0.075
 0.050 -0.041 -0.102
-0.083  0.002  0.026
 0.002 -0.088 -0.119
-0.028 -0.109 -0.128
-0.014 -0.079 -0.094
-0.093 -0.055 -0.011
-0.015 -0.063 -0.053
 0.128  0.045  0.013
 0.099  0.045  0.024
 0.176  0.131  0.081
 0.064  0.032  0.022
-0.039 -0.021  0.016
-0.144 -0.056  0.023
-0.136 -0.085 -0.026
-0.118 -0.083 -0.029
-0.053 -0.024  0.003
-0.036 -0.044 -0.025
-0.115 -0.097 -0.058
-0.153 -0.138 -0.090
-0.157 -0.127 -0.073
-0.133 -0.109 -0.042
-0.064 -0.031  0.015
-0.056  0.146  0.244
 0.027  0.049  0.088
-0.003 -0.001  0.047
-0.047 -0.043  0.023
-0.004 -0.036 -0.023
-0.040 -0.052 -0.031
 0.105  0.033 -0.001
 0.095  0.034  0.013
 0.140  0.091  0.073
 0.022 -0.035 -0.011
 0.002 -0.058 -0.048
-0.036 -0.095 -0.076
-0.023 -0.078 -0.078
 0.002 -0.051 -0.055
 0.053 -0.007 -0.042
 0.028 -0.037 -0.063
 0.007 -0.056 -0.082
-0.019 -0.079 -0.092
 0.004 -0.056 -0.068
 0.005 -0.064 -0.079
 0.056 -0.014 -0.044
 0.023 -0.000  0.005
-0.018 -0.073 -0.067
 0.033 -0.050 -0.061
-0.051 -0.076 -0.057
 0.096  0.066  0.041
-0.020 -0.016 -0.010
 0.065  0.070  0.037
-0.032 -0.029 -0.032
 0.073  0.050  0.008
-0.032  0.007  0.018
 0.080  0.092  0.085
-0.083 -0.039  0.005
-0.017  0.037  0.052
-0.114 -0.050 -0.001
-0.041  0.039  0.062
-0.107 -0.032  0.020
 0.063  0.086  0.074
-0.019  0.030  0.042
 0.125  0.126  0.091
-0.044 -0.034 -0.020
 0.064  0.050  0.003
-0.042 -0.055 -0.067
 0.101  0.070  0.008
 0.045  0.005 -0.039
 0.085  0.034 -0.029
 0.044 -0.003 -0.046
 0.016 -0.040 -0.071
 0.063 -0.033 -0.093
 0.001 -0.058 -0.089
 0.157  0.060 -0.030
 0.070  0.002 -0.059
 0.123  0.055 -0.034
 0.088  0.053 -0.018
 0.035 -0.025 -0.079
 0.045 -0.028 -0.083
 0.004 -0.045 -0.072
 0.073  0.038  0.004
-0.024 -0.061 -0.063
-0.076 -0.013  0.033
 0.042 -0.001 -0.027
 0.053  0.024  0.008
 0.010 -0.027 -0.028
 0.003 -0.050 -0.058
-0.060 -0.085 -0.075
-0.055 -0.078 -0.060
-0.110 -0.076 -0.008
-0.068 -0.047  0.006
-0.076 -0.038  0.021
-0.001  0.003  0.026
-0.132 -0.090 -0.036
 0.006  0.018  0.007
-0.120 -0.074 -0.043
 0.005  0.019 -0.006
-0.079 -0.035 -0.024
-0.005  0.007 -0.017
-0.113 -0.064 -0.050
-0.063 -0.034 -0.042
-0.112 -0.048 -0.025
-0.054 -0.013 -0.000
-0.018  0.016  0.023
 0.067  0.056  0.024
-0.007 -0.007 -0.008
 0.125  0.067  0.025
 0.010 -0.024 -0.012
 0.095  0.022  0.002
 0.007 -0.034 -0.026
 0.041 -0.023 -0.031
-0.015 -0.068 -0.059
 0.035 -0.044 -0.058
 0.032 -0.032 -0.034
 0.115  0.029 -0.008
 0.090  0.025 -0.011
 0.193  0.118  0.055
 0.057 -0.008 -0.019
 0.040 -0.011 -0.018
 0.034 -0.006  0.010
 0.120  0.088  0.073
 0.068  0.023  0.020
 0.192  0.101  0.040
 0.061  0.016 -0.000
 0.119  0.083  0.041
-0.047 -0.054 -0.050
 0.028  0.042  0.025
-0.097 -0.060 -0.029
 0.051  0.075  0.046
-0.043 -0.016 -0.007
-0.082 -0.030  0.007
-0.076  0.064  0.116
-0.119 -0.037  0.022
-0.066  0.174  0.255
-0.014  0.037  0.066
 0.049  0.061  0.058
-0.074 -0.033 -0.012
-0.059 -0.047 -0.074
-0.151 -0.107 -0.091
-0.012 -0.025 -0.052
-0.075 -0.070 -0.085
 0.119  0.063 -0.026
-0.005 -0.040 -0.079
-0.013 -0.035 -0.083
-0.052 -0.066 -0.094
-0.023 -0.043 -0.081
 0.002 -0.024 -0.073
 0.075  0.028 -0.048
-0.007  0.080  0.072
 0.053  0.020 -0.021
 0.104  0.040 -0.017
 0.037 -0.001 -0.032
 0.139  0.063 -0.012
 0.048  0.010 -0.026
 0.189  0.097  0.004
 0.068  0.024 -0.010
 0.020  0.004 -0.013
-0.023 -0.039 -0.041
-0.023 -0.045 -0.064
-0.019 -0.061 -0.098
 0.022 -0.030 -0.086
 0.018 -0.027 -0.073
-0.007 -0.021 -0.044
-0.012 -0.027 -0.039
 0.005 -0.008 -0.026
-0.036 -0.022 -0.021
-0.038  0.009  0.008
-0.118  0.054  0.092
-0.099 -0.036 -0.023
-0.149 -0.060 -0.017
-0.167 -0.090 -0.045
-0.180 -0.079 -0.023
-0.109 -0.049 -0.020
 0.002  0.124  0.118
 0.002  0.021 -0.016
-0.039  0.015 -0.000
-0.053 -0.019 -0.033
-0.036 -0.015 -0.018
-0.092 -0.049 -0.036
-0.041 -0.022 -0.019
-0.022 -0.014 -0.032
 0.086  0.047 -0.017
 0.016 -0.001 -0.028
 0.029  0.025  0.006
-0.035 -0.043 -0.040
-0.020 -0.025 -0.028
-0.053  0.010  0.033
 0.050  0.042  0.027
 0.125  0.084  0.041
 0.048  0.036  0.044
 0.174  0.132  0.094
 0.034  0.015  0.021
 0.098  0.064  0.039
 0.053  0.023  0.018
 0.057  0.027  0.023
 0.051  0.139  0.156
 0.019 -0.009 -0.011
-0.001 -0.018 -0.025
-0.015 -0.025 -0.018
 0.086  0.076  0.040
-0.005 -0.002  0.008
 0.032  0.032  0.013
 0.066  0.220  0.218
-0.037 -0.035 -0.041
-0.045 -0.044 -0.050
-0.095 -0.056 -0.033
 0.008  0.029  0.022
-0.070 -0.004  0.032
 0.089  0.138  0.122
-0.011  0.027  0.043
-0.066 -0.011  0.029
-0.154 -0.010  0.084
-0.102 -0.020  0.037
-0.045 -0.003  0.029
-0.042 -0.001  0.007
 0.131  0.113  0.059
-0.055 -0.031 -0.020
-0.066 -0.027 -0.010
-0.076 -0.029  0.009
-0.058 -0.015  0.012
-0.063 -0.010  0.014
-0.033  0.020  0.024
 0.023  0.165  0.178
-0.023  0.010  0.016
-0.101  0.104  0.182
-0.006 -0.004 -0.004
 0.068  0.126  0.119
 0.059  0.061  0.052
 0.055  0.071  0.061
 0.055  0.050  0.038
 0.098  0.067  0.053
 0.032  0.021  0.035
 0.094  0.069  0.065
-0.001  0.009  0.042
 0.058  0.043  0.044
-0.068 -0.042  0.017
 0.022  0.020  0.039
-0.125 -0.093 -0.025
-0.022  0.018  0.048
-0.098 -0.042  0.027
-0.068 -0.013  0.046
-0.072  0.002  0.055
-0.140 -0.085 -0.019
-0.175  0.071  0.197
-0.143 -0.070  0.001
-0.134 -0.045  0.030
-0.084  0.009  0.077
-0.083  0.005  0.075
-0.093 -0.012  0.054
-0.095 -0.024  0.053
-0.078 -0.004  0.067
-0.115  0.125  0.241
-0.024  0.017  0.054
 0.039  0.041  0.032
-0.062 -0.046 -0.035
-0.007  0.007 -0.009
-0.083 -0.083 -0.087
-0.062 -0.070 -0.094
-0.051 -0.069 -0.090
-0.026 -0.049 -0.075
-0.031 -0.047 -0.055
 0.003 -0.016 -0.038
 0.011  0.001 -0.026
 0.048  0.033 -0.006
-0.025  0.009 -0.004
-0.032 -0.043 -0.053
 0.043  0.004 -0.034
-0.043 -0.052 -0.068
 0.072  0.062  0.007
 0.002 -0.006 -0.044
 0.049  0.031 -0.024
 0.053  0.033 -0.015
 0.023  0.003 -0.021
 0.162  0.101  0.033
 0.022 -0.008 -0.036
 0.067  0.030 -0.020
 0.048  0.009 -0.049
 0.093  0.030 -0.047
-0.067  0.030  0.048
 0.006 -0.056 -0.093
-0.075 -0.061 -0.049
-0.048 -0.068 -0.057
-0.153 -0.020  0.065
-0.059 -0.019  0.026
-0.038 -0.000  0.049
-0.122 -0.052  0.034
-0.007  0.031  0.064
-0.108 -0.036  0.034
-0.052  0.005  0.043
-0.015  0.013  0.019
-0.021 -0.000  0.006
-0.023 -0.016 -0.014
-0.026 -0.015  0.003
-0.039 -0.019 -0.001
 0.110  0.105  0.064
 0.043  0.028  0.001
 0.185  0.129  0.035
 0.053  0.030 -0.012
 0.022  0.007 -0.013
 0.003 -0.026 -0.044
 0.006 -0.030 -0.050
-0.028 -0.046 -0.069
 0.002 -0.055 -0.100
 0.083 -0.010 -0.080
-0.024 -0.091 -0.126
 0.030 -0.033 -0.083
-0.013 -0.081 -0.112
-0.025 -0.062 -0.085
 0.016 -0.032 -0.058
-0.010 -0.028 -0.042
 0.075  0.060  0.013
 0.037  0.011 -0.029
-0.019 -0.031 -0.063
-0.020 -0.008 -0.023
-0.026 -0.022 -0.017
-0.012 -0.011 -0.009
 0.009  0.015  0.013
 0.021  0.200  0.222
 0.058  0.038  0.010
 0.040  0.005 -0.011
-0.083 -0.065 -0.033
 0.005  0.015  0.023
-0.100 -0.051  0.015
-0.024  0.020  0.048
-0.028  0.008  0.041
-0.004  0.026  0.057
-0.017 -0.004  0.035
-0.073 -0.046  0.013
 0.028  0.013  0.026
-0.078 -0.067 -0.012
 0.064  0.033  0.019
-0.023 -0.023 -0.012
 0.032  0.030  0.038
-0.049 -0.049 -0.007
-0.034 -0.037 -0.001
-0.020 -0.038  0.003
 0.054  0.011  0.029
 0.152  0.116  0.093
 0.125  0.067  0.034
 0.120  0.047  0.017
 0.070  0.024  0.018
 0.133  0.060  0.019
 0.088  0.050  0.033
 0.204  0.125  0.057
 0.107  0.057  0.011
 0.124  0.079  0.029
 0.046  0.005 -0.017
 0.060  0.013 -0.008
 0.063  0.017  0.002
 0.118  0.069  0.036
 0.141  0.099  0.052
 0.086  0.050  0.027
 0.117  0.056  0.006
 0.018  0.009 -0.004
 0.079  0.038 -0.012
 0.010  0.008 -0.009
 0.008  0.035  0.017
 0.006  0.027  0.012
-0.022  0.010  0.026
-0.104 -0.036  0.018
-0.043 -0.003  0.041
-0.075 -0.008  0.063
 0.037  0.056  0.084
-0.002  0.036  0.084
 0.099  0.117  0.134
-0.037 -0.005  0.060
 0.024  0.054  0.101
-0.031 -0.017  0.044
 0.081  0.081  0.108
 0.029  0.016  0.043
 0.067  0.054  0.050
 0.007 -0.007  0.013
 0.010 -0.021 -0.020
-0.005 -0.042 -0.041
 0.023 -0.024 -0.044
 0.042 -0.011 -0.050
 0.103  0.036 -0.039
 0.062 -0.011 -0.070
 0.021 -0.034 -0.081
 0.022  0.010 -0.020
-0.016 -0.051 -0.065
 0.017 -0.026 -0.044
 0.038  0.003 -0.026
-0.025  0.033  0.032
 0.038 -0.021 -0.062
 0.053 -0.033 -0.092
-0.017 -0.083 -0.117
 0.096 -0.012 -0.092
-0.001 -0.070 -0.105
 0.171  0.068 -0.022
 0.041 -0.025 -0.061
 0.032 -0.020 -0.048
 0.008 -0.034 -0.036
 0.026  0.009  0.014
-0.017 -0.005  0.025
-0.003  0.053  0.079
-0.036  0.033  0.067
-0.057  0.013  0.056
-0.046  0.169  0.227
-0.085 -0.010  0.035
-0.045  0.031  0.070
-0.045  0.013  0.059
-0.030  0.020  0.067
-0.005  0.032  0.054
 0.003  0.100  0.124
-0.051 -0.023 -0.000
-0.164  0.001  0.089
-0.060 -0.050 -0.031
-0.057 -0.065 -0.055
-0.001 -0.032 -0.053
 0.043 -0.017 -0.063
 0.025 -0.032 -0.062
-0.017 -0.071 -0.085
-0.022 -0.082 -0.092
 0.026 -0.064 -0.100
 0.014 -0.055 -0.083
 0.144  0.037 -0.043
 0.070  0.009 -0.029
 0.084  0.025 -0.021
 0.017 -0.038 -0.035
 0.023  0.013 -0.047
-0.072  0.000 -0.031
 0.065  0.121  0.040
 0.006  0.024 -0.047
 0.086  0.076  0.016
 0.023 -0.003 -0.025
 0.046  0.061  0.064
-0.001 -0.038  0.010
 0.056  0.047  0.078
 0.012 -0.006  0.061
 0.022  0.003  0.051
-0.080  0.099  0.221
-0.041 -0.066 -0.002
-0.123 -0.065  0.048
-0.094 -0.066  0.033
-0.165 -0.008  0.145
-0.063 -0.022  0.058
 0.001  0.014  0.072
-0.105 -0.046  0.067
-0.023 -0.007  0.079
-0.150 -0.082  0.039
-0.123 -0.073  0.029
-0.110 -0.055  0.038
-0.031 -0.006  0.045
-0.033 -0.007  0.043
 0.062  0.051  0.071
-0.091 -0.067 -0.004
 0.045  0.031  0.033
-0.050 -0.056 -0.027
 0.067  0.003 -0.024
 0.043 -0.011 -0.051
 0.199  0.106 -0.002
 0.047 -0.037 -0.089
 0.034 -0.062 -0.121
 0.003 -0.063 -0.099
 0.031 -0.067 -0.126
 0.118 -0.006 -0.101
-0.018 -0.093 -0.142
-0.008 -0.058 -0.115
-0.031 -0.022 -0.071
-0.033 -0.026 -0.079
-0.021 -0.031 -0.096
-0.123 -0.090 -0.116
 0.028 -0.000 -0.087
-0.093 -0.080 -0.126
 0.050  0.004 -0.087
-0.036 -0.038 -0.090
 0.027 -0.003 -0.077
-0.015 -0.015 -0.082
 0.091  0.059 -0.060
-0.022 -0.010 -0.065
-0.048 -0.000 -0.030
-0.082  0.001  0.010
-0.068  0.034  0.057
-0.085  0.013  0.039
-0.163 -0.038  0.015
-0.147 -0.018  0.034
-0.210  0.017  0.108
-0.102  0.009  0.029
-0.057  0.026  0.030
-0.173 -0.050 -0.008
-0.060  0.043  0.047
-0.166 -0.056 -0.022
 0.016  0.066  0.024
-0.056  0.006 -0.023
 0.003  0.061  0.028
-0.080 -0.032 -0.032
-0.060 -0.023 -0.029
-0.054 -0.033 -0.043
-0.011 -0.015 -0.049
-0.060  0.096  0.112
 0.061  0.033 -0.016
 0.106  0.051  0.002
 0.024 -0.000 -0.015
 0.045  0.020 -0.001
 0.010 -0.019 -0.024
 0.064  0.021  0.006
 0.079  0.054  0.043
 0.191  0.182  0.133
 0.115  0.117  0.085
 0.118  0.122  0.095
 0.037  0.052  0.063
 0.031  0.039  0.056
-0.001  0.001  0.033
 0.001 -0.000  0.031
 0.006 -0.008  0.005
 0.013  0.007  0.014
 0.018  0.152  0.190
-0.095 -0.017  0.072
-0.123 -0.011  0.088
-0.133 -0.018  0.076
-0.043  0.036  0.082
-0.010  0.059  0.076
 0.099  0.116  0.082
-0.054 -0.007  0.015
 0.043  0.058  0.038
-0.086 -0.047 -0.011
-0.010 -0.003  0.009
-0.017 -0.006  0.005
 0.069  0.038  0.006
 0.001 -0.010 -0.014
 0.034 -0.021 -0.052
-0.094 -0.098 -0.070
-0.033 -0.046 -0.033
-0.026 -0.027 -0.010
-0.071  0.092  0.150
 0.036 -0.002 -0.054
 0.041 -0.017 -0.078
-0.007 -0.068 -0.106
 0.027 -0.081 -0.146
 0.006 -0.100 -0.145
 0.094 -0.036 -0.112
 0.060 -0.045 -0.122
 0.212  0.050 -0.088
 0.097 -0.018 -0.100
 0.074 -0.021 -0.077
 0.026 -0.060 -0.087
 0.050 -0.028 -0.064
 0.047 -0.025 -0.052
 0.169  0.067 -0.016
 0.043  0.013 -0.009
 0.069  0.075  0.073
-0.062 -0.027  0.036
-0.082 -0.051  0.019
-0.141  0.074  0.207
-0.019 -0.027  0.005
 0.033  0.015  0.012
 0.033  0.031  0.033
 0.124  0.078  0.054
 0.016  0.017  0.032
 0.119  0.090  0.059
 0.007  0.013  0.008
 0.066  0.020 -0.043
-0.027 -0.056 -0.103
 0.056 -0.008 -0.074
-0.096 -0.115 -0.124
 0.046 -0.020 -0.086
-0.047 -0.086 -0.119
 0.016 -0.014 -0.071
 0.085  0.054 -0.021
 0.065  0.010 -0.052
 0.112  0.027 -0.056
 0.078  0.023 -0.017
 0.076  0.025 -0.013
 0.031 -0.014 -0.038
 0.070  0.025 -0.024
 0.135  0.081  0.011
 0.087  0.048  0.018
-0.035  0.065  0.116
 0.052  0.021  0.029
 0.021  0.024  0.071
 0.054  0.041  0.072
 0.133  0.100  0.095
 0.083  0.076  0.092
 0.185  0.146  0.137
 0.017  0.017  0.066
 0.026  0.023  0.055
-0.012 -0.017  0.023
 0.015 -0.004  0.010
-0.081  0.025  0.084
-0.018 -0.032 -0.011
 0.024 -0.016 -0.004
-0.103 -0.075  0.004
-0.101 -0.050  0.036
-0.062  0.078  0.156
-0.080 -0.023  0.039
-0.023  0.001  0.048
-0.095 -0.054  0.015
-0.029 -0.006  0.043
-0.078 -0.073 -0.009
-0.028 -0.042 -0.005
 0.018  0.015  0.013
 0.008 -0.028 -0.046
 0.037 -0.013 -0.031
-0.014 -0.044 -0.040
 0.072 -0.000 -0.021
 0.013 -0.035 -0.022
 0.152  0.093  0.056
 0.056  0.014  0.012
 0.063  0.021  0.003
 0.095  0.025  0.007
 0.055  0.008  0.021
 0.158  0.086  0.052
 0.036 -0.016 -0.009
 0.086  0.030  0.006
 0.057  0.020  0.001
 0.059  0.030  0.010
 0.008 -0.005 -0.008
-0.021 -0.041 -0.040
 0.040 -0.013 -0.029
-0.019 -0.044 -0.047
 0.085  0.037 -0.002
 0.038  0.028  0.008
 0.087  0.089  0.059
-0.000  0.015  0.032
 0.009  0.031  0.060
-0.114  0.105  0.224
-0.040  0.004  0.050
-0.091  0.002  0.048
-0.107 -0.030 -0.016
-0.058 -0.009 -0.039
-0.123 -0.060 -0.057
 0.000  0.018 -0.015
-0.102 -0.072 -0.056
-0.041 -0.014 -0.020
-0.082 -0.047 -0.034
 0.086  0.101  0.055
-0.003  0.017 -0.015
 0.088  0.091  0.035
-0.028 -0.029 -0.052
-0.001 -0.014 -0.052
-0.028 -0.050 -0.084
 0.038  0.019 -0.029
 0.013 -0.003 -0.051
 0.034  0.013 -0.052
-0.001 -0.023 -0.076
-0.016 -0.037 -0.068
-0.133  0.036  0.090
-0.025 -0.025 -0.035
-0.126  0.077  0.139
-0.016 -0.006 -0.037
-0.004  0.006 -0.042
-0.035 -0.007 -0.049
 0.073  0.063  0.001
-0.046 -0.020 -0.034
 0.082  0.098  0.047
-0.009  0.027  0.018
 0.120  0.125  0.087
-0.011  0.024  0.029
 0.087  0.093  0.065
-0.023  0.018  0.041
 0.068  0.077  0.064
-0.070 -0.056 -0.035
 0.025  0.031  0.019
-0.045 -0.040 -0.024
 0.079  0.081  0.053
-0.050 -0.002  0.009
-0.074 -0.018 -0.017
-0.156 -0.128 -0.123
-0.124 -0.097 -0.082
-0.050  0.071  0.088
 0.017 -0.015 -0.025
 0.171  0.251  0.276
 0.119  0.081  0.083
 0.112  0.078  0.067
 0.090  0.042  0.049
 0.161  0.051  0.015
 0.092  0.033  0.031
 0.168  0.076  0.062
 0.009 -0.005 -0.001
-0.058 -0.037 -0.070
-0.079 -0.039 -0.067
-0.026 -0.032 -0.058
-0.151 -0.103 -0.081
-0.031 -0.045 -0.098
-0.031 -0.034 -0.061
 0.033  0.006 -0.062
-0.005 -0.005 -0.066
 0.067  0.041 -0.047
-0.032 -0.007 -0.037
 0.071  0.078  0.016
-0.049 -0.045 -0.071
-0.017 -0.016 -0.063
-0.044 -0.046 -0.088
-0.014 -0.016 -0.085
-0.127  0.062  0.084
-0.054 -0.076 -0.103
-0.045 -0.077 -0.108
-0.072 -0.076 -0.090
 0.022 -0.004 -0.038
 0.033  0.046  0.022
 0.172  0.156  0.080
-0.022 -0.009 -0.019
-0.071 -0.084 -0.098
-0.139  0.046  0.083
-0.100 -0.110 -0.129
-0.162 -0.011  0.015
-0.004 -0.022 -0.076
 0.050 -0.006 -0.080
-0.057 -0.087 -0.145
 0.020 -0.002 -0.071
-0.066 -0.085 -0.116
-0.075 -0.091 -0.113
-0.028 -0.063 -0.093
-0.034 -0.056 -0.072
 0.047 -0.007 -0.050
 0.012 -0.012 -0.048
 0.110  0.025 -0.044
-0.036 -0.075 -0.071
 0.098  0.020 -0.009
-0.040 -0.069 -0.044
 0.080  0.011  0.007
-0.006 -0.025  0.012
 0.058  0.010  0.001
-0.049 -0.045 -0.004
-0.013  0.007  0.053
-0.112 -0.077  0.025
-0.125 -0.075  0.038
-0.179 -0.110  0.006
-0.145 -0.077  0.030
-0.221  0.012  0.175
-0.079 -0.011  0.072
-0.046  0.001  0.076
-0.122 -0.046  0.053
-0.023 -0.002  0.055
-0.134 -0.071  0.016
-0.080 -0.047  0.004
-0.096 -0.040  0.020
-0.031  0.003  0.038
-0.053 -0.007  0.051
-0.046 -0.004  0.053
-0.047 -0.014  0.048
-0.065  0.012  0.091
-0.010  0.019  0.085
-0.043  0.174  0.280
 0.006  0.028  0.051
 0.032  0.023  0.016
-0.024 -0.019  0.004
 0.080  0.039  0.033
-0.022 -0.025  0.014
 0.128  0.085  0.069
 0.028  0.013  0.039
 0.150  0.092  0.059
 0.088  0.067  0.054
 0.202  0.152  0.104
 0.073  0.056  0.071
 0.115  0.071  0.075
 0.072  0.048  0.056
 0.091  0.054  0.053
 0.136  0.091  0.057
 0.030  0.165  0.207
 0.103  0.068  0.054
 0.071  0.047  0.044
 0.014  0.023  0.047
 0.024  0.033  0.065
 0.003  0.032  0.065
 0.057  0.074  0.090
 0.037  0.074  0.080
 0.129  0.117  0.093
-0.008  0.009  0.026
 0.087  0.083  0.057
-0.061 -0.012  0.035
 0.085  0.101  0.115
-0.000  0.048  0.081
 0.121  0.152  0.146
-0.046  0.011  0.073
 0.019  0.077  0.119
-0.067 -0.004  0.057
 0.076  0.106  0.096
-0.051 -0.000  0.004
 0.073  0.099  0.056
-0.050 -0.011 -0.007
-0.075 -0.038 -0.025
-0.096  0.116  0.170
-0.056 -0.046 -0.062
-0.021 -0.036 -0.090
-0.016 -0.035 -0.109
 0.100  0.028 -0.079
-0.002 -0.032 -0.087
 0.017  0.007 -0.041
-0.157  0.043  0.097
-0.062 -0.061 -0.060
-0.013 -0.029 -0.034
 0.022  0.015  0.025
 0.153  0.104  0.076
 0.049  0.041  0.051
 0.166  0.129  0.099
 0.018  0.007  0.017
 0.067  0.047  0.023
-0.012 -0.029 -0.022
 0.132  0.089  0.043
 0.050  0.011 -0.033
 0.058  0.018 -0.033
 0.008 -0.013 -0.018
-0.037 -0.021  0.016
-0.114 -0.008  0.089
-0.071 -0.015  0.062
 0.004  0.032  0.077
 0.011  0.046  0.088
 0.179  0.159  0.142
 0.017  0.033  0.068
 0.038  0.039  0.064
-0.035  0.016  0.065
-0.045 -0.046 -0.001
-0.023 -0.049 -0.007
-0.037 -0.060 -0.016
-0.093 -0.030  0.047
 0.010 -0.033 -0.014
-0.016 -0.004  0.027
 0.041 -0.007 -0.006
 0.062 -0.012 -0.015
-0.023 -0.057 -0.016
 0.047  0.013  0.035
-0.054 -0.060  0.006
-0.049 -0.037  0.035
-0.055 -0.041  0.038
 0.109  0.069  0.065
 0.004 -0.027 -0.008
 0.094  0.047  0.043
-0.009 -0.061 -0.033
-0.024 -0.062 -0.046
-0.034 -0.053 -0.030
 0.013 -0.003 -0.006
 0.094  0.091  0.044
 0.090  0.047 -0.028
 0.098  0.044 -0.031
 0.027  0.009 -0.035
 0.149  0.109  0.026
-0.001  0.004 -0.029
 0.001  0.003 -0.037
-0.028 -0.035 -0.068
-0.026 -0.030 -0.070
-0.104  0.027  0.044
 0.042  0.038 -0.012
 0.144  0.114  0.041
 0.086  0.103  0.089
 0.133  0.165  0.156
 0.062  0.102  0.118
 0.067  0.108  0.114
-0.024  0.147  0.195
 0.076  0.077  0.022
 0.136  0.096  0.016
 0.022  0.009 -0.028
 0.023  0.013 -0.028
-0.025 -0.025 -0.049
 0.038  0.017 -0.037
 0.041  0.023 -0.050
 0.029 -0.015 -0.076
 0.130  0.040 -0.049
 0.048 -0.019 -0.060
 0.142  0.048 -0.030
 0.122  0.018 -0.061
 0.171  0.057 -0.051
 0.168  0.050 -0.059
 0.123  0.017 -0.081
 0.194  0.071 -0.061
 0.043 -0.036 -0.089
 0.030 -0.027 -0.062
 0.034  0.009 -0.019
 0.043  0.027 -0.020
 0.079  0.038 -0.057
-0.057 -0.068 -0.100
-0.016 -0.007 -0.034
-0.123 -0.098 -0.086
-0.061 -0.023 -0.022
-0.080 -0.043 -0.040
-0.034  0.011 -0.028
-0.079 -0.036 -0.056
-0.071 -0.042 -0.052
-0.115 -0.043 -0.021
-0.098 -0.056 -0.025
-0.062 -0.014 -0.001
-0.114 -0.026 -0.004
-0.076  0.007  0.011
-0.267  0.038  0.157
-0.219 -0.136 -0.062
-0.170 -0.123 -0.076
-0.223 -0.141 -0.054
-0.129 -0.084 -0.036
-0.213 -0.137 -0.074
-0.098 -0.070 -0.064
-0.235 -0.169 -0.124
-0.142 -0.099 -0.095
-0.245 -0.191 -0.145
-0.168 -0.114 -0.099
-0.209 -0.171 -0.150
-0.001 -0.013 -0.079
-0.098 -0.087 -0.115
-0.108 -0.084 -0.091
-0.175 -0.144 -0.102
-0.174 -0.143 -0.081
-0.177 -0.148 -0.073
-0.141 -0.108 -0.036
-0.098 -0.052 -0.005
-0.144 -0.124 -0.063
-0.185 -0.157 -0.088
-0.203 -0.182 -0.120
-0.240 -0.174 -0.127
-0.203 -0.188 -0.190
-0.208 -0.191 -0.222
-0.151 -0.148 -0.187
-0.166 -0.169 -0.175
-0.151 -0.169 -0.183
-0.169 -0.175 -0.168
-0.163 -0.146 -0.145
-0.170 -0.140 -0.138
-0.120 -0.094 -0.108
-0.169 -0.137 -0.107
-0.151 -0.113 -0.076
-0.139 -0.087 -0.052
-0.089 -0.044 -0.026
-0.076 -0.024  0.006
 0.024  0.073  0.079
-0.050  0.013  0.071
-0.012  0.032  0.100
 0.009  0.018  0.101
 0.067  0.059  0.124
 0.051  0.034  0.103
 0.097  0.075  0.102
 0.072  0.050  0.069
 0.111  0.086  0.089
 0.132  0.264  0.284
 0.097  0.075  0.081
 0.110  0.056  0.040
 0.036  0.001  0.010
 0.059  0.019  0.020
-0.025 -0.054 -0.020
 0.024 -0.022 -0.009
 0.027 -0.029 -0.023
 0.164  0.103  0.039
 0.051  0.027 -0.002
 0.033  0.017 -0.008
 0.004 -0.009 -0.016
 0.006 -0.006 -0.010
 0.012 -0.001  0.008
 0.017  0.008  0.044
-0.015  0.168  0.248
 0.033  0.021  0.053
 0.043  0.011  0.052
-0.008 -0.012  0.055
 0.110  0.060  0.081
-0.011 -0.016  0.047
 0.077  0.050  0.072
 0.038  0.020  0.055
 0.029  0.013  0.062
-0.000 -0.004  0.051
-0.028 -0.031  0.041
 0.014 -0.022  0.042
 0.002 -0.022  0.041
 0.123  0.062  0.064
 0.050  0.027  0.070
 0.093  0.068  0.085
 0.010  0.000  0.049
 0.005  0.007  0.049
 0.001  0.004  0.035
 0.039  0.038  0.035
 0.048  0.060  0.059
 0.058  0.063  0.049
-0.000  0.088  0.116
 0.073  0.056  0.032
 0.142  0.099  0.048
 0.146  0.122  0.076
 0.240  0.209  0.120
 0.176  0.277  0.226
 0.109  0.067  0.022
 0.178  0.105  0.036
 0.101  0.076  0.038
 0.131  0.122  0.068
 0.033  0.221  0.226
 0.142  0.121  0.039
 0.177  0.127  0.044
 0.120  0.095  0.043
 0.191  0.139  0.057
 0.139  0.135  0.076
 0.246  0.202  0.093
 0.166  0.155  0.076
 0.194  0.189  0.122
 0.073  0.073  0.050
 0.073  0.067  0.038
 0.080  0.073  0.041
 0.088  0.097  0.064
