 0.202  0.754  0.083
 0.144  0.709  0.059
 0.009  0.556 -0.076
 0.064  0.576 -0.054
-0.080  0.478 -0.076
-0.027  0.477 -0.122
-0.057  0.459 -0.098
 0.187  0.617 -0.055
 0.016  0.470 -0.130
-0.083  0.391 -0.201
-0.310  0.260 -0.253
-0.329  0.234 -0.385
-0.283  0.246 -0.371
-0.365  0.173 -0.370
-0.222  0.253 -0.391
-0.066  0.398 -0.314
 0.046  0.504 -0.275
-0.114  0.320 -0.343
-0.004  0.381 -0.323
-0.195  0.246 -0.375
-0.224  0.202 -0.465
-0.178  0.210 -0.479
-0.094  0.274 -0.415
 0.028  0.331 -0.407
-0.055  0.288 -0.397
-0.104  0.250 -0.417
-0.103  0.245 -0.399
-0.110  0.254 -0.350
-0.145  0.259 -0.326
-0.233  0.198 -0.332
-0.107  0.257 -0.312
-0.117  0.261 -0.306
-0.166  0.196 -0.353
-0.116  0.212 -0.319
 0.091  0.332 -0.317
 0.095  0.393 -0.213
-0.046  0.273 -0.269
-0.091  0.241 -0.282
-0.187  0.200 -0.274
-0.121  0.255 -0.230
-0.069  0.282 -0.201
-0.007  0.339 -0.150
-0.330  0.156 -0.144
-0.077  0.270 -0.137
-0.051  0.280 -0.161
-0.229  0.162 -0.213
-0.229  0.171 -0.216
-0.234  0.120 -0.264
-0.118  0.189 -0.199
 0.135  0.372 -0.112
-0.109  0.191 -0.146
-0.084  0.188 -0.172
-0.160  0.140 -0.176
-0.165  0.134 -0.195
-0.165  0.106 -0.214
-0.106  0.141 -0.212
-0.153  0.119 -0.189
-0.054  0.163 -0.190
 0.023  0.238 -0.163
-0.156  0.036 -0.258
-0.183  0.018 -0.246
-0.048  0.109 -0.206
-0.016  0.119 -0.206
-0.267 -0.018 -0.200
-0.092  0.066 -0.199
-0.069  0.068 -0.208
-0.119  0.054 -0.183
 0.026  0.146 -0.141
 0.061  0.185 -0.106
 0.248  0.351 -0.022
 0.082  0.212 -0.034
 0.005  0.196  0.026
-0.005  0.192  0.041
 0.162  0.298  0.085
 0.404  0.493  0.157
 0.256  0.379  0.141
 0.171  0.348  0.178
-0.176  0.202  0.243
 0.070  0.304  0.195
 0.109  0.325  0.211
 0.211  0.392  0.243
 0.319  0.445  0.238
 0.196  0.381  0.259
-0.003  0.267  0.235
 0.017  0.285  0.240
 0.022  0.295  0.243
-0.041  0.210  0.162
-0.096  0.149  0.104
-0.109  0.130  0.107
 0.214  0.307  0.122
 0.254  0.310  0.131
 0.198  0.273  0.119
-0.167  0.145  0.223
 0.056  0.200  0.127
-0.026  0.153  0.118
-0.074  0.132  0.122
-0.098  0.082  0.051
-0.020  0.150  0.074
-0.048  0.106  0.089
 0.018  0.134  0.072
-0.083  0.086  0.093
 0.008  0.146  0.096
-0.090  0.104  0.127
 0.087  0.280  0.247
 0.098  0.254  0.239
 0.109  0.256  0.224
 0.101  0.220  0.154
-0.003  0.146  0.135
-0.027  0.123  0.113
-0.034  0.113  0.106
 0.101  0.251  0.221
 0.270  0.355  0.267
 0.191  0.294  0.223
-0.174  0.139  0.256
 0.016  0.144  0.093
-0.160  0.033  0.059
 0.067  0.168  0.096
 0.207  0.221  0.077
 0.159  0.202  0.090
 0.154  0.245  0.128
-0.042  0.057 -0.007
-0.131  0.005 -0.031
-0.023  0.057 -0.011
 0.047  0.143  0.087
 0.100  0.164  0.081
 0.093  0.169  0.104
 0.162  0.256  0.128
-0.025  0.122  0.070
-0.056  0.118  0.076
 0.040  0.159  0.103
 0.081  0.186  0.097
 0.144  0.190  0.082
 0.076  0.157  0.095
 0.172  0.275  0.156
-0.042  0.082  0.061
-0.014  0.060 -0.004
 0.021  0.062  0.005
 0.174  0.174  0.027
 0.013  0.007 -0.074
-0.064 -0.024 -0.070
-0.390 -0.164 -0.035
-0.109 -0.053 -0.095
 0.023 -0.002 -0.100
 0.061  0.016 -0.104
 0.194  0.104 -0.113
 0.012 -0.021 -0.137
-0.040 -0.039 -0.116
-0.079 -0.072 -0.136
-0.076 -0.027 -0.052
-0.264 -0.124 -0.011
 0.103  0.048 -0.062
 0.202  0.109 -0.054
 0.072  0.041 -0.047
 0.058  0.072  0.010
 0.001  0.025 -0.002
-0.014  0.043  0.033
 0.141  0.119  0.014
 0.062  0.083  0.030
 0.132  0.118  0.039
 0.046  0.034 -0.004
 0.201  0.143  0.029
 0.384  0.256  0.031
 0.269  0.184  0.023
 0.200  0.108 -0.027
 0.213  0.139  0.018
 0.235  0.131 -0.007
 0.094  0.081  0.028
 0.030  0.019 -0.008
-0.023  0.048  0.036
-0.027  0.033  0.040
 0.074  0.087  0.035
 0.002 -0.001 -0.019
 0.067  0.036 -0.045
-0.081 -0.052 -0.056
-0.077 -0.045 -0.070
-0.236 -0.134 -0.080
-0.135 -0.055 -0.063
-0.152 -0.089 -0.085
-0.116 -0.097 -0.132
-0.159 -0.150 -0.183
-0.188 -0.170 -0.212
-0.193 -0.127 -0.167
-0.189 -0.154 -0.204
-0.286 -0.198 -0.202
-0.105 -0.047 -0.133
-0.130 -0.102 -0.142
-0.361 -0.185 -0.076
-0.115 -0.089 -0.141
-0.144 -0.100 -0.120
-0.167 -0.091 -0.096
-0.142 -0.095 -0.146
-0.135 -0.073 -0.110
 0.085  0.061 -0.087
 0.053  0.029 -0.101
 0.032  0.053 -0.044
-0.065 -0.036 -0.103
-0.156 -0.094 -0.127
-0.363 -0.112  0.004
-0.210 -0.141 -0.170
-0.216 -0.148 -0.162
-0.095 -0.093 -0.140
-0.096 -0.095 -0.151
-0.195 -0.145 -0.150
-0.094 -0.061 -0.118
-0.214 -0.153 -0.136
 0.019 -0.011 -0.094
-0.002 -0.049 -0.114
 0.116  0.052 -0.066
-0.065 -0.114 -0.163
-0.148 -0.143 -0.153
-0.325 -0.115  0.030
-0.218 -0.174 -0.145
-0.415 -0.291 -0.156
-0.110 -0.159 -0.204
 0.046 -0.106 -0.238
-0.037 -0.131 -0.208
 0.001 -0.054 -0.137
-0.150 -0.177 -0.188
-0.187 -0.173 -0.157
-0.154 -0.155 -0.152
-0.051 -0.059 -0.077
 0.022 -0.040 -0.093
-0.037 -0.064 -0.080
-0.114 -0.120 -0.134
-0.180 -0.159 -0.143
-0.048 -0.066 -0.135
-0.080 -0.125 -0.175
 0.040 -0.099 -0.245
 0.013 -0.115 -0.258
 0.059 -0.028 -0.158
-0.084 -0.139 -0.194
-0.145 -0.151 -0.171
-0.026 -0.077 -0.143
 0.051 -0.008 -0.108
 0.142  0.027 -0.141
 0.107  0.015 -0.114
 0.064  0.003 -0.086
-0.013 -0.021 -0.054
 0.012  0.131  0.121
-0.087 -0.029 -0.004
-0.283 -0.129  0.003
 0.050  0.006 -0.054
 0.019 -0.023 -0.085
-0.094 -0.074 -0.075
-0.011  0.026 -0.005
-0.044 -0.051 -0.068
 0.011 -0.034 -0.091
-0.216 -0.081  0.030
-0.024 -0.033 -0.045
-0.048 -0.060 -0.081
-0.175 -0.103 -0.050
-0.070 -0.043 -0.055
-0.068 -0.073 -0.078
 0.131  0.060 -0.047
-0.007 -0.047 -0.095
-0.048 -0.030 -0.047
-0.136 -0.109 -0.090
-0.184 -0.124 -0.082
-0.175  0.009  0.113
 0.072  0.067  0.017
 0.187  0.146  0.046
 0.052  0.097  0.094
-0.023  0.069  0.107
-0.314 -0.069  0.134
 0.056  0.119  0.117
 0.219  0.188  0.064
 0.136  0.121  0.036
 0.071  0.097  0.052
-0.011  0.045  0.036
-0.071  0.024  0.054
-0.021  0.055  0.042
-0.082  0.020  0.042
-0.022  0.043  0.044
 0.296  0.193  0.023
 0.335  0.211  0.029
 0.175  0.160  0.115
 0.177  0.245  0.245
 0.016  0.135  0.229
-0.096  0.084  0.230
-0.078  0.078  0.197
 0.058  0.166  0.211
 0.176  0.175  0.134
 0.174  0.182  0.147
 0.283  0.261  0.178
 0.051  0.120  0.174
 0.094  0.179  0.187
-0.051  0.154  0.235
-0.032  0.028  0.050
 0.168  0.167  0.083
 0.201  0.210  0.100
 0.016  0.015 -0.019
 0.041  0.061  0.004
-0.160 -0.101 -0.079
-0.204 -0.145 -0.105
-0.086 -0.098 -0.117
-0.082 -0.095 -0.121
-0.088 -0.115 -0.161
-0.226 -0.174 -0.153
-0.293 -0.229 -0.211
-0.238 -0.192 -0.181
-0.076 -0.067 -0.121
-0.183 -0.046  0.013
-0.137 -0.131 -0.157
-0.082 -0.054 -0.108
-0.162 -0.155 -0.209
-0.277 -0.205 -0.206
-0.207 -0.164 -0.200
-0.143 -0.120 -0.150
-0.163 -0.131 -0.155
-0.345 -0.121 -0.004
-0.230 -0.172 -0.162
-0.232 -0.193 -0.210
-0.268 -0.212 -0.199
-0.123 -0.111 -0.165
-0.161 -0.124 -0.145
-0.127 -0.067 -0.092
-0.202 -0.154 -0.151
-0.255 -0.178 -0.152
-0.026  0.032 -0.028
-0.015 -0.026 -0.092
 0.096  0.034 -0.105
-0.008 -0.034 -0.117
-0.049 -0.026 -0.104
-0.084 -0.061 -0.130
-0.121 -0.065 -0.122
 0.048  0.034 -0.072
 0.127  0.081 -0.031
-0.033  0.053  0.048
 0.194  0.101 -0.046
 0.241  0.179  0.020
 0.034  0.061  0.032
-0.116 -0.019  0.002
-0.095  0.012  0.086
 0.214  0.185  0.109
 0.441  0.329  0.120
 0.286  0.189  0.049
 0.215  0.168  0.075
 0.256  0.214  0.126
 0.138  0.196  0.178
 0.026  0.125  0.135
 0.100  0.178  0.159
 0.208  0.203  0.103
 0.279  0.215  0.056
 0.338  0.371  0.199
 0.186  0.211  0.111
 0.223  0.241  0.139
-0.015  0.097  0.091
-0.022  0.084  0.083
-0.175  0.004  0.109
 0.144  0.190  0.098
-0.110 -0.027 -0.148
-0.248 -0.232 -0.127
-0.271 -0.241 -0.061
-0.105 -0.115 -0.028
-0.089 -0.071  0.010
-0.034  0.040  0.093
-0.106 -0.055  0.044
-0.208 -0.080  0.024
-0.108 -0.019  0.039
-0.146 -0.069 -0.039
-0.169 -0.076 -0.054
-0.175 -0.080 -0.064
-0.048 -0.015 -0.045
 0.083  0.023 -0.070
 0.084  0.028 -0.068
-0.030 -0.034 -0.097
-0.049 -0.005 -0.075
-0.153 -0.096 -0.126
-0.028 -0.021 -0.097
 0.045  0.036 -0.040
 0.155  0.069 -0.076
 0.034 -0.009 -0.114
 0.068  0.056 -0.089
-0.124 -0.098 -0.165
-0.180 -0.129 -0.189
-0.040 -0.041 -0.154
 0.059  0.034 -0.087
 0.152  0.093 -0.056
-0.210 -0.101 -0.051
-0.030 -0.054 -0.155
 0.033  0.008 -0.136
-0.135 -0.125 -0.197
 0.090  0.054 -0.097
 0.087  0.010 -0.128
 0.209  0.119 -0.063
 0.072 -0.006 -0.120
-0.026 -0.032 -0.092
-0.035 -0.038 -0.078
-0.089 -0.060 -0.075
-0.173 -0.015  0.065
 0.082  0.023 -0.066
 0.171  0.077 -0.052
 0.044  0.007 -0.070
 0.049  0.071 -0.013
-0.063 -0.022 -0.056
-0.051 -0.009 -0.052
-0.085 -0.058 -0.079
 0.118  0.033 -0.112
 0.216  0.108 -0.056
 0.049  0.031 -0.026
-0.010  0.030  0.012
-0.036  0.007  0.015
 0.031  0.038  0.008
 0.145  0.065  0.003
 0.148  0.107  0.061
 0.085  0.063  0.045
 0.031  0.046  0.057
 0.033  0.056  0.059
 0.084  0.056  0.045
-0.037 -0.046  0.001
 0.136  0.029 -0.033
 0.180  0.075 -0.007
-0.027 -0.053 -0.043
-0.099 -0.087 -0.050
-0.060 -0.082 -0.086
-0.009 -0.057 -0.095
-0.012 -0.069 -0.094
 0.066  0.011 -0.012
 0.142  0.096  0.049
-0.011  0.032  0.075
-0.071  0.010  0.086
 0.040  0.043  0.077
 0.113  0.064  0.053
 0.125  0.063  0.052
 0.064  0.058  0.092
 0.119  0.163  0.189
-0.042  0.025  0.103
-0.063 -0.005  0.060
 0.025  0.003  0.029
 0.058 -0.005  0.001
-0.271 -0.139  0.054
-0.081 -0.058 -0.008
-0.037 -0.021 -0.000
-0.163 -0.090 -0.021
-0.024  0.038  0.066
-0.003 -0.022  0.001
 0.064 -0.004 -0.028
-0.040  0.085  0.179
 0.018  0.037  0.055
 0.088  0.118  0.116
-0.041  0.043  0.119
 0.017  0.046  0.102
-0.091 -0.032  0.086
 0.120  0.070  0.071
 0.162  0.148  0.129
-0.056 -0.046  0.013
-0.143 -0.109 -0.042
-0.123 -0.109 -0.046
-0.049 -0.084 -0.065
-0.225 -0.155 -0.020
 0.100 -0.030 -0.096
 0.142  0.022 -0.050
-0.035 -0.067 -0.040
-0.111 -0.085 -0.025
-0.056  0.052  0.100
-0.031 -0.061 -0.062
 0.136  0.003 -0.097
 0.053 -0.055 -0.112
-0.056 -0.111 -0.109
-0.158 -0.160 -0.133
-0.170 -0.188 -0.155
-0.078 -0.142 -0.144
-0.279 -0.253 -0.144
-0.119 -0.163 -0.153
 0.002 -0.036 -0.056
-0.426 -0.264 -0.050
-0.226 -0.197 -0.152
-0.046 -0.075 -0.125
-0.037 -0.124 -0.184
-0.114 -0.172 -0.210
-0.224 -0.225 -0.210
-0.538 -0.353 -0.171
-0.240 -0.228 -0.211
-0.127 -0.175 -0.218
 0.008 -0.088 -0.187
 0.029 -0.029 -0.136
-0.141 -0.169 -0.196
-0.270 -0.294 -0.281
-0.057 -0.125 -0.176
-0.053 -0.141 -0.198
-0.048 -0.125 -0.171
 0.040 -0.049 -0.137
-0.151 -0.158 -0.155
-0.195 -0.170 -0.128
-0.185 -0.162 -0.125
-0.121 -0.124 -0.127
-0.003 -0.059 -0.115
-0.056 -0.061 -0.070
-0.301 -0.141  0.007
-0.135 -0.050  0.019
-0.035  0.014  0.009
-0.038 -0.003  0.017
 0.023  0.043  0.033
 0.278  0.195  0.063
 0.126  0.117  0.083
 0.090  0.122  0.109
 0.286  0.317  0.243
 0.060  0.166  0.225
-0.031  0.212  0.325
 0.064  0.146  0.155
 0.184  0.179  0.118
 0.445  0.332  0.120
 0.308  0.211  0.049
 0.198  0.169  0.065
 0.078  0.078  0.026
-0.026  0.058  0.063
-0.046  0.060  0.096
 0.024  0.114  0.140
-0.137  0.043  0.175
 0.237  0.206  0.122
 0.316  0.264  0.116
 0.110  0.153  0.137
 0.018  0.108  0.136
-0.003  0.084  0.108
-0.027  0.073  0.097
 0.107  0.153  0.116
 0.299  0.259  0.133
 0.124  0.105  0.080
 0.169  0.176  0.139
-0.055  0.018  0.092
-0.130 -0.024  0.079
-0.127 -0.020  0.067
-0.016  0.072  0.106
-0.053 -0.004  0.047
 0.092  0.043  0.010
 0.046 -0.004 -0.024
 0.111  0.065  0.011
-0.115 -0.086 -0.035
-0.190 -0.130 -0.065
-0.182 -0.117 -0.066
-0.059 -0.047 -0.045
 0.061  0.035 -0.007
-0.248 -0.075  0.088
-0.062 -0.043 -0.021
 0.009  0.034  0.005
-0.143 -0.068 -0.030
-0.030  0.029  0.014
-0.003  0.033  0.042
 0.209  0.141  0.026
 0.148  0.109  0.050
 0.182  0.163  0.054
-0.019  0.008 -0.007
-0.059 -0.046 -0.038
-0.305 -0.119  0.026
 0.026  0.013 -0.022
 0.221  0.181  0.062
-0.113 -0.054 -0.021
 0.080  0.018 -0.045
 0.003 -0.023 -0.073
-0.033 -0.019 -0.036
-0.322 -0.170 -0.060
-0.124 -0.081 -0.110
-0.010 -0.026 -0.091
 0.080 -0.020 -0.117
 0.147  0.021 -0.111
-0.031 -0.035 -0.069
-0.019  0.019 -0.014
-0.082 -0.003  0.003
 0.009  0.039  0.036
 0.167  0.119  0.026
 0.056  0.044 -0.016
-0.045 -0.003 -0.055
-0.036  0.009 -0.076
-0.173 -0.080 -0.123
-0.106 -0.052 -0.121
 0.025  0.028 -0.028
 0.039  0.063  0.019
-0.108  0.023  0.069
-0.013  0.061  0.033
 0.069  0.105  0.021
-0.061 -0.013 -0.048
-0.021 -0.008 -0.053
 0.083  0.033 -0.007
 0.041  0.013 -0.015
 0.029  0.003 -0.030
-0.030  0.003  0.005
 0.042  0.120  0.105
-0.044  0.023  0.029
-0.001  0.042  0.042
 0.159  0.097 -0.002
-0.029 -0.002 -0.016
-0.045 -0.028 -0.053
-0.124 -0.083 -0.094
-0.057 -0.008 -0.052
-0.045 -0.043 -0.073
 0.040  0.002 -0.052
-0.102 -0.076 -0.046
-0.042 -0.063 -0.097
 0.060  0.011 -0.075
-0.079 -0.107 -0.115
 0.005 -0.051 -0.100
-0.127 -0.093 -0.036
 0.220  0.053 -0.096
 0.273  0.104 -0.084
 0.034 -0.066 -0.151
-0.076 -0.121 -0.175
-0.400 -0.230 -0.101
-0.141 -0.165 -0.194
-0.023 -0.056 -0.082
 0.169  0.090  0.012
 0.425  0.274  0.085
 0.220  0.140  0.038
 0.117  0.070  0.009
 0.076  0.042 -0.036
-0.036 -0.012 -0.029
 0.108  0.102  0.049
 0.162  0.078  0.013
 0.216  0.119  0.047
 0.050  0.054  0.066
 0.124  0.095  0.064
 0.203  0.162  0.096
-0.005  0.024  0.035
 0.214  0.166  0.086
 0.184  0.124  0.083
 0.409  0.315  0.197
 0.229  0.181  0.170
 0.159  0.173  0.229
-0.044  0.210  0.430
 0.084  0.201  0.336
 0.202  0.275  0.384
 0.230  0.271  0.380
 0.281  0.301  0.391
 0.358  0.449  0.523
 0.173  0.263  0.414
 0.211  0.302  0.420
 0.122  0.250  0.415
 0.170  0.263  0.416
 0.169  0.245  0.409
 0.330  0.321  0.377
 0.185  0.226  0.339
 0.174  0.254  0.351
 0.066  0.133  0.240
 0.004  0.093  0.214
-0.136  0.018  0.240
 0.179  0.152  0.212
 0.339  0.243  0.202
 0.110  0.068  0.124
 0.008  0.024  0.121
-0.057 -0.030  0.053
-0.097 -0.070  0.028
 0.146  0.084  0.062
 0.096 -0.003 -0.022
 0.090 -0.005 -0.021
-0.149 -0.117 -0.026
-0.090 -0.100 -0.054
-0.033 -0.070 -0.081
-0.089 -0.153 -0.139
-0.030 -0.173 -0.232
-0.161 -0.124 -0.080
-0.079 -0.199 -0.251
-0.021 -0.159 -0.222
-0.189 -0.265 -0.253
-0.155 -0.191 -0.204
-0.134 -0.210 -0.224
 0.009 -0.064 -0.117
 0.013 -0.093 -0.112
-0.086 -0.127 -0.085
-0.298 -0.215 -0.042
-0.155 -0.111  0.026
-0.019  0.016  0.110
-0.007  0.048  0.194
 0.060  0.079  0.194
 0.225  0.181  0.218
-0.006  0.068  0.224
 0.081  0.146  0.289
-0.030  0.082  0.269
-0.032  0.097  0.243
 0.035  0.092  0.210
 0.057  0.081  0.176
 0.129  0.105  0.163
 0.055  0.080  0.157
-0.065  0.025  0.146
-0.005  0.060  0.134
 0.075  0.111  0.108
 0.034  0.053  0.064
 0.169  0.151  0.102
 0.141  0.090  0.014
 0.076  0.094  0.056
 0.115  0.176  0.121
 0.071  0.179  0.159
 0.143  0.257  0.227
-0.023  0.146  0.214
 0.268  0.269  0.182
 0.229  0.308  0.240
 0.109  0.229  0.233
 0.144  0.233  0.202
 0.058  0.200  0.200
 0.144  0.250  0.182
 0.093  0.208  0.174
 0.248  0.245  0.127
 0.231  0.233  0.170
 0.282  0.363  0.268
 0.082  0.176  0.154
 0.034  0.150  0.144
-0.015  0.136  0.153
 0.057  0.175  0.151
 0.084  0.153  0.184
 0.125  0.152  0.172
 0.177  0.218  0.202
-0.043  0.007  0.069
 0.035  0.069  0.062
-0.128 -0.068 -0.012
-0.146 -0.108 -0.065
-0.017 -0.057 -0.043
 0.046 -0.053 -0.053
 0.090  0.024 -0.003
 0.055 -0.030 -0.093
-0.086 -0.073 -0.053
-0.105 -0.057 -0.018
-0.054 -0.030 -0.003
 0.064  0.022  0.026
 0.102  0.041  0.046
 0.139  0.063  0.003
-0.050 -0.064 -0.079
-0.075 -0.051 -0.065
-0.102 -0.086 -0.109
-0.046 -0.066 -0.101
-0.218 -0.134 -0.027
 0.055 -0.049 -0.103
 0.116  0.014 -0.082
-0.080 -0.105 -0.115
-0.188 -0.164 -0.158
-0.152 -0.145 -0.155
-0.124 -0.108 -0.083
-0.128 -0.136 -0.084
-0.010 -0.070 -0.048
 0.052  0.002 -0.028
-0.150 -0.127 -0.086
-0.213 -0.183 -0.146
-0.190 -0.187 -0.190
-0.196 -0.173 -0.137
-0.145 -0.162 -0.105
-0.045 -0.111 -0.077
 0.046 -0.017 -0.013
-0.085 -0.073  0.001
-0.071  0.001  0.084
-0.126 -0.050  0.042
-0.049 -0.016  0.061
 0.017 -0.036  0.037
 0.059 -0.014  0.054
 0.152  0.008  0.003
-0.016 -0.053  0.026
 0.003 -0.021  0.022
-0.096 -0.078  0.022
-0.136 -0.079  0.021
-0.052 -0.046  0.040
 0.031 -0.025  0.033
 0.232  0.085  0.031
 0.054  0.009  0.055
-0.021  0.001  0.070
-0.069 -0.024  0.045
-0.057 -0.025  0.031
-0.024 -0.000  0.085
 0.121  0.056  0.091
 0.090  0.041  0.102
 0.163  0.083  0.089
-0.035 -0.029  0.036
-0.054 -0.014  0.043
-0.077 -0.038  0.029
-0.094 -0.046  0.027
-0.212 -0.109  0.073
 0.071  0.013  0.044
 0.184  0.090  0.054
 0.003 -0.011  0.046
-0.070 -0.032  0.041
 0.010  0.018  0.033
-0.129 -0.044  0.027
-0.026 -0.021  0.007
-0.034 -0.042  0.002
-0.194 -0.017  0.141
-0.107 -0.090 -0.033
-0.217 -0.152 -0.065
-0.203 -0.144 -0.091
-0.116 -0.110 -0.078
-0.119 -0.123 -0.058
 0.051 -0.033 -0.022
-0.075 -0.108 -0.024
-0.098 -0.088 -0.013
-0.134 -0.135 -0.057
-0.175 -0.176 -0.110
-0.162 -0.170 -0.116
-0.133 -0.160 -0.106
-0.041 -0.151 -0.134
 0.009 -0.131 -0.124
-0.024 -0.111 -0.102
-0.071 -0.103 -0.081
 0.018 -0.003 -0.051
-0.143 -0.116 -0.073
-0.019 -0.026 -0.003
 0.028 -0.064 -0.063
 0.073 -0.050 -0.083
 0.161  0.087 -0.012
-0.091 -0.131 -0.154
-0.115 -0.126 -0.156
-0.170 -0.160 -0.171
 0.080 -0.010 -0.102
 0.014 -0.157 -0.233
-0.050 -0.184 -0.234
-0.082 -0.183 -0.248
-0.160 -0.225 -0.262
-0.248 -0.275 -0.300
-0.179 -0.233 -0.353
-0.139 -0.223 -0.345
-0.119 -0.204 -0.306
 0.060 -0.022 -0.187
-0.097 -0.184 -0.282
-0.232 -0.245 -0.303
-0.254 -0.252 -0.325
-0.121 -0.176 -0.289
-0.059 -0.156 -0.235
 0.082 -0.030 -0.138
-0.085 -0.166 -0.231
-0.186 -0.233 -0.287
-0.157 -0.213 -0.310
-0.137 -0.203 -0.264
-0.031 -0.167 -0.243
-0.071 -0.213 -0.279
-0.132 -0.235 -0.303
-0.219 -0.270 -0.323
-0.310 -0.311 -0.312
-0.126 -0.202 -0.254
 0.018 -0.111 -0.191
 0.044 -0.106 -0.196
-0.057 -0.135 -0.199
-0.194 -0.164 -0.172
-0.136 -0.122 -0.192
-0.118 -0.108 -0.177
-0.025 -0.072 -0.148
 0.136  0.011 -0.136
-0.048 -0.117 -0.194
-0.125 -0.179 -0.244
-0.011 -0.103 -0.223
 0.081 -0.007 -0.172
-0.039 -0.113 -0.197
-0.043 -0.105 -0.196
 0.012 -0.079 -0.216
-0.070 -0.155 -0.265
-0.074 -0.189 -0.290
-0.072 -0.147 -0.235
-0.123 -0.157 -0.250
-0.110 -0.162 -0.269
-0.054 -0.110 -0.206
-0.143 -0.146 -0.167
 0.073 -0.039 -0.151
 0.093 -0.013 -0.142
-0.015 -0.043 -0.118
 0.031  0.027 -0.085
-0.150 -0.125 -0.200
-0.149 -0.131 -0.201
-0.127 -0.126 -0.172
 0.035 -0.047 -0.146
 0.140  0.079 -0.043
 0.063 -0.026 -0.139
-0.109 -0.094 -0.121
-0.007 -0.018 -0.093
-0.026 -0.035 -0.064
 0.062  0.015 -0.043
 0.237  0.101 -0.058
 0.025 -0.031 -0.080
 0.059 -0.006 -0.085
-0.092 -0.105 -0.143
-0.152 -0.159 -0.201
-0.054 -0.122 -0.180
 0.007 -0.087 -0.153
-0.103 -0.147 -0.140
 0.017 -0.065 -0.100
 0.080  0.022 -0.057
-0.119 -0.130 -0.137
-0.179 -0.165 -0.168
-0.088 -0.117 -0.151
-0.017 -0.084 -0.110
 0.067 -0.052 -0.113
 0.015 -0.076 -0.129
-0.009 -0.041 -0.092
-0.123 -0.146 -0.165
-0.200 -0.203 -0.194
-0.144 -0.154 -0.154
-0.045 -0.096 -0.111
 0.197  0.088 -0.003
 0.058 -0.022 -0.042
-0.019 -0.055 -0.049
-0.249 -0.154 -0.042
-0.115 -0.100 -0.093
-0.114 -0.105 -0.099
 0.001 -0.042 -0.051
 0.170  0.046 -0.029
 0.069  0.008 -0.009
 0.022  0.015  0.018
-0.021 -0.022  0.003
-0.072 -0.036  0.014
 0.000  0.012  0.079
 0.100  0.062  0.108
 0.311  0.205  0.163
 0.110  0.046  0.067
 0.031 -0.001  0.049
 0.011 -0.020  0.001
-0.068 -0.069 -0.038
 0.154  0.078  0.010
 0.121  0.022 -0.008
 0.134  0.046  0.013
 0.090  0.033  0.021
-0.003 -0.010  0.005
-0.000  0.001 -0.001
 0.009  0.028  0.037
 0.235  0.193  0.120
 0.197  0.158  0.111
 0.128  0.147  0.149
-0.092  0.055  0.159
-0.008  0.084  0.117
 0.110  0.194  0.184
 0.123  0.192  0.224
 0.165  0.197  0.201
-0.112  0.071  0.232
 0.056  0.145  0.189
 0.120  0.222  0.224
 0.017  0.106  0.149
-0.029  0.071  0.138
 0.175  0.228  0.231
 0.316  0.300  0.266
 0.130  0.119  0.158
 0.199  0.190  0.193
 0.002  0.063  0.143
-0.031  0.065  0.150
 0.023  0.068  0.129
 0.226  0.189  0.164
 0.153  0.118  0.155
 0.206  0.193  0.188
-0.028  0.009  0.083
-0.128 -0.047  0.040
-0.246 -0.090  0.069
-0.008  0.043  0.104
 0.199  0.215  0.224
 0.248  0.191  0.168
 0.014  0.045  0.116
 0.087  0.116  0.114
-0.081 -0.014  0.031
-0.049  0.024  0.069
 0.095  0.110  0.132
 0.150  0.136  0.165
 0.100  0.060  0.053
-0.014 -0.024 -0.022
 0.022 -0.003 -0.064
-0.141 -0.124 -0.123
 0.033  0.043  0.009
 0.079  0.024  0.002
 0.091  0.026  0.002
 0.142  0.174  0.120
-0.023 -0.027 -0.026
-0.002 -0.007 -0.026
-0.071 -0.052 -0.040
 0.061  0.070  0.053
 0.177  0.101  0.051
 0.078  0.069  0.085
 0.094  0.091  0.062
-0.078 -0.032 -0.003
-0.120 -0.057 -0.030
-0.053 -0.003  0.013
 0.010  0.028  0.040
-0.031  0.118  0.219
 0.014  0.029  0.065
-0.001  0.027  0.055
-0.119 -0.062 -0.006
-0.036  0.031  0.053
-0.086 -0.044 -0.004
-0.010 -0.006  0.017
 0.129  0.046  0.008
 0.004 -0.011  0.011
 0.035  0.033  0.027
-0.059 -0.018  0.030
-0.097 -0.036  0.024
-0.094  0.084  0.215
 0.059  0.041  0.071
 0.179  0.120  0.092
 0.015  0.028  0.069
-0.051  0.010  0.067
 0.092  0.119  0.075
 0.004  0.053  0.086
 0.053  0.091  0.148
 0.168  0.148  0.151
 0.231  0.222  0.166
 0.047  0.095  0.103
-0.034  0.040  0.052
-0.206  0.033  0.148
-0.046 -0.016 -0.031
 0.149  0.103  0.053
 0.070  0.051  0.045
-0.003  0.023  0.062
-0.069 -0.005  0.054
-0.107 -0.041 -0.010
-0.033  0.029  0.020
 0.018  0.016  0.003
 0.062  0.023 -0.014
 0.093  0.051 -0.010
-0.027 -0.007 -0.004
-0.065 -0.003  0.023
-0.042  0.015  0.033
-0.023  0.032  0.044
 0.131  0.112  0.081
 0.066  0.102  0.128
-0.005  0.092  0.109
-0.295  0.001  0.179
-0.039  0.095  0.086
 0.116  0.209  0.147
 0.062  0.130  0.122
 0.074  0.107  0.105
 0.060  0.101  0.097
-0.059  0.021  0.021
-0.118 -0.017 -0.001
-0.308 -0.038  0.110
-0.052 -0.010 -0.006
 0.129  0.084  0.037
 0.050  0.007  0.015
-0.043 -0.030 -0.006
-0.036 -0.006  0.009
-0.094 -0.030  0.005
 0.079  0.146  0.136
 0.121  0.129  0.135
 0.199  0.171  0.191
 0.240  0.225  0.236
 0.101  0.162  0.223
 0.030  0.121  0.173
 0.139  0.242  0.221
 0.121  0.114  0.093
 0.282  0.194  0.125
 0.209  0.133  0.112
 0.115  0.088  0.082
-0.222 -0.038  0.141
 0.006  0.042  0.045
 0.132  0.142  0.120
 0.156  0.153  0.155
 0.234  0.219  0.207
 0.208  0.177  0.173
 0.116  0.153  0.181
 0.149  0.184  0.182
 0.067  0.139  0.165
 0.205  0.272  0.255
 0.177  0.198  0.227
 0.195  0.180  0.226
-0.075  0.074  0.303
 0.132  0.176  0.235
 0.224  0.262  0.268
 0.052  0.112  0.162
 0.040  0.074  0.119
 0.034  0.068  0.151
 0.002  0.037  0.087
-0.030  0.005  0.065
 0.011  0.020  0.063
 0.007  0.016  0.069
 0.104  0.043  0.116
 0.280  0.175  0.159
-0.175 -0.092  0.123
 0.016 -0.031  0.004
 0.084  0.035 -0.007
-0.006 -0.031 -0.022
 0.055  0.020  0.046
 0.203  0.099  0.082
 0.170  0.074  0.053
 0.046  0.021  0.030
 0.099  0.095  0.050
-0.043 -0.012  0.010
 0.051  0.052  0.061
 0.231  0.160  0.112
 0.231  0.164  0.131
 0.132  0.111  0.094
 0.088  0.109  0.099
 0.035  0.069  0.064
 0.066  0.101  0.087
 0.201  0.220  0.212
 0.361  0.349  0.295
 0.139  0.169  0.186
 0.023  0.079  0.100
 0.045  0.089  0.069
-0.025  0.048  0.083
 0.083  0.109  0.146
 0.125  0.100  0.142
 0.034  0.040  0.091
-0.028  0.018  0.070
-0.078 -0.010  0.054
-0.036  0.022  0.065
 0.016  0.058  0.136
 0.138  0.091  0.131
 0.043  0.038  0.116
 0.119  0.140  0.176
-0.069  0.010  0.123
-0.111 -0.018  0.095
 0.012  0.172  0.304
 0.130  0.125  0.222
 0.312  0.241  0.251
 0.128  0.127  0.212
 0.047  0.110  0.191
 0.113  0.171  0.194
-0.001  0.091  0.154
 0.069  0.105  0.156
 0.014  0.065  0.174
 0.118  0.101  0.132
 0.097  0.131  0.153
 0.006  0.043  0.082
-0.077 -0.001  0.035
-0.254 -0.038  0.155
 0.139  0.112  0.109
 0.219  0.154  0.110
 0.059  0.059  0.064
-0.038  0.005  0.012
 0.043  0.097  0.030
-0.016  0.002 -0.037
 0.171  0.103  0.002
 0.065  0.036 -0.013
-0.061 -0.042 -0.078
-0.106 -0.065 -0.102
-0.144 -0.090 -0.129
 0.028  0.045  0.009
 0.199  0.134  0.048
-0.036 -0.039 -0.045
 0.028  0.020 -0.039
-0.146 -0.105 -0.093
-0.175 -0.136 -0.096
-0.117 -0.007  0.118
-0.027 -0.089 -0.034
 0.044 -0.014 -0.018
-0.141 -0.137 -0.100
-0.206 -0.185 -0.161
-0.120 -0.145 -0.154
-0.050 -0.114 -0.110
-0.017 -0.114 -0.112
-0.229 -0.227 -0.152
-0.199 -0.247 -0.243
-0.185 -0.214 -0.230
-0.200 -0.253 -0.244
-0.101 -0.202 -0.180
 0.062 -0.112 -0.141
-0.064 -0.179 -0.147
-0.180 -0.244 -0.204
-0.184 -0.245 -0.240
-0.244 -0.287 -0.276
-0.123 -0.212 -0.207
-0.302 -0.299 -0.133
-0.061 -0.177 -0.180
-0.073 -0.147 -0.139
-0.303 -0.282 -0.180
-0.149 -0.194 -0.171
-0.194 -0.219 -0.203
-0.097 -0.147 -0.165
-0.040 -0.114 -0.091
 0.032 -0.098 -0.086
 0.076 -0.049 -0.063
-0.059 -0.106 -0.087
-0.023 -0.039 -0.066
-0.164 -0.155 -0.138
-0.006 -0.068 -0.100
 0.001 -0.088 -0.077
 0.169  0.021 -0.041
-0.046 -0.148 -0.084
-0.151 -0.185 -0.113
-0.134 -0.161 -0.135
-0.172 -0.178 -0.135
-0.096 -0.162 -0.121
 0.008 -0.131 -0.121
 0.005 -0.118 -0.094
-0.067 -0.140 -0.125
-0.267 -0.244 -0.177
-0.095 -0.152 -0.129
 0.033 -0.107 -0.118
 0.152  0.018 -0.041
-0.040 -0.170 -0.166
-0.023 -0.124 -0.157
-0.200 -0.241 -0.223
-0.137 -0.166 -0.185
-0.090 -0.198 -0.223
 0.001 -0.137 -0.178
-0.043 -0.177 -0.195
-0.170 -0.231 -0.235
-0.169 -0.214 -0.224
-0.226 -0.232 -0.222
-0.105 -0.173 -0.195
-0.270 -0.273 -0.164
-0.048 -0.173 -0.210
-0.105 -0.169 -0.179
-0.325 -0.266 -0.161
-0.224 -0.216 -0.193
-0.053 -0.079 -0.129
-0.057 -0.150 -0.196
-0.085 -0.168 -0.217
-0.309 -0.151 -0.042
-0.215 -0.215 -0.244
-0.212 -0.205 -0.267
-0.189 -0.191 -0.212
 0.006 -0.045 -0.115
 0.020 -0.076 -0.129
-0.076 -0.114 -0.142
-0.056 -0.091 -0.155
-0.200 -0.170 -0.178
-0.218 -0.173 -0.167
-0.333 -0.223 -0.092
-0.002 -0.082 -0.117
 0.116  0.040 -0.035
-0.111 -0.111 -0.105
-0.229 -0.178 -0.161
-0.226 -0.204 -0.234
-0.146 -0.176 -0.237
 0.073 -0.014 -0.166
 0.013 -0.106 -0.230
-0.078 -0.147 -0.234
-0.115 -0.154 -0.236
-0.163 -0.159 -0.223
-0.068 -0.077 -0.199
-0.126 -0.125 -0.191
-0.076 -0.106 -0.203
 0.023 -0.097 -0.235
-0.114 -0.151 -0.227
-0.072 -0.104 -0.216
-0.195 -0.172 -0.231
-0.119 -0.132 -0.204
 0.094 -0.020 -0.175
-0.002 -0.064 -0.163
-0.122 -0.114 -0.180
-0.067 -0.061 -0.151
-0.152 -0.109 -0.171
-0.053  0.010 -0.081
-0.059 -0.039 -0.114
 0.094  0.101 -0.024
-0.010  0.009 -0.079
-0.088 -0.019 -0.083
-0.046  0.024 -0.067
-0.098  0.017 -0.060
-0.061  0.068 -0.005
-0.013  0.110  0.044
 0.130  0.244  0.173
 0.122  0.170  0.075
-0.010  0.107  0.045
 0.092  0.194  0.052
-0.058  0.082 -0.009
-0.100  0.050 -0.041
-0.011  0.097 -0.009
 0.013  0.103  0.020
 0.058  0.165  0.030
-0.038  0.055 -0.030
-0.088  0.025 -0.051
 0.012  0.093 -0.031
 0.068  0.109  0.031
 0.126  0.130  0.053
 0.160  0.138  0.008
 0.025  0.058 -0.036
-0.045  0.018 -0.087
 0.045  0.064 -0.049
 0.135  0.112  0.033
 0.145  0.115  0.073
 0.244  0.195  0.108
 0.198  0.161  0.081
 0.093  0.116  0.061
 0.037  0.077  0.031
 0.052  0.060 -0.035
-0.041  0.012 -0.060
 0.006  0.038 -0.017
 0.051  0.024 -0.028
-0.009  0.011 -0.037
-0.241  0.003  0.091
-0.067 -0.008 -0.090
-0.013  0.029 -0.093
-0.067 -0.007 -0.108
 0.115  0.116 -0.025
 0.014  0.022 -0.048
-0.034  0.003 -0.055
 0.084  0.152  0.037
-0.063 -0.010 -0.072
-0.013  0.013 -0.063
-0.073 -0.028 -0.080
 0.092  0.102  0.013
 0.041  0.028 -0.008
 0.001  0.017  0.000
-0.068  0.007  0.045
-0.028  0.029  0.029
 0.061  0.087  0.041
-0.059  0.001  0.011
 0.056  0.105  0.049
-0.014  0.038  0.053
 0.127  0.160  0.158
 0.063  0.063  0.100
-0.006  0.036  0.066
 0.135  0.126  0.065
-0.047  0.011  0.020
-0.006  0.035  0.043
 0.025  0.058  0.107
 0.229  0.190  0.189
 0.179  0.080  0.123
 0.120  0.066  0.130
 0.168  0.123  0.142
 0.021  0.046  0.128
-0.020  0.035  0.100
 0.044  0.070  0.114
 0.145  0.134  0.164
 0.199  0.099  0.108
 0.206  0.135  0.132
 0.132  0.073  0.087
 0.046  0.034  0.055
 0.044  0.053  0.081
-0.000  0.040  0.062
 0.054  0.076  0.099
 0.114  0.115  0.129
 0.253  0.189  0.184
 0.233  0.180  0.169
 0.080  0.123  0.127
 0.114  0.148  0.132
 0.224  0.239  0.161
 0.057  0.111  0.077
 0.023  0.097  0.079
 0.112  0.140  0.105
 0.170  0.167  0.166
 0.084  0.216  0.315
 0.123  0.135  0.154
 0.128  0.135  0.126
-0.006  0.042  0.070
 0.099  0.119  0.067
 0.023  0.055  0.059
 0.212  0.166  0.127
 0.213  0.158  0.197
 0.319  0.274  0.276
 0.155  0.139  0.189
 0.060  0.111  0.177
 0.068  0.122  0.163
 0.013  0.084  0.121
 0.229  0.199  0.137
 0.157  0.068  0.052
 0.161  0.044  0.025
-0.015 -0.008  0.077
 0.038  0.011  0.008
 0.106  0.094  0.029
 0.010  0.032  0.045
 0.135  0.127  0.117
 0.143  0.072  0.077
 0.111  0.063  0.084
-0.137 -0.021  0.165
 0.086  0.084  0.114
 0.137  0.154  0.178
 0.205  0.161  0.199
 0.211  0.177  0.226
 0.146  0.149  0.211
 0.297  0.289  0.285
 0.142  0.307  0.400
 0.156  0.164  0.244
 0.404  0.306  0.310
 0.258  0.212  0.280
 0.174  0.171  0.258
 0.296  0.246  0.267
 0.112  0.123  0.222
 0.078  0.097  0.179
 0.168  0.153  0.192
 0.107  0.130  0.208
 0.109  0.138  0.205
-0.188  0.068  0.314
 0.049  0.069  0.143
 0.199  0.172  0.205
-0.092 -0.017  0.160
 0.032  0.051  0.137
-0.034  0.027  0.135
 0.115  0.157  0.188
-0.265  0.024  0.266
 0.024  0.054  0.116
 0.106  0.079  0.144
 0.260  0.135  0.148
 0.221  0.114  0.152
 0.142  0.073  0.123
 0.248  0.156  0.122
 0.149  0.059  0.031
-0.026 -0.019  0.010
 0.025  0.022 -0.006
-0.117 -0.073 -0.041
-0.056 -0.046 -0.006
-0.271 -0.172 -0.000
 0.037 -0.060 -0.070
 0.031 -0.035 -0.068
 0.056  0.013 -0.046
-0.097 -0.111 -0.117
-0.145 -0.123 -0.129
-0.062 -0.094 -0.103
-0.013 -0.081 -0.073
 0.022 -0.070 -0.055
 0.117  0.016 -0.029
-0.185 -0.194 -0.130
-0.080 -0.074 -0.046
 0.043  0.027 -0.006
-0.026 -0.064 -0.049
 0.009 -0.062 -0.040
 0.126  0.025 -0.013
-0.049 -0.072 -0.041
-0.118 -0.104 -0.057
-0.096 -0.085 -0.037
-0.046 -0.080 -0.034
 0.032 -0.059 -0.033
-0.212 -0.173 -0.016
-0.039 -0.091 -0.072
-0.066 -0.083 -0.069
 0.013 -0.031 -0.080
-0.092 -0.113 -0.077
 0.092 -0.029 -0.064
 0.060 -0.067 -0.075
-0.018 -0.104 -0.083
-0.082 -0.115 -0.070
-0.073 -0.098 -0.075
 0.049  0.015 -0.009
 0.005 -0.064 -0.047
 0.030 -0.063 -0.054
 0.126 -0.041 -0.073
 0.053 -0.051 -0.044
 0.076 -0.024 -0.055
-0.057 -0.100 -0.091
-0.079 -0.103 -0.102
 0.007 -0.094 -0.119
 0.023 -0.098 -0.127
 0.141 -0.016 -0.095
-0.013 -0.091 -0.099
-0.089 -0.130 -0.130
-0.076 -0.113 -0.137
-0.059 -0.111 -0.114
 0.037 -0.053 -0.081
 0.056 -0.080 -0.121
-0.032 -0.108 -0.110
 0.014 -0.063 -0.097
-0.097 -0.117 -0.105
 0.032 -0.003 -0.050
-0.009 -0.093 -0.093
 0.016 -0.103 -0.107
-0.086 -0.139 -0.060
 0.008 -0.061 -0.032
-0.079 -0.088 -0.033
-0.092 -0.066 -0.036
-0.168 -0.151 -0.082
-0.215 -0.177 -0.087
 0.005 -0.067 -0.066
 0.155  0.015 -0.055
-0.041 -0.096 -0.054
-0.079 -0.080 -0.022
-0.142 -0.118 -0.048
-0.162 -0.134 -0.043
 0.102  0.011 -0.033
 0.038 -0.059 -0.043
 0.142 -0.003 -0.048
-0.017 -0.062 -0.029
-0.102 -0.086 -0.036
-0.125 -0.089 -0.064
-0.121 -0.099 -0.077
-0.001 -0.036 -0.056
 0.049  0.070  0.060
 0.001 -0.059 -0.065
 0.079  0.043  0.001
 0.023 -0.035 -0.095
-0.151 -0.119 -0.082
-0.030 -0.039 -0.049
-0.038 -0.066 -0.075
 0.013 -0.050 -0.076
-0.280 -0.138  0.019
-0.026 -0.032 -0.039
 0.042  0.049 -0.012
-0.105 -0.076 -0.080
-0.052 -0.062 -0.084
 0.145  0.037 -0.075
 0.005 -0.035 -0.071
-0.070 -0.054 -0.048
-0.001  0.002 -0.036
-0.079 -0.056 -0.062
-0.035 -0.057 -0.088
-0.018 -0.049 -0.078
-0.065 -0.057 -0.066
-0.095 -0.054 -0.046
-0.137 -0.100 -0.078
-0.065 -0.076 -0.067
 0.080 -0.004 -0.063
-0.021 -0.055 -0.057
-0.087 -0.086 -0.069
-0.209 -0.126 -0.035
-0.118 -0.068 -0.035
 0.071  0.080  0.030
 0.031  0.018 -0.000
 0.044  0.030  0.017
 0.032  0.043  0.043
-0.046  0.006  0.050
-0.083  0.004  0.068
 0.128  0.130  0.084
 0.021  0.023  0.044
 0.170  0.127  0.065
 0.129  0.058  0.007
-0.077 -0.035  0.012
-0.015  0.021  0.037
 0.033 -0.015 -0.028
 0.021 -0.050 -0.087
-0.024 -0.079 -0.113
 0.075 -0.012 -0.109
-0.077 -0.117 -0.145
-0.160 -0.151 -0.128
-0.058 -0.083 -0.096
-0.010 -0.083 -0.123
-0.054 -0.072 -0.071
-0.321 -0.146  0.019
-0.107 -0.051 -0.016
-0.040 -0.008 -0.003
-0.026 -0.026 -0.035
 0.132  0.079 -0.025
 0.006 -0.027 -0.058
-0.065 -0.033 -0.012
 0.060  0.080  0.044
-0.012  0.025  0.022
 0.048  0.029  0.000
 0.191  0.105 -0.010
 0.046  0.033  0.018
-0.028  0.005  0.023
 0.085  0.099  0.049
 0.013  0.020  0.012
 0.074  0.050  0.023
 0.187  0.124  0.045
 0.058  0.070  0.057
-0.018  0.047  0.067
-0.149  0.009  0.126
 0.060  0.098  0.107
 0.291  0.237  0.143
 0.146  0.145  0.127
 0.083  0.133  0.154
 0.117  0.168  0.154
 0.084  0.158  0.170
 0.131  0.157  0.141
-0.115  0.004  0.134
 0.115  0.101  0.074
 0.093  0.118  0.093
-0.246 -0.047  0.104
 0.082  0.065  0.038
 0.123  0.064  0.017
 0.174  0.089  0.007
 0.085  0.075  0.051
 0.014  0.071  0.060
 0.104  0.135  0.052
 0.024  0.052 -0.016
 0.099  0.081 -0.031
 0.101  0.023 -0.082
 0.058  0.045 -0.006
 0.091  0.099  0.010
-0.061  0.019 -0.012
-0.043  0.022 -0.001
-0.030 -0.005 -0.021
 0.029  0.011 -0.022
-0.009  0.031  0.037
-0.124  0.001  0.082
-0.079  0.027  0.077
-0.028  0.048  0.063
 0.009  0.117  0.125
 0.004 -0.016 -0.015
 0.103  0.117  0.086
-0.031  0.015  0.047
-0.101  0.005  0.071
 0.057  0.085  0.075
 0.008  0.015  0.021
-0.027 -0.004  0.028
-0.007  0.015  0.033
-0.085 -0.022  0.017
-0.125 -0.028  0.016
 0.069  0.063  0.027
 0.027  0.009  0.011
-0.028  0.002  0.027
 0.087  0.123  0.095
-0.109  0.104  0.183
-0.013 -0.001  0.012
 0.115  0.075  0.024
-0.070  0.069  0.161
-0.007  0.008  0.032
 0.042  0.090  0.101
-0.244 -0.025  0.160
-0.076 -0.039  0.002
-0.127 -0.051  0.007
 0.001  0.007  0.025
-0.016 -0.046 -0.001
-0.006 -0.039  0.002
 0.075  0.079  0.067
-0.349 -0.084  0.136
-0.094 -0.002  0.033
 0.055  0.088  0.076
 0.028  0.036  0.057
 0.052  0.018  0.020
-0.149 -0.052  0.047
-0.064  0.120  0.184
-0.066  0.039  0.054
-0.033  0.060  0.079
 0.024  0.050  0.030
 0.141  0.074 -0.046
-0.010 -0.008 -0.067
-0.026  0.013  0.033
 0.013  0.081  0.060
-0.270 -0.070  0.114
 0.016  0.050  0.075
 0.151  0.138  0.127
 0.280  0.174  0.075
 0.052  0.074  0.062
 0.124  0.136  0.107
 0.017  0.064  0.112
 0.155  0.168  0.158
 0.088  0.050  0.064
 0.138  0.075  0.064
 0.076  0.050  0.044
-0.033  0.024  0.072
 0.009  0.048  0.045
 0.009  0.040  0.068
 0.048  0.034  0.054
 0.028 -0.013 -0.014
 0.032  0.012  0.011
-0.038 -0.004  0.026
-0.087 -0.026  0.033
-0.082 -0.039 -0.011
 0.040 -0.008 -0.054
 0.086 -0.057 -0.119
 0.038  0.009  0.041
 0.122  0.109  0.134
-0.003  0.053  0.130
 0.071  0.126  0.155
-0.005  0.001  0.047
 0.084  0.036  0.000
 0.017 -0.051 -0.025
-0.029 -0.045  0.015
-0.016 -0.007  0.050
-0.083 -0.042  0.044
-0.082 -0.088 -0.024
 0.001 -0.116 -0.129
-0.008 -0.146 -0.154
-0.082 -0.145 -0.100
-0.012 -0.053 -0.039
-0.115 -0.078 -0.006
-0.162 -0.083 -0.000
-0.064 -0.055 -0.008
 0.128  0.050  0.001
 0.021 -0.065 -0.047
 0.121  0.046  0.027
-0.057 -0.052  0.003
-0.017  0.020  0.073
 0.152  0.053 -0.013
 0.062 -0.008 -0.010
 0.182  0.126  0.068
-0.163  0.019  0.170
-0.020 -0.008  0.014
-0.004  0.040  0.065
 0.093  0.114  0.102
 0.005  0.013  0.053
 0.129  0.052  0.010
 0.031 -0.024 -0.025
-0.039 -0.040  0.003
-0.091 -0.047  0.021
-0.074 -0.047  0.007
-0.046 -0.103 -0.091
 0.045 -0.097 -0.160
-0.014 -0.100 -0.116
-0.035 -0.075 -0.057
 0.077  0.031  0.015
-0.084 -0.032  0.023
-0.123 -0.022  0.051
-0.091 -0.010  0.056
-0.093 -0.050  0.004
-0.041 -0.076 -0.062
-0.087 -0.080 -0.049
-0.085 -0.061 -0.037
-0.174 -0.089 -0.036
-0.145 -0.047  0.004
-0.105 -0.053 -0.036
-0.105 -0.069 -0.040
 0.033 -0.019 -0.071
-0.096 -0.061 -0.041
-0.128 -0.059 -0.011
 0.020 -0.012 -0.047
-0.040 -0.061 -0.065
-0.088 -0.074 -0.051
 0.005  0.008 -0.006
-0.115 -0.054 -0.017
-0.084 -0.041 -0.017
-0.024 -0.052 -0.071
 0.032 -0.050 -0.104
 0.048  0.011 -0.030
 0.064  0.111  0.081
-0.085 -0.051 -0.016
 0.011  0.028  0.004
-0.017 -0.032 -0.031
-0.014 -0.077 -0.169
-0.128 -0.095 -0.088
-0.062 -0.042 -0.047
 0.022  0.062  0.036
-0.050 -0.025 -0.011
-0.020 -0.038 -0.053
 0.129  0.010 -0.085
 0.026 -0.065 -0.106
-0.050 -0.058 -0.046
 0.038  0.068  0.048
-0.300 -0.112  0.058
-0.030 -0.043 -0.023
-0.029 -0.063 -0.054
-0.002 -0.019  0.004
-0.067 -0.033  0.046
-0.149 -0.059  0.038
-0.029 -0.019  0.012
-0.092 -0.109 -0.074
-0.014 -0.075 -0.096
-0.156 -0.140 -0.071
-0.207 -0.146 -0.042
-0.289 -0.142  0.036
-0.135 -0.078  0.010
 0.061  0.044  0.036
 0.132  0.083  0.043
-0.045 -0.008  0.085
-0.121 -0.033  0.073
-0.154 -0.051  0.062
-0.066 -0.024  0.067
 0.104  0.041  0.028
-0.034 -0.047  0.000
-0.137 -0.092  0.014
-0.136 -0.090 -0.003
-0.084 -0.098 -0.086
-0.260 -0.160 -0.023
-0.059 -0.122 -0.103
-0.116 -0.120 -0.079
-0.379 -0.236 -0.046
-0.216 -0.194 -0.145
-0.170 -0.203 -0.186
-0.143 -0.232 -0.262
-0.129 -0.220 -0.243
-0.165 -0.195 -0.156
-0.165 -0.176 -0.138
-0.204 -0.181 -0.145
-0.254 -0.245 -0.170
-0.062 -0.160 -0.155
-0.061 -0.092 -0.071
-0.030 -0.053 -0.032
-0.215 -0.211 -0.069
-0.354 -0.308 -0.236
-0.278 -0.306 -0.343
-0.008 -0.116 -0.071
-0.112 -0.175 -0.046
-0.212 -0.217 -0.116
-0.218 -0.229 -0.198
-0.239 -0.253 -0.257
-0.058 -0.149 -0.241
-0.175 -0.246 -0.257
-0.103 -0.118 -0.102
-0.188 -0.193 -0.117
-0.078 -0.075 -0.043
-0.198 -0.190 -0.111
-0.025 -0.073 -0.098
-0.065 -0.168 -0.211
-0.032 -0.122 -0.183
-0.080 -0.152 -0.192
-0.134 -0.145 -0.142
-0.101 -0.111 -0.141
-0.108 -0.115 -0.156
 0.028 -0.047 -0.183
-0.018 -0.144 -0.291
-0.071 -0.130 -0.166
-0.039 -0.091 -0.106
-0.080 -0.102 -0.046
 0.104 -0.003 -0.019
 0.020 -0.096 -0.085
 0.061  0.005  0.023
-0.036 -0.058  0.026
-0.082 -0.061  0.040
 0.089 -0.001  0.007
 0.016 -0.066 -0.090
 0.048 -0.033 -0.100
-0.072 -0.079 -0.104
-0.073 -0.047 -0.106
-0.090 -0.113 -0.150
-0.040 -0.123 -0.165
 0.102 -0.024 -0.107
-0.065 -0.082 -0.071
-0.111 -0.076 -0.020
-0.162 -0.085  0.010
-0.067 -0.034  0.017
 0.102  0.037 -0.009
 0.039 -0.024 -0.045
-0.027 -0.041 -0.021
 0.091  0.077  0.030
-0.076 -0.019  0.028
 0.005  0.054  0.083
 0.041  0.066  0.084
 0.221  0.196  0.143
 0.105  0.080  0.071
 0.045  0.070  0.106
 0.086  0.110  0.125
 0.053  0.126  0.158
 0.124  0.150  0.147
 0.294  0.276  0.183
 0.175  0.126  0.073
 0.271  0.244  0.162
 0.090  0.129  0.130
 0.047  0.116  0.138
 0.040  0.110  0.123
 0.131  0.126  0.093
 0.279  0.195  0.068
 0.121  0.077  0.015
 0.080  0.075  0.040
-0.006  0.054  0.070
 0.070  0.111  0.100
 0.169  0.204  0.131
 0.044  0.096  0.079
 0.019  0.096  0.086
 0.210  0.186  0.077
-0.027 -0.070 -0.106
 0.037 -0.000 -0.038
-0.007  0.016  0.019
 0.086  0.090  0.064
-0.006  0.041  0.038
 0.158  0.082 -0.051
 0.106  0.020 -0.083
 0.239  0.134 -0.095
 0.083 -0.010 -0.145
 0.105  0.030 -0.031
 0.073  0.045  0.053
 0.174  0.142  0.123
-0.014 -0.024 -0.141
 0.019 -0.035 -0.195
 0.113 -0.012 -0.172
 0.138  0.071  0.067
 0.079  0.058  0.061
-0.022  0.025  0.038
 0.024  0.048  0.002
 0.131  0.097 -0.022
 0.182  0.079 -0.077
 0.032  0.059  0.010
 0.049  0.074 -0.012
-0.041  0.017 -0.040
 0.083  0.102 -0.031
 0.044  0.029 -0.069
 0.198  0.136  0.046
 0.085  0.053  0.085
 0.011  0.023  0.079
 0.005  0.140  0.220
 0.014  0.043  0.095
 0.137  0.070  0.055
 0.070  0.014 -0.010
 0.035  0.019 -0.017
 0.079  0.049 -0.061
-0.146 -0.071 -0.088
-0.007 -0.034 -0.157
-0.065 -0.128 -0.275
-0.080 -0.195 -0.410
-0.104 -0.184 -0.338
-0.117 -0.151 -0.264
-0.063 -0.065 -0.183
-0.108 -0.107 -0.210
-0.007 -0.088 -0.266
-0.068 -0.089 -0.204
-0.145 -0.099 -0.174
-0.098 -0.103 -0.200
-0.046 -0.108 -0.262
 0.041 -0.010 -0.184
-0.088 -0.072 -0.149
-0.126 -0.076 -0.109
-0.093 -0.038 -0.094
-0.059 -0.036 -0.108
 0.052  0.037 -0.095
 0.141  0.009 -0.199
 0.086 -0.004 -0.152
 0.181  0.103 -0.061
 0.022  0.023 -0.036
-0.043  0.003 -0.019
 0.020  0.033 -0.027
-0.007  0.031 -0.003
-0.209 -0.061  0.024
 0.074  0.029 -0.072
 0.116  0.052 -0.064
-0.007 -0.014 -0.069
-0.023  0.008 -0.048
-0.051 -0.034 -0.083
-0.056 -0.029 -0.070
 0.014 -0.021 -0.116
 0.043 -0.011 -0.123
 0.036  0.044 -0.023
-0.099  0.073  0.119
-0.044  0.002 -0.008
 0.064  0.076  0.014
-0.014 -0.012 -0.051
-0.004 -0.027 -0.069
-0.167 -0.100 -0.046
-0.030 -0.010 -0.012
 0.059  0.087  0.034
-0.059  0.003  0.003
-0.022  0.010 -0.009
 0.154  0.076 -0.052
 0.032  0.012 -0.019
 0.044  0.052  0.029
-0.068  0.001  0.042
-0.118 -0.020  0.038
-0.047  0.009  0.026
-0.026  0.018  0.021
 0.105  0.074  0.009
 0.009  0.027  0.028
-0.045  0.016  0.041
-0.001  0.027  0.005
-0.070  0.020  0.043
 0.053  0.088  0.047
 0.062  0.098  0.076
 0.068  0.096  0.071
 0.016  0.099  0.119
 0.012  0.128  0.153
-0.011  0.133  0.184
 0.127  0.275  0.280
 0.122  0.151  0.117
 0.252  0.217  0.120
 0.102  0.134  0.115
 0.053  0.126  0.148
 0.100  0.146  0.153
 0.038  0.120  0.162
 0.145  0.256  0.253
 0.092  0.092  0.069
 0.116  0.112  0.079
 0.035  0.098  0.122
 0.068  0.166  0.170
 0.005  0.092  0.116
 0.026  0.060  0.050
 0.161  0.097 -0.011
 0.030  0.038  0.025
-0.036  0.028  0.052
 0.072  0.116  0.118
-0.062  0.040  0.111
-0.068  0.012  0.066
-0.001  0.148  0.200
 0.046  0.045  0.044
 0.092  0.094  0.084
-0.010  0.067  0.124
 0.007  0.101  0.155
-0.031  0.067  0.124
 0.017  0.064  0.093
-0.104 -0.037  0.048
 0.054  0.031  0.004
 0.136  0.144  0.114
 0.121  0.153  0.148
 0.006  0.073  0.135
-0.189  0.064  0.247
 0.095  0.113  0.121
 0.265  0.202  0.106
 0.133  0.110  0.083
 0.038  0.076  0.109
 0.122  0.152  0.143
 0.010  0.091  0.142
 0.050  0.113  0.144
 0.226  0.187  0.139
 0.115  0.112  0.135
 0.032  0.083  0.134
 0.031  0.200  0.262
-0.003  0.079  0.125
 0.051  0.077  0.105
 0.128  0.092  0.070
 0.227  0.154  0.083
 0.039  0.047  0.059
-0.019  0.011  0.044
-0.306 -0.100  0.089
-0.033 -0.029 -0.007
 0.111  0.040 -0.031
 0.047 -0.012 -0.051
 0.006 -0.012 -0.004
-0.010 -0.004  0.011
-0.205 -0.075  0.065
-0.026  0.005  0.030
 0.006  0.005  0.010
-0.001 -0.017 -0.019
-0.202 -0.037  0.093
-0.037 -0.029 -0.011
 0.058  0.079  0.051
-0.002  0.003  0.006
 0.047  0.003 -0.042
 0.184  0.093 -0.026
 0.076  0.051  0.008
 0.010  0.044  0.044
-0.141 -0.017  0.059
-0.004  0.056  0.045
 0.087  0.089  0.039
 0.111  0.091  0.033
 0.198  0.154  0.044
 0.054  0.062  0.032
 0.002  0.044  0.043
 0.082  0.069  0.009
 0.033  0.029 -0.023
 0.154  0.085 -0.033
 0.122  0.069 -0.012
 0.091  0.091  0.040
 0.169  0.142  0.041
 0.009  0.038  0.019
 0.167  0.110 -0.001
 0.074 -0.002 -0.093
 0.043 -0.020 -0.094
 0.054  0.003 -0.067
-0.040 -0.046 -0.058
-0.068 -0.065 -0.071
-0.029 -0.066 -0.096
 0.020 -0.056 -0.105
-0.086 -0.108 -0.098
 0.011 -0.029 -0.044
 0.109  0.088  0.046
-0.036 -0.020  0.006
-0.047 -0.050 -0.025
-0.175 -0.141 -0.062
 0.021 -0.052 -0.091
 0.118  0.068  0.004
 0.053  0.037  0.004
-0.072 -0.040 -0.009
 0.028  0.002 -0.011
-0.005 -0.025 -0.011
 0.055 -0.024 -0.034
 0.031 -0.033 -0.020
 0.014 -0.005  0.021
-0.003 -0.041 -0.002
-0.078 -0.057  0.018
-0.015 -0.025  0.008
-0.024 -0.034 -0.008
 0.105  0.060  0.016
 0.022 -0.030 -0.023
-0.036 -0.041  0.002
-0.016 -0.014  0.027
-0.056 -0.031  0.032
 0.086  0.057  0.053
 0.008 -0.041 -0.038
 0.052  0.000 -0.000
-0.003 -0.050 -0.029
-0.045 -0.058 -0.006
-0.270 -0.127  0.079
-0.036 -0.053 -0.008
 0.092  0.004 -0.016
 0.054 -0.058 -0.060
 0.093 -0.035 -0.010
-0.136 -0.139  0.023
 0.050 -0.033  0.036
 0.004 -0.047  0.033
-0.007 -0.054  0.022
 0.007 -0.046  0.015
-0.053 -0.063  0.011
-0.296 -0.157  0.051
 0.044 -0.048 -0.032
 0.039 -0.016 -0.007
 0.123  0.054  0.026
-0.043 -0.066 -0.003
-0.147 -0.105 -0.013
 0.028  0.026  0.029
 0.027 -0.003  0.018
-0.198 -0.091  0.068
 0.080  0.055  0.081
-0.284 -0.040  0.194
-0.135 -0.050  0.051
-0.243 -0.101  0.045
-0.088 -0.010  0.058
 0.081  0.083  0.055
-0.042  0.019  0.042
-0.117 -0.008  0.054
-0.161 -0.033  0.046
-0.089  0.040  0.118
 0.059  0.138  0.136
 0.033  0.088  0.085
 0.095  0.101  0.099
 0.161  0.165  0.131
-0.016  0.042  0.084
-0.123 -0.035  0.017
-0.058 -0.003  0.013
-0.037 -0.016 -0.017
 0.155  0.078 -0.016
 0.062 -0.020 -0.083
 0.139  0.075 -0.010
-0.105 -0.079 -0.069
-0.091 -0.031 -0.027
-0.190 -0.136 -0.117
-0.071 -0.062 -0.091
-0.058 -0.135 -0.205
-0.136 -0.200 -0.238
-0.540 -0.419 -0.274
-0.354 -0.358 -0.346
-0.249 -0.243 -0.283
-0.297 -0.312 -0.315
-0.279 -0.340 -0.358
-0.394 -0.416 -0.399
-0.321 -0.388 -0.422
-0.303 -0.357 -0.427
-0.517 -0.594 -0.649
-0.637 -0.710 -0.777
-0.614 -0.705 -0.772
-0.530 -0.664 -0.758
-0.476 -0.623 -0.767
-0.688 -0.812 -0.914
-0.768 -0.897 -0.993
-0.997 -0.969 -0.918
-0.704 -0.846 -0.972
-0.479 -0.694 -0.876
-0.467 -0.630 -0.782
-0.521 -0.651 -0.770
-0.800 -0.772 -0.725
-0.572 -0.685 -0.776
-0.491 -0.625 -0.772
-0.541 -0.686 -0.792
-0.405 -0.504 -0.556
-0.263 -0.375 -0.459
-0.362 -0.449 -0.502
-0.347 -0.391 -0.427
-0.308 -0.243 -0.253
-0.277 -0.288 -0.302
-0.111 -0.097 -0.072
-0.027 -0.026  0.036
 0.042  0.065  0.136
-0.133 -0.004  0.193
-0.106  0.129  0.306
-0.315  0.057  0.340
-0.009  0.135  0.232
 0.208  0.261  0.286
 0.207  0.256  0.350
 0.143  0.220  0.315
 0.189  0.284  0.301
 0.148  0.270  0.311
 0.139  0.294  0.370
 0.059  0.285  0.470
 0.427  0.439  0.412
 0.599  0.594  0.514
 0.453  0.492  0.461
 0.354  0.459  0.503
 0.382  0.450  0.447
 0.343  0.442  0.467
 0.410  0.469  0.485
 0.507  0.459  0.419
 0.423  0.405  0.399
 0.443  0.447  0.423
 0.312  0.383  0.424
 0.277  0.426  0.509
 0.305  0.459  0.552
 0.430  0.539  0.615
 0.594  0.658  0.671
 0.629  0.623  0.608
 0.454  0.570  0.669
 0.376  0.519  0.648
 0.313  0.455  0.566
 0.457  0.555  0.588
 0.473  0.512  0.541
 0.502  0.511  0.535
 0.533  0.537  0.537
 0.383  0.442  0.484
 0.307  0.391  0.430
 0.314  0.397  0.410
 0.314  0.408  0.435
 0.498  0.561  0.521
 0.456  0.464  0.433
 0.357  0.402  0.403
 0.182  0.422  0.545
 0.251  0.306  0.311
 0.244  0.296  0.297
 0.199  0.254  0.276
 0.352  0.307  0.252
 0.275  0.214  0.183
 0.206  0.185  0.190
 0.263  0.256  0.243
 0.175  0.150  0.155
 0.118  0.096  0.107
 0.095  0.078  0.086
 0.280  0.207  0.148
 0.192  0.124  0.112
 0.117  0.066  0.075
 0.122  0.063  0.056
 0.066  0.028  0.032
 0.130  0.113  0.094
 0.100  0.047  0.044
 0.132  0.057  0.050
 0.211  0.087  0.025
 0.139  0.050  0.013
 0.091  0.172  0.207
 0.097  0.053  0.056
 0.138  0.085  0.069
 0.092  0.033  0.036
 0.170  0.091  0.044
 0.334  0.147 -0.001
 0.145  0.043  0.020
 0.262  0.113  0.043
 0.111  0.019  0.030
 0.125  0.039  0.045
 0.327  0.142  0.030
 0.198  0.039 -0.035
 0.162  0.015 -0.033
 0.221  0.086  0.001
 0.094 -0.037 -0.079
-0.128 -0.141 -0.069
 0.154 -0.001 -0.067
 0.172  0.006 -0.091
 0.107 -0.012 -0.052
 0.001 -0.049 -0.032
 0.107 -0.016 -0.055
 0.109  0.036 -0.028
-0.266 -0.165 -0.033
-0.033 -0.068 -0.050
-0.066 -0.050 -0.007
-0.051 -0.056 -0.048
 0.003 -0.062 -0.113
-0.003 -0.060 -0.126
 0.087  0.020 -0.076
 0.048 -0.010 -0.078
-0.092 -0.058 -0.055
-0.021  0.031  0.015
-0.113 -0.059 -0.021
 0.071  0.037 -0.008
-0.025 -0.015  0.011
-0.001 -0.009  0.013
-0.159 -0.110 -0.016
-0.241 -0.176 -0.058
 0.019  0.001 -0.017
 0.151  0.103  0.010
 0.052 -0.026 -0.069
 0.018 -0.003 -0.021
-0.090 -0.080 -0.028
-0.119 -0.091 -0.015
-0.125 -0.101 -0.033
 0.042 -0.031 -0.081
-0.011 -0.098 -0.149
-0.046 -0.118 -0.150
 0.049 -0.027 -0.089
-0.261 -0.107  0.035
-0.179 -0.169 -0.106
-0.108 -0.087 -0.039
 0.063 -0.019 -0.068
-0.055 -0.102 -0.086
 0.053  0.010  0.003
-0.112 -0.123 -0.059
-0.202 -0.152 -0.034
-0.107 -0.090 -0.019
-0.182 -0.153 -0.040
-0.134 -0.154 -0.076
-0.010 -0.096 -0.115
-0.122 -0.143 -0.091
-0.160 -0.136 -0.037
-0.068 -0.068 -0.013
-0.171 -0.108  0.007
-0.122 -0.080  0.028
-0.099  0.035  0.157
 0.074  0.002 -0.010
 0.221  0.066 -0.047
 0.065 -0.015 -0.025
 0.002 -0.030  0.016
 0.034  0.009  0.065
-0.129 -0.080  0.061
-0.208 -0.114  0.066
-0.163 -0.105  0.047
-0.110 -0.059  0.084
-0.083 -0.060  0.046
 0.044 -0.025  0.005
 0.159  0.074  0.050
-0.089  0.018  0.158
-0.010 -0.072 -0.010
 0.057  0.009  0.040
-0.059 -0.079 -0.002
-0.115 -0.093  0.012
-0.292 -0.094  0.105
-0.015 -0.067 -0.061
 0.046 -0.058 -0.102
 0.031 -0.046 -0.066
 0.129  0.076  0.051
 0.092  0.073  0.086
-0.073 -0.050  0.035
 0.010  0.056  0.090
-0.088 -0.042  0.040
 0.050  0.005 -0.013
 0.038 -0.028 -0.058
 0.022 -0.047 -0.068
-0.076 -0.090 -0.046
-0.061 -0.062 -0.011
-0.066 -0.040  0.028
-0.183 -0.148 -0.058
-0.154 -0.102 -0.011
-0.098 -0.115 -0.059
-0.006 -0.042 -0.032
-0.007 -0.093 -0.100
-0.049 -0.107 -0.098
-0.044 -0.088 -0.079
-0.106 -0.099 -0.030
-0.172 -0.121 -0.030
-0.190 -0.122 -0.029
-0.084 -0.049 -0.007
-0.109 -0.062 -0.025
 0.113  0.082  0.036
 0.042  0.003  0.028
 0.096  0.011  0.054
-0.008 -0.026  0.094
 0.040  0.014  0.118
-0.006  0.028  0.149
-0.005  0.143  0.283
-0.112 -0.038  0.081
-0.038 -0.010  0.012
 0.029  0.017 -0.032
 0.205  0.100 -0.093
 0.041 -0.007 -0.134
-0.063 -0.045 -0.083
-0.115 -0.080 -0.100
-0.214 -0.125 -0.096
-0.469 -0.211 -0.037
-0.133 -0.122 -0.164
 0.035 -0.034 -0.188
 0.028 -0.017 -0.137
 0.028  0.033 -0.046
-0.104  0.091  0.115
-0.077 -0.018 -0.037
-0.115 -0.029 -0.031
-0.056 -0.006 -0.032
 0.027  0.041 -0.021
 0.215  0.134 -0.041
-0.001 -0.025 -0.079
 0.096  0.081 -0.001
-0.043 -0.032 -0.047
-0.124 -0.063 -0.049
-0.145 -0.060 -0.027
-0.073 -0.026 -0.038
 0.084  0.048 -0.057
-0.044 -0.039 -0.108
-0.063 -0.002 -0.069
-0.134 -0.084 -0.106
-0.197 -0.114 -0.116
-0.144 -0.105 -0.132
-0.084 -0.078 -0.135
-0.108  0.032  0.023
 0.003 -0.010 -0.100
 0.099  0.094 -0.008
-0.012  0.032 -0.006
-0.125 -0.044 -0.030
-0.108 -0.048 -0.034
-0.025  0.006  0.003
-0.015  0.020  0.027
 0.041  0.083  0.082
 0.098  0.176  0.162
-0.007  0.062  0.095
-0.062  0.019  0.045
 0.094  0.167  0.109
 0.045  0.028 -0.028
 0.150  0.062 -0.056
 0.078  0.027 -0.033
 0.112  0.105  0.034
 0.076  0.083  0.027
-0.094 -0.056 -0.046
-0.005  0.095  0.085
-0.022 -0.043 -0.085
 0.105 -0.000 -0.131
-0.060 -0.078 -0.107
-0.138 -0.110 -0.075
-0.178 -0.120 -0.055
-0.192 -0.117 -0.051
-0.013  0.028  0.015
 0.009 -0.006 -0.059
-0.005 -0.018 -0.082
-0.293 -0.068  0.040
-0.137 -0.099 -0.111
-0.188 -0.136 -0.139
-0.163 -0.113 -0.131
-0.056 -0.068 -0.137
 0.011 -0.025 -0.135
 0.063  0.014 -0.108
-0.108 -0.076 -0.078
-0.166 -0.094 -0.058
-0.123 -0.058 -0.042
-0.025 -0.028 -0.058
 0.116  0.040 -0.077
 0.036  0.009 -0.034
-0.042 -0.021  0.003
 0.005  0.024  0.040
-0.082 -0.023  0.046
-0.045 -0.010  0.029
 0.111  0.081  0.041
-0.004  0.024  0.042
-0.042  0.004 -0.000
 0.007  0.027  0.028
-0.127 -0.043  0.025
-0.047 -0.009  0.020
 0.049  0.023 -0.004
 0.154  0.090 -0.001
 0.075  0.007 -0.059
-0.057 -0.067 -0.062
-0.071  0.033  0.055
-0.166 -0.143 -0.137
-0.194 -0.154 -0.131
-0.085 -0.094 -0.128
 0.099 -0.015 -0.159
-0.024 -0.105 -0.184
-0.119 -0.140 -0.162
-0.421 -0.220 -0.044
-0.077 -0.034 -0.065
-0.148 -0.116 -0.101
-0.031 -0.059 -0.089
 0.012 -0.040 -0.081
-0.178 -0.133 -0.066
-0.112 -0.083 -0.050
-0.162 -0.100 -0.035
-0.248 -0.143 -0.029
-0.043 -0.037 -0.002
 0.167  0.118  0.039
 0.076  0.014 -0.017
-0.020 -0.036  0.003
 0.005  0.113  0.172
-0.061 -0.036  0.036
-0.161 -0.053  0.109
 0.120  0.096  0.114
 0.217  0.139  0.086
 0.081  0.074  0.074
 0.142  0.161  0.167
 0.001  0.053  0.128
-0.032  0.041  0.138
 0.057  0.189  0.257
 0.102  0.065  0.091
 0.212  0.112  0.066
 0.011 -0.052 -0.029
-0.061 -0.106 -0.018
 0.051 -0.010  0.036
-0.043 -0.066  0.029
-0.013 -0.038  0.067
 0.119  0.008  0.020
 0.142  0.019 -0.003
 0.140  0.019  0.011
