-0.807 -0.070 -0.358
-0.788 -0.089 -0.348
-0.751 -0.074 -0.331
-0.781 -0.119 -0.398
-0.848 -0.149 -0.462
-0.798 -0.107 -0.501
-0.908 -0.196 -0.621
-0.808 -0.112 -0.558
-1.019 -0.167 -0.395
-0.722 -0.015 -0.421
-0.673  0.069 -0.445
-0.677  0.007 -0.560
-0.877 -0.117 -0.568
-0.812 -0.093 -0.657
-0.807 -0.112 -0.562
-0.597  0.110 -0.268
-0.729 -0.082 -0.463
-0.765 -0.116 -0.572
-0.741 -0.113 -0.593
-0.856 -0.200 -0.662
-0.861 -0.195 -0.609
-0.916 -0.266 -0.634
-0.876 -0.230 -0.575
-0.799 -0.171 -0.454
-0.729 -0.136 -0.416
-0.602 -0.007 -0.317
-0.575  0.005 -0.354
-0.724 -0.114 -0.407
-0.574  0.028 -0.341
-0.788 -0.142 -0.420
-0.812 -0.157 -0.442
-0.693 -0.049 -0.406
-0.729 -0.114 -0.404
-0.585 -0.068 -0.383
-0.617 -0.114 -0.390
-0.593 -0.084 -0.360
-0.699 -0.122 -0.340
-0.600 -0.055 -0.302
-0.464  0.078 -0.252
-0.670 -0.091 -0.350
-0.600 -0.002 -0.288
-0.670 -0.065 -0.301
-0.456  0.089 -0.221
-0.510 -0.001 -0.222
-0.346  0.147 -0.114
-0.452  0.027 -0.183
-0.435  0.048 -0.172
-0.451  0.027 -0.224
-0.540 -0.027 -0.263
-0.587 -0.049 -0.296
-0.498  0.062 -0.215
-0.647 -0.098 -0.303
-0.576 -0.048 -0.257
-0.511  0.014 -0.151
-0.277  0.212 -0.009
-0.414  0.058 -0.100
-0.443  0.047 -0.103
-0.525 -0.014 -0.151
-0.561 -0.056 -0.203
-0.447  0.047 -0.152
-0.554 -0.060 -0.199
-0.447  0.022 -0.097
-0.339  0.034 -0.105
-0.398  0.005 -0.055
-0.330  0.046 -0.020
-0.475 -0.047 -0.065
-0.520 -0.070 -0.113
-0.568 -0.132 -0.167
-0.574 -0.127 -0.165
-0.482 -0.090 -0.122
-0.414 -0.057 -0.109
-0.483 -0.105 -0.106
-0.396 -0.076 -0.149
-0.233  0.087 -0.062
-0.468 -0.105 -0.172
-0.496 -0.098 -0.163
-0.565 -0.155 -0.221
-0.515 -0.118 -0.204
-0.276  0.053 -0.094
-0.360 -0.041 -0.110
-0.324 -0.026 -0.081
-0.425  0.016  0.014
-0.409 -0.093 -0.138
-0.350 -0.063 -0.159
-0.425 -0.085 -0.128
-0.404 -0.055 -0.112
-0.372 -0.083 -0.114
-0.318 -0.083 -0.126
-0.227 -0.027 -0.062
-0.269 -0.006  0.029
-0.285  0.007  0.047
-0.437  0.042  0.175
-0.331 -0.013 -0.005
-0.250  0.058  0.006
-0.231  0.085  0.084
-0.017  0.240  0.185
-0.213  0.092  0.081
-0.214  0.115  0.098
-0.290  0.049  0.032
-0.335  0.033  0.015
-0.296  0.093  0.166
-0.115  0.192  0.248
 0.101  0.362  0.355
-0.073  0.224  0.280
-0.089  0.238  0.282
-0.042  0.276  0.260
-0.123  0.215  0.241
-0.143  0.212  0.235
-0.237  0.160  0.238
-0.140  0.191  0.186
-0.187  0.151  0.129
-0.050  0.212  0.132
-0.110  0.146  0.114
-0.082  0.142  0.109
-0.159  0.127  0.160
-0.093  0.172  0.226
-0.114  0.179  0.256
-0.168  0.122  0.197
-0.223  0.023  0.026
-0.217  0.039  0.041
-0.211 -0.017 -0.002
-0.158 -0.025  0.095
-0.239  0.046  0.195
-0.237 -0.104 -0.048
-0.168 -0.062 -0.062
-0.288 -0.150 -0.080
-0.204 -0.108 -0.010
-0.112 -0.092  0.001
-0.152 -0.134 -0.025
-0.180 -0.142 -0.042
-0.447 -0.260 -0.028
-0.228 -0.187 -0.090
-0.230 -0.204 -0.095
-0.161 -0.168 -0.025
-0.101 -0.175 -0.012
-0.082 -0.172 -0.010
-0.111 -0.191 -0.031
-0.179 -0.226 -0.056
-0.491 -0.337  0.019
-0.132 -0.225 -0.031
 0.082 -0.128  0.021
-0.000 -0.223  0.002
-0.025 -0.220  0.008
-0.335 -0.352  0.028
-0.107 -0.266 -0.031
-0.000 -0.196 -0.036
-0.125 -0.314 -0.046
-0.008 -0.237  0.061
-0.034 -0.341 -0.007
-0.046 -0.357 -0.002
-0.058 -0.371 -0.026
-0.109 -0.399 -0.045
 0.010 -0.263  0.035
-0.116 -0.407 -0.050
-0.070 -0.397 -0.017
-0.316 -0.554 -0.034
-0.066 -0.458 -0.066
 0.081 -0.305  0.033
-0.135 -0.487 -0.078
-0.159 -0.501 -0.112
-0.244 -0.552 -0.101
-0.155 -0.531 -0.064
 0.051 -0.433 -0.015
-0.052 -0.562 -0.056
-0.035 -0.506  0.004
-0.004 -0.475  0.005
-0.064 -0.497  0.007
-0.035 -0.468  0.041
-0.005 -0.333  0.228
 0.040 -0.438  0.066
 0.134 -0.363  0.119
 0.038 -0.396  0.132
 0.058 -0.350  0.188
 0.037 -0.385  0.169
 0.062 -0.355  0.200
-0.073 -0.448  0.215
 0.083 -0.391  0.152
 0.213 -0.286  0.179
 0.010 -0.450  0.079
-0.017 -0.463  0.061
 0.043 -0.444  0.083
 0.062 -0.446  0.081
 0.108 -0.387  0.091
-0.202 -0.534  0.101
 0.010 -0.430  0.065
 0.057 -0.344  0.130
-0.065 -0.465  0.043
-0.071 -0.462  0.061
 0.015 -0.407  0.061
-0.110 -0.516 -0.016
-0.105 -0.520 -0.016
 0.052 -0.397  0.070
-0.351 -0.613  0.068
-0.070 -0.517 -0.015
-0.004 -0.444  0.043
-0.110 -0.500  0.057
-0.050 -0.461  0.088
-0.018 -0.450  0.124
 0.065 -0.414  0.128
-0.066 -0.489  0.117
-0.100 -0.502  0.095
-0.415 -0.608  0.161
-0.140 -0.551  0.013
 0.047 -0.394  0.118
-0.085 -0.435  0.186
 0.007 -0.483  0.054
 0.080 -0.361  0.129
-0.096 -0.372  0.218
-0.053 -0.465  0.039
 0.048 -0.412  0.082
 0.048 -0.441  0.072
 0.192 -0.315  0.134
 0.054 -0.447  0.025
-0.020 -0.476 -0.002
-0.008 -0.454 -0.009
-0.107 -0.515 -0.057
 0.098 -0.377  0.012
-0.028 -0.516 -0.051
-0.015 -0.510 -0.045
 0.052 -0.371  0.042
-0.120 -0.570 -0.133
-0.072 -0.549 -0.160
-0.180 -0.622 -0.190
-0.144 -0.594 -0.166
-0.318 -0.668 -0.093
-0.037 -0.568 -0.127
 0.130 -0.432 -0.060
 0.104 -0.486 -0.143
-0.101 -0.598 -0.159
-0.011 -0.524 -0.146
-0.121 -0.590 -0.137
-0.031 -0.532 -0.054
 0.018 -0.531 -0.042
 0.060 -0.508 -0.022
 0.054 -0.487  0.013
 0.019 -0.475  0.033
 0.061 -0.399  0.083
-0.048 -0.502  0.015
-0.032 -0.492  0.027
 0.078 -0.457  0.041
 0.071 -0.481  0.035
 0.104 -0.434  0.086
 0.122 -0.386  0.122
 0.053 -0.400  0.126
-0.015 -0.427  0.095
-0.067 -0.436  0.137
 0.065 -0.384  0.157
 0.166 -0.297  0.219
 0.111 -0.230  0.310
 0.069 -0.368  0.158
 0.180 -0.244  0.212
 0.020 -0.381  0.142
 0.038 -0.380  0.150
 0.130 -0.340  0.147
 0.011 -0.412  0.088
-0.008 -0.404  0.085
-0.087 -0.427  0.102
 0.033 -0.379  0.117
 0.106 -0.299  0.189
-0.148 -0.431  0.172
 0.037 -0.353  0.117
-0.007 -0.373  0.084
-0.080 -0.429  0.063
 0.004 -0.410  0.085
 0.022 -0.442  0.036
-0.012 -0.496 -0.006
 0.026 -0.449  0.032
 0.011 -0.413  0.072
 0.024 -0.386  0.075
-0.046 -0.418  0.074
-0.039 -0.414  0.072
 0.081 -0.327  0.102
-0.311 -0.521  0.109
-0.073 -0.417  0.083
 0.002 -0.385  0.133
-0.016 -0.407  0.159
 0.073 -0.368  0.142
 0.231 -0.210  0.233
 0.018 -0.359  0.141
-0.014 -0.353  0.110
-0.033 -0.373  0.064
 0.027 -0.345  0.105
 0.218 -0.273  0.103
 0.072 -0.363  0.084
 0.172 -0.274  0.093
-0.016 -0.422 -0.002
-0.072 -0.464 -0.056
 0.097 -0.349  0.008
 0.076 -0.445 -0.048
 0.037 -0.469 -0.031
 0.155 -0.326  0.049
-0.256 -0.489  0.110
-0.052 -0.483 -0.045
 0.100 -0.362  0.022
-0.041 -0.503 -0.087
-0.064 -0.518 -0.165
-0.340 -0.631 -0.157
-0.113 -0.561 -0.197
 0.002 -0.465 -0.102
-0.088 -0.507 -0.033
-0.009 -0.455 -0.010
-0.027 -0.369  0.111
-0.038 -0.483 -0.059
 0.075 -0.369 -0.016
-0.092 -0.482 -0.035
-0.055 -0.451  0.034
 0.093 -0.413  0.018
-0.033 -0.519 -0.127
-0.051 -0.495 -0.058
 0.061 -0.413  0.003
-0.036 -0.454  0.045
-0.055 -0.441  0.016
-0.053 -0.437  0.057
 0.051 -0.416  0.029
 0.188 -0.278  0.099
 0.118 -0.371  0.026
-0.010 -0.430 -0.012
 0.046 -0.398 -0.041
-0.004 -0.447  0.005
 0.055 -0.428  0.045
 0.110 -0.406  0.026
 0.022 -0.448 -0.018
-0.001 -0.446  0.007
 0.126 -0.357  0.059
 0.087 -0.408  0.069
 0.102 -0.407  0.058
-0.235 -0.496  0.155
 0.037 -0.400  0.056
 0.154 -0.302  0.068
-0.003 -0.455 -0.011
 0.053 -0.459  0.025
 0.066 -0.487 -0.017
 0.039 -0.460  0.026
 0.013 -0.438  0.055
-0.130 -0.472  0.086
-0.007 -0.411  0.121
 0.099 -0.334  0.191
-0.245 -0.505  0.216
 0.002 -0.421  0.112
 0.041 -0.349  0.153
-0.328 -0.511  0.184
-0.012 -0.412  0.127
 0.189 -0.257  0.251
 0.013 -0.416  0.139
-0.015 -0.422  0.114
 0.010 -0.419  0.082
-0.026 -0.445  0.103
 0.121 -0.331  0.198
 0.221 -0.315  0.164
 0.054 -0.404  0.137
 0.176 -0.307  0.171
-0.013 -0.457  0.062
-0.016 -0.465  0.053
 0.110 -0.412  0.091
 0.046 -0.501  0.045
 0.029 -0.500  0.033
 0.057 -0.481  0.010
-0.035 -0.537 -0.015
-0.056 -0.550 -0.030
 0.073 -0.393  0.083
 0.008 -0.514  0.026
 0.118 -0.473  0.042
 0.046 -0.510  0.029
 0.034 -0.485  0.038
-0.183 -0.568  0.083
-0.007 -0.486  0.053
 0.161 -0.337  0.156
 0.194 -0.421  0.074
 0.085 -0.504  0.083
 0.212 -0.345  0.166
 0.211 -0.368  0.142
 0.055 -0.419  0.173
 0.145 -0.343  0.164
 0.008 -0.487  0.092
 0.027 -0.512  0.077
-0.182 -0.625  0.067
-0.015 -0.538  0.022
 0.085 -0.424  0.062
-0.050 -0.562 -0.040
-0.049 -0.561 -0.046
 0.065 -0.519 -0.005
 0.018 -0.586 -0.015
 0.054 -0.564  0.004
 0.061 -0.543 -0.007
 0.013 -0.551 -0.029
 0.006 -0.542 -0.040
-0.054 -0.558 -0.062
 0.015 -0.524 -0.051
 0.212 -0.384  0.025
 0.069 -0.529 -0.054
 0.083 -0.501 -0.051
 0.163 -0.424 -0.043
 0.011 -0.520 -0.086
-0.012 -0.521 -0.096
 0.126 -0.428 -0.061
 0.039 -0.495 -0.029
 0.105 -0.480  0.016
 0.056 -0.490  0.017
 0.053 -0.461  0.022
-0.237 -0.514  0.142
-0.031 -0.491 -0.027
 0.085 -0.423 -0.001
 0.022 -0.482  0.039
 0.042 -0.478  0.053
 0.162 -0.327  0.134
 0.030 -0.412  0.116
 0.084 -0.365  0.112
-0.016 -0.426  0.079
 0.088 -0.321  0.177
 0.050 -0.407  0.144
 0.044 -0.409  0.126
-0.001 -0.428  0.106
-0.009 -0.426  0.093
 0.080 -0.335  0.113
-0.042 -0.475  0.039
 0.001 -0.466  0.077
-0.177 -0.589  0.065
-0.003 -0.506 -0.009
 0.103 -0.386  0.046
-0.039 -0.508 -0.042
-0.044 -0.503 -0.069
-0.040 -0.500 -0.058
 0.004 -0.460  0.003
 0.069 -0.418  0.065
 0.112 -0.382  0.108
 0.112 -0.243  0.275
 0.073 -0.375  0.102
 0.110 -0.350  0.108
 0.041 -0.402  0.099
 0.201 -0.261  0.204
 0.063 -0.435  0.102
 0.039 -0.448  0.086
-0.262 -0.519  0.190
-0.003 -0.453  0.055
 0.014 -0.449  0.076
 0.031 -0.450  0.124
 0.088 -0.433  0.123
 0.065 -0.429  0.149
 0.164 -0.354  0.159
 0.033 -0.423  0.137
 0.082 -0.375  0.176
 0.063 -0.443  0.122
 0.074 -0.464  0.084
 0.061 -0.455  0.094
 0.017 -0.473  0.049
 0.158 -0.328  0.111
 0.012 -0.473  0.032
 0.052 -0.466  0.049
-0.032 -0.413  0.195
 0.047 -0.482  0.028
 0.109 -0.427  0.013
-0.053 -0.523 -0.048
-0.016 -0.476 -0.018
-0.015 -0.520 -0.032
 0.015 -0.522 -0.033
-0.279 -0.645  0.025
-0.021 -0.526 -0.043
 0.098 -0.430 -0.019
-0.068 -0.545 -0.065
-0.027 -0.525 -0.017
-0.234 -0.541  0.175
 0.039 -0.471  0.081
 0.208 -0.318  0.128
 0.031 -0.454  0.073
 0.023 -0.455  0.058
-0.053 -0.468  0.102
 0.033 -0.421  0.091
 0.160 -0.333  0.117
 0.088 -0.403  0.138
 0.181 -0.341  0.222
 0.234 -0.249  0.303
 0.114 -0.408  0.139
 0.232 -0.290  0.171
 0.030 -0.448  0.045
 0.007 -0.460  0.020
 0.135 -0.408  0.032
 0.075 -0.443  0.072
 0.152 -0.432  0.080
 0.123 -0.487  0.052
 0.117 -0.467  0.048
-0.035 -0.550 -0.002
 0.020 -0.528 -0.036
-0.012 -0.532 -0.077
-0.082 -0.590 -0.143
-0.046 -0.559 -0.104
-0.030 -0.550 -0.054
 0.014 -0.529 -0.057
 0.153 -0.400 -0.005
-0.038 -0.548 -0.101
-0.068 -0.565 -0.127
-0.193 -0.632 -0.136
-0.004 -0.530 -0.091
 0.157 -0.390  0.023
 0.034 -0.537 -0.037
 0.040 -0.521 -0.042
 0.148 -0.429 -0.027
-0.058 -0.566 -0.125
-0.090 -0.596 -0.166
-0.101 -0.470  0.062
 0.036 -0.524 -0.039
 0.134 -0.456  0.014
 0.050 -0.497  0.006
 0.055 -0.471  0.011
-0.003 -0.521 -0.039
 0.009 -0.503 -0.000
-0.186 -0.531  0.201
 0.117 -0.456  0.134
 0.216 -0.382  0.153
 0.080 -0.470  0.104
 0.062 -0.468  0.105
-0.206 -0.570  0.120
 0.072 -0.455  0.082
 0.251 -0.343  0.164
 0.141 -0.434  0.131
 0.119 -0.426  0.111
 0.122 -0.411  0.106
 0.045 -0.453  0.061
 0.079 -0.425  0.095
 0.237 -0.297  0.175
 0.140 -0.416  0.113
 0.261 -0.300  0.132
 0.093 -0.416  0.058
 0.066 -0.431  0.018
 0.051 -0.446  0.001
 0.071 -0.423  0.060
 0.228 -0.307  0.124
 0.065 -0.457  0.033
 0.043 -0.461  0.009
 0.077 -0.424  0.006
-0.016 -0.466 -0.003
 0.047 -0.403  0.071
 0.197 -0.324  0.089
 0.076 -0.413  0.093
 0.180 -0.307  0.153
 0.025 -0.367  0.161
 0.001 -0.373  0.133
 0.039 -0.372  0.163
 0.058 -0.407  0.161
 0.119 -0.371  0.190
 0.001 -0.338  0.267
 0.019 -0.451  0.063
 0.115 -0.369  0.060
-0.036 -0.472  0.009
 0.134 -0.365  0.055
 0.065 -0.434  0.054
 0.199 -0.311  0.130
 0.056 -0.452 -0.000
-0.004 -0.472 -0.034
-0.023 -0.481 -0.066
 0.028 -0.447 -0.006
 0.136 -0.363  0.071
 0.063 -0.317  0.164
 0.031 -0.473 -0.065
 0.141 -0.364 -0.029
-0.025 -0.480 -0.076
 0.018 -0.439 -0.019
-0.194 -0.479  0.145
 0.065 -0.407  0.014
 0.135 -0.362  0.022
 0.013 -0.448 -0.012
 0.010 -0.462 -0.040
 0.077 -0.426 -0.060
 0.085 -0.447 -0.081
-0.028 -0.516 -0.053
 0.087 -0.428  0.048
 0.127 -0.453  0.061
 0.072 -0.481  0.053
 0.043 -0.482  0.026
-0.012 -0.498 -0.010
-0.049 -0.507 -0.030
 0.007 -0.464  0.053
 0.057 -0.453  0.102
 0.096 -0.452  0.132
 0.066 -0.451  0.095
-0.039 -0.472  0.095
-0.025 -0.472  0.032
 0.094 -0.362  0.053
 0.031 -0.442  0.084
 0.106 -0.420  0.133
 0.174 -0.375  0.142
 0.106 -0.398  0.112
 0.055 -0.417  0.060
-0.115 -0.480  0.057
 0.117 -0.365  0.134
 0.325 -0.222  0.236
 0.206 -0.325  0.204
 0.148 -0.349  0.153
 0.068 -0.366  0.107
 0.069 -0.348  0.097
 0.269 -0.209  0.190
 0.166 -0.314  0.150
 0.125 -0.315  0.122
-0.149 -0.415  0.148
 0.090 -0.307  0.110
 0.260 -0.211  0.170
 0.177 -0.297  0.157
 0.159 -0.299  0.148
 0.151 -0.299  0.121
 0.076 -0.331  0.089
 0.036 -0.349  0.048
-0.166 -0.437  0.164
 0.127 -0.316  0.159
 0.234 -0.191  0.209
 0.042 -0.328  0.108
 0.007 -0.332  0.082
-0.036 -0.353  0.114
 0.058 -0.326  0.143
 0.227 -0.197  0.226
 0.042 -0.338  0.115
 0.021 -0.319  0.102
 0.067 -0.262  0.124
 0.037 -0.259  0.143
 0.230 -0.101  0.273
 0.173 -0.204  0.236
 0.143 -0.208  0.202
 0.197 -0.157  0.193
 0.062 -0.234  0.132
 0.045 -0.242  0.086
 0.109 -0.216  0.136
 0.165 -0.188  0.169
 0.179 -0.147  0.192
-0.140 -0.254  0.227
 0.108 -0.172  0.118
 0.207 -0.101  0.125
 0.071 -0.227  0.085
 0.115 -0.222  0.110
 0.210 -0.213  0.035
 0.022 -0.307 -0.029
 0.097 -0.244 -0.035
-0.052 -0.335 -0.091
-0.056 -0.352 -0.092
 0.038 -0.332 -0.048
-0.024 -0.383 -0.055
-0.049 -0.375 -0.044
-0.046 -0.361 -0.066
-0.124 -0.389 -0.105
-0.118 -0.390 -0.110
-0.067 -0.412 -0.095
-0.037 -0.403 -0.100
-0.214 -0.440 -0.075
-0.050 -0.337 -0.074
 0.025 -0.287 -0.036
 0.019 -0.293  0.044
 0.184 -0.163  0.142
 0.032 -0.279  0.088
 0.003 -0.262  0.075
-0.062 -0.305  0.102
 0.090 -0.270  0.077
 0.264 -0.134  0.133
 0.115 -0.241  0.046
 0.102 -0.188  0.054
 0.178 -0.112  0.074
 0.145 -0.172  0.061
 0.179 -0.154  0.089
-0.154 -0.256  0.150
 0.103 -0.177 -0.001
 0.225 -0.070  0.038
 0.053 -0.241 -0.044
 0.053 -0.265 -0.054
-0.171 -0.334  0.059
 0.103 -0.234 -0.020
 0.256 -0.050  0.067
 0.063 -0.162  0.007
 0.045 -0.160  0.009
 0.044 -0.223 -0.024
 0.025 -0.296 -0.079
 0.063 -0.312 -0.103
-0.028 -0.336 -0.115
-0.056 -0.316 -0.099
-0.382 -0.440 -0.043
-0.089 -0.337 -0.099
 0.112 -0.260 -0.086
-0.003 -0.359 -0.124
-0.026 -0.300 -0.083
-0.045 -0.277 -0.087
-0.169 -0.313 -0.146
-0.102 -0.276 -0.123
-0.102 -0.367 -0.169
-0.061 -0.323 -0.161
-0.044 -0.289 -0.172
-0.129 -0.321 -0.190
-0.030 -0.209 -0.173
-0.162 -0.358 -0.259
-0.026 -0.273 -0.185
-0.054 -0.403 -0.274
-0.053 -0.314 -0.225
-0.160 -0.333 -0.231
-0.087 -0.266 -0.250
 0.049 -0.144 -0.185
-0.061 -0.319 -0.254
-0.041 -0.296 -0.243
-0.007 -0.257 -0.233
-0.085 -0.258 -0.234
-0.065 -0.208 -0.208
-0.047 -0.273 -0.206
 0.002 -0.266 -0.181
 0.034 -0.210 -0.155
-0.013 -0.172 -0.137
 0.015 -0.096 -0.112
-0.027 -0.171 -0.123
 0.026 -0.160 -0.076
 0.035 -0.132 -0.050
 0.026 -0.099 -0.030
 0.099 -0.006 -0.017
-0.023 -0.162 -0.075
 0.008 -0.169 -0.055
-0.100 -0.206 -0.056
-0.030 -0.164 -0.092
 0.118 -0.083 -0.048
 0.021 -0.143 -0.062
-0.013 -0.208 -0.129
 0.055 -0.207 -0.091
 0.003 -0.199 -0.083
 0.017 -0.157 -0.090
-0.037 -0.209 -0.101
-0.026 -0.218 -0.083
-0.265 -0.411 -0.119
 0.028 -0.295 -0.135
 0.114 -0.234 -0.138
 0.022 -0.272 -0.166
 0.032 -0.209 -0.096
 0.171 -0.076 -0.063
 0.013 -0.175 -0.093
 0.070 -0.206 -0.108
 0.040 -0.238 -0.103
 0.097 -0.109 -0.017
 0.182 -0.027 -0.010
 0.028 -0.105 -0.033
 0.074 -0.064 -0.033
 0.012 -0.129 -0.034
 0.087 -0.057  0.028
 0.028 -0.144 -0.054
 0.009 -0.112 -0.059
 0.028 -0.096 -0.088
-0.028 -0.131 -0.101
 0.082 -0.037 -0.013
 0.013 -0.180 -0.093
 0.026 -0.154 -0.084
 0.019 -0.157 -0.092
-0.005 -0.119 -0.086
 0.094 -0.012 -0.021
 0.023 -0.144 -0.076
 0.026 -0.157 -0.075
 0.135 -0.145 -0.111
 0.009 -0.233 -0.140
-0.036 -0.234 -0.162
-0.007 -0.210 -0.153
-0.123 -0.259 -0.169
-0.070 -0.196 -0.135
-0.050 -0.252 -0.148
-0.001 -0.236 -0.123
-0.156 -0.298 -0.113
-0.046 -0.223 -0.128
 0.104 -0.053 -0.042
-0.026 -0.133 -0.056
 0.001 -0.092 -0.021
-0.094 -0.174  0.018
 0.098 -0.102  0.043
 0.241  0.061  0.125
 0.220  0.019  0.037
 0.069 -0.020  0.057
 0.147  0.023  0.024
 0.035 -0.107 -0.028
 0.083 -0.102 -0.003
-0.108 -0.105  0.141
 0.090 -0.046  0.029
 0.204  0.063  0.069
 0.011 -0.082 -0.007
 0.032 -0.113 -0.023
-0.054 -0.225 -0.054
 0.072 -0.147 -0.041
 0.165  0.001  0.043
-0.009 -0.137 -0.043
-0.026 -0.124 -0.054
-0.152 -0.202 -0.074
-0.022 -0.175 -0.062
 0.137 -0.106 -0.053
-0.023 -0.240 -0.122
-0.030 -0.174 -0.090
-0.060 -0.169 -0.109
-0.075 -0.151 -0.104
 0.059 -0.070 -0.021
 0.015 -0.209 -0.130
 0.013 -0.146 -0.059
 0.117 -0.032 -0.017
-0.032 -0.093 -0.037
-0.030 -0.050 -0.031
-0.033 -0.086 -0.046
-0.025 -0.123 -0.065
 0.025 -0.142 -0.104
 0.025 -0.067 -0.067
 0.055 -0.017 -0.064
 0.008  0.013 -0.015
 0.026  0.054  0.005
 0.069  0.157  0.154
 0.081  0.011  0.010
 0.262  0.194  0.102
 0.066  0.073  0.054
 0.056  0.094  0.043
 0.101  0.108  0.023
 0.024 -0.001 -0.024
 0.077  0.003 -0.024
 0.098 -0.054 -0.107
 0.049 -0.010 -0.058
 0.085  0.035 -0.048
-0.019 -0.010 -0.097
 0.088  0.093 -0.072
-0.027 -0.077 -0.123
-0.021 -0.109 -0.125
-0.014  0.018  0.006
-0.041 -0.084 -0.126
 0.056 -0.004 -0.126
-0.126 -0.132 -0.208
-0.075 -0.104 -0.166
-0.079 -0.136 -0.138
-0.040 -0.148 -0.169
 0.003 -0.055 -0.120
-0.353 -0.180 -0.062
-0.124 -0.132 -0.206
-0.030 -0.066 -0.188
-0.140 -0.168 -0.214
 0.029 -0.073 -0.198
-0.083 -0.176 -0.243
-0.044 -0.084 -0.182
 0.114  0.057 -0.158
 0.011  0.031 -0.139
 0.118  0.134 -0.086
 0.043  0.082 -0.076
 0.076  0.078 -0.054
-0.027 -0.004 -0.042
 0.132  0.094 -0.024
 0.132  0.154  0.003
-0.030  0.104  0.007
 0.033  0.152 -0.006
 0.196  0.261  0.091
 0.100  0.162  0.098
 0.167  0.210  0.147
 0.100  0.153  0.070
 0.053  0.153  0.015
 0.048  0.155  0.011
 0.017  0.122 -0.030
 0.213  0.234  0.049
 0.121  0.123  0.018
 0.124  0.087 -0.010
 0.032  0.004 -0.060
 0.042 -0.007 -0.100
 0.077  0.035 -0.089
-0.001  0.016 -0.102
 0.049  0.066 -0.109
 0.010  0.058 -0.135
 0.003  0.054 -0.150
 0.043  0.056 -0.137
 0.051  0.059 -0.101
 0.174  0.132 -0.047
 0.091  0.121  0.016
 0.112  0.176  0.052
 0.187  0.216  0.026
 0.063  0.192  0.035
 0.094  0.231  0.030
 0.057  0.206  0.031
 0.213  0.321  0.115
 0.104  0.168  0.034
 0.129  0.177  0.053
 0.214  0.264  0.077
 0.114  0.238  0.085
 0.111  0.284  0.109
 0.191  0.355  0.102
 0.106  0.304  0.088
 0.109  0.279  0.097
-0.176  0.146  0.147
 0.111  0.197  0.031
 0.267  0.329  0.072
 0.103  0.220  0.020
 0.113  0.256  0.027
 0.089  0.261  0.024
 0.069  0.259  0.027
 0.083  0.238  0.049
 0.086  0.207  0.023
 0.089  0.196  0.018
 0.057  0.212  0.050
 0.089  0.295  0.096
-0.076  0.310  0.175
-0.015  0.201 -0.019
 0.150  0.292  0.031
 0.020  0.146 -0.027
 0.009  0.151 -0.050
 0.145  0.290 -0.031
 0.053  0.322  0.034
-0.051  0.182 -0.110
 0.087  0.249 -0.074
-0.048  0.108 -0.148
-0.034  0.097 -0.156
-0.003  0.140 -0.139
-0.011  0.169 -0.126
 0.039  0.259 -0.071
-0.233  0.204  0.030
-0.007  0.227 -0.090
 0.067  0.331 -0.004
-0.011  0.261 -0.039
 0.022  0.290  0.015
 0.058  0.273  0.050
 0.241  0.369  0.121
 0.188  0.299  0.062
 0.078  0.268  0.051
 0.187  0.396  0.074
 0.020  0.280  0.010
 0.075  0.348  0.039
 0.030  0.274  0.032
 0.084  0.296  0.097
 0.204  0.318  0.081
 0.050  0.256  0.049
 0.156  0.364  0.074
-0.003  0.233 -0.018
-0.004  0.223 -0.009
 0.162  0.316  0.072
 0.023  0.177  0.004
 0.011  0.190  0.002
 0.114  0.282  0.007
-0.057  0.172 -0.055
-0.059  0.183 -0.042
 0.114  0.276  0.025
-0.016  0.145 -0.018
-0.034  0.149 -0.024
-0.085  0.140 -0.059
 0.060  0.249 -0.028
-0.099  0.127 -0.095
-0.099  0.134 -0.091
-0.097  0.106 -0.084
-0.100  0.073 -0.080
-0.066  0.071 -0.076
-0.083  0.056 -0.083
-0.049  0.112 -0.043
-0.378 -0.015 -0.016
-0.117  0.073 -0.120
 0.016  0.179 -0.102
-0.114  0.091 -0.126
-0.059  0.114 -0.076
-0.020  0.098 -0.064
 0.010  0.094 -0.055
 0.090  0.164 -0.019
 0.011  0.150 -0.018
 0.009  0.189  0.009
 0.011  0.211  0.014
-0.008  0.218  0.008
-0.011  0.205 -0.007
 0.071  0.261  0.072
 0.059  0.175  0.013
 0.053  0.185  0.017
 0.033  0.179 -0.008
-0.019  0.162 -0.064
-0.028  0.169 -0.095
-0.062  0.151 -0.091
 0.050  0.243  0.013
 0.009  0.138 -0.054
 0.002  0.135 -0.068
 0.018  0.153 -0.084
-0.039  0.140 -0.091
 0.095  0.243 -0.082
-0.033  0.132 -0.112
-0.246  0.024 -0.060
 0.009  0.129 -0.094
-0.305  0.038 -0.011
-0.022  0.130 -0.092
-0.327  0.041  0.008
-0.062  0.121 -0.097
-0.248  0.022 -0.071
-0.036  0.082 -0.084
 0.081  0.141 -0.066
-0.053  0.074 -0.086
-0.040  0.124 -0.056
-0.114  0.056 -0.108
-0.135  0.054 -0.145
-0.283  0.003 -0.083
-0.120  0.048 -0.087
-0.045  0.055 -0.100
-0.115  0.028 -0.081
 0.023  0.216  0.046
-0.091  0.136 -0.003
-0.089  0.166  0.008
-0.068  0.149  0.012
-0.048  0.134  0.019
-0.039  0.112  0.004
-0.050  0.137 -0.000
 0.008  0.294  0.099
-0.059  0.159 -0.059
-0.122  0.147 -0.047
-0.009  0.193 -0.009
 0.104  0.238  0.026
 0.009  0.175  0.016
 0.137  0.320  0.091
 0.193  0.282  0.044
 0.264  0.398  0.180
 0.306  0.459  0.251
 0.187  0.358  0.216
 0.113  0.244  0.139
 0.194  0.342  0.207
 0.077  0.271  0.109
 0.035  0.239  0.029
 0.174  0.365  0.094
-0.240  0.170  0.110
 0.012  0.232 -0.032
 0.092  0.285  0.085
 0.221  0.370  0.147
 0.084  0.297  0.087
 0.031  0.270  0.029
-0.043  0.351  0.161
-0.028  0.222 -0.048
-0.271  0.167  0.092
-0.007  0.193  0.005
 0.059  0.197  0.012
-0.028  0.134 -0.018
-0.045  0.129 -0.038
-0.380 -0.016 -0.039
-0.139  0.053 -0.160
-0.092  0.108 -0.151
-0.183 -0.020 -0.223
-0.180 -0.072 -0.262
-0.095 -0.070 -0.280
-0.209 -0.162 -0.356
-0.245 -0.184 -0.421
-0.352 -0.237 -0.462
-0.285 -0.214 -0.496
-0.273 -0.201 -0.478
-0.246 -0.180 -0.449
-0.160 -0.125 -0.366
-0.117 -0.078 -0.247
 0.058  0.074 -0.161
-0.123 -0.042 -0.228
-0.167 -0.051 -0.250
-0.211 -0.068 -0.285
-0.193 -0.066 -0.293
-0.058  0.035 -0.255
-0.165 -0.067 -0.264
-0.108 -0.033 -0.208
-0.346 -0.055 -0.057
-0.087  0.033 -0.162
-0.001  0.094 -0.183
-0.086  0.045 -0.201
-0.011  0.129 -0.147
 0.081  0.119 -0.174
 0.110  0.160  0.045
-0.040  0.125  0.122
 0.041  0.169  0.094
 0.094  0.221  0.159
-0.177  0.067  0.177
 0.055  0.182  0.095
 0.104  0.239  0.122
 0.013  0.276  0.204
 0.002  0.132  0.009
 0.024  0.127 -0.035
-0.067  0.068 -0.108
 0.018  0.159 -0.074
-0.095  0.034 -0.160
-0.042  0.061 -0.105
 0.095  0.143 -0.005
 0.040  0.098 -0.023
-0.019  0.085 -0.055
-0.014  0.104 -0.095
-0.079  0.069 -0.133
-0.044  0.111 -0.098
-0.074  0.085 -0.088
 0.023  0.142 -0.037
 0.005  0.127 -0.000
 0.087  0.175  0.004
-0.022  0.118 -0.004
 0.113  0.239  0.048
-0.064  0.104 -0.015
-0.065  0.112 -0.021
-0.086  0.089 -0.027
-0.050  0.110  0.018
-0.015  0.113  0.058
-0.007  0.101  0.066
 0.078  0.209  0.102
-0.071  0.062 -0.018
-0.120  0.034 -0.056
-0.121  0.019 -0.091
-0.113  0.029 -0.052
-0.014  0.074  0.001
-0.021  0.054  0.034
 0.171  0.198  0.108
 0.007  0.085  0.045
-0.020  0.092  0.038
 0.056  0.109 -0.011
-0.056  0.053 -0.029
-0.260 -0.010  0.099
 0.028  0.099  0.083
 0.166  0.170  0.102
 0.060  0.116  0.092
 0.088  0.162  0.129
-0.145  0.156  0.277
 0.124  0.229  0.161
 0.241  0.316  0.188
 0.111  0.237  0.157
 0.086  0.209  0.114
 0.105  0.190  0.126
 0.125  0.175  0.148
 0.224  0.324  0.294
 0.094  0.119  0.090
 0.073  0.108  0.049
 0.005  0.088  0.059
 0.091  0.157  0.085
-0.000  0.116  0.101
 0.134  0.204  0.194
 0.068  0.151  0.212
 0.167  0.266  0.299
 0.027  0.132  0.192
 0.008  0.156  0.194
-0.252  0.087  0.252
-0.028  0.182  0.180
 0.042  0.225  0.164
-0.015  0.200  0.183
 0.157  0.338  0.286
 0.042  0.183  0.198
 0.022  0.175  0.184
-0.012  0.134  0.121
-0.068  0.141  0.163
-0.087  0.139  0.162
-0.086  0.154  0.174
-0.086  0.123  0.178
-0.026  0.161  0.258
-0.021  0.122  0.257
-0.034  0.140  0.253
 0.014  0.161  0.209
-0.072  0.146  0.195
-0.211  0.109  0.239
-0.026  0.177  0.264
 0.122  0.241  0.305
-0.030  0.094  0.228
-0.025  0.143  0.241
-0.055  0.114  0.178
-0.052  0.136  0.145
-0.314  0.068  0.221
 0.007  0.154  0.135
-0.266  0.024  0.221
 0.059  0.167  0.191
 0.093  0.233  0.212
 0.045  0.241  0.174
 0.164  0.330  0.184
 0.100  0.296  0.195
 0.271  0.470  0.398
 0.145  0.315  0.340
 0.155  0.349  0.332
 0.112  0.321  0.241
 0.146  0.339  0.298
 0.170  0.357  0.386
 0.207  0.348  0.365
 0.151  0.275  0.374
 0.108  0.221  0.338
 0.095  0.209  0.165
 0.021  0.158  0.025
 0.055  0.297  0.199
 0.098  0.247  0.262
 0.106  0.208  0.267
 0.043  0.091  0.110
-0.277  0.005  0.157
-0.027  0.079 -0.049
-0.001  0.100 -0.024
-0.042  0.083  0.091
 0.124  0.236  0.213
-0.038  0.089  0.102
-0.046  0.081  0.048
 0.004  0.118  0.063
-0.082  0.052 -0.009
-0.088  0.028 -0.051
-0.045  0.029 -0.080
-0.095 -0.035 -0.036
-0.089 -0.074 -0.035
-0.078 -0.062 -0.114
-0.161 -0.094 -0.164
-0.153 -0.075 -0.185
-0.168 -0.089 -0.197
-0.073 -0.045 -0.138
-0.161 -0.140 -0.136
-0.046 -0.090 -0.120
-0.161 -0.163 -0.158
-0.058 -0.012 -0.101
-0.138 -0.102 -0.201
-0.131 -0.086 -0.213
-0.096 -0.077 -0.243
-0.137 -0.101 -0.258
 0.005  0.015 -0.128
-0.081 -0.122 -0.163
-0.064 -0.142 -0.133
 0.018 -0.101 -0.087
-0.024 -0.119 -0.105
-0.043 -0.113 -0.131
-0.275 -0.200 -0.129
-0.067 -0.088 -0.190
-0.068 -0.071 -0.216
-0.067 -0.050 -0.176
-0.018 -0.056 -0.121
-0.021 -0.123 -0.153
 0.122  0.030 -0.053
-0.024 -0.107 -0.204
 0.016 -0.050 -0.282
-0.045 -0.044 -0.285
 0.024  0.045 -0.179
 0.125  0.057 -0.126
-0.036 -0.073 -0.134
 0.079  0.009 -0.099
-0.013 -0.030 -0.137
-0.012 -0.001 -0.140
-0.243 -0.069 -0.102
 0.005  0.033 -0.149
 0.070  0.053 -0.104
-0.034 -0.043 -0.099
 0.043  0.057  0.001
-0.033 -0.033 -0.101
 0.020  0.047 -0.083
 0.066  0.131 -0.049
 0.084  0.156 -0.055
 0.260  0.288  0.075
 0.125  0.140  0.060
 0.127  0.152  0.030
 0.142  0.181  0.022
 0.132  0.191 -0.047
 0.187  0.247 -0.080
 0.124  0.173 -0.187
 0.137  0.183 -0.138
 0.148  0.186 -0.057
 0.095  0.137  0.028
 0.138  0.210  0.083
 0.160  0.273  0.107
 0.049  0.118 -0.041
 0.101  0.137 -0.048
 0.023  0.058 -0.063
 0.053  0.085  0.030
-0.089  0.133  0.152
-0.011  0.098  0.006
 0.138  0.232  0.063
 0.003  0.132  0.037
 0.022  0.125  0.093
 0.032  0.059  0.046
 0.003  0.049  0.016
 0.028  0.098  0.023
-0.040  0.189  0.154
 0.023  0.139  0.012
 0.059  0.161  0.072
 0.003  0.098  0.098
 0.126  0.180  0.159
-0.024  0.028  0.059
-0.012  0.072  0.066
 0.052  0.119  0.061
-0.017  0.096  0.029
 0.040  0.160  0.073
-0.032  0.033  0.020
-0.036 -0.017  0.007
-0.175 -0.064  0.023
 0.002  0.058  0.007
 0.152  0.187  0.075
 0.038  0.125  0.091
 0.077  0.194  0.144
 0.114  0.183  0.174
 0.041  0.125  0.170
 0.129  0.183  0.223
 0.040  0.135  0.187
 0.037  0.129  0.083
-0.007  0.117  0.013
 0.064  0.153 -0.028
 0.222  0.276  0.094
 0.075  0.110  0.079
 0.116  0.175  0.171
 0.109  0.206  0.221
 0.108  0.225  0.194
 0.216  0.325  0.207
 0.075  0.146  0.156
 0.083  0.116  0.202
 0.050  0.113  0.181
 0.071  0.167  0.155
 0.108  0.227  0.143
-0.054  0.091  0.060
 0.037  0.138  0.045
 0.023  0.063  0.107
 0.118  0.045  0.136
 0.048  0.066  0.203
-0.016 -0.044  0.087
 0.040  0.055  0.123
-0.025 -0.000  0.042
-0.016  0.053  0.030
-0.053  0.023 -0.032
 0.097  0.149  0.017
-0.032  0.027  0.048
 0.134  0.143  0.176
-0.005 -0.016  0.076
 0.016  0.063  0.087
 0.035  0.086  0.052
 0.008  0.079  0.018
 0.019  0.085  0.006
-0.215  0.007  0.144
 0.034  0.041  0.074
 0.194  0.156  0.084
 0.019  0.011 -0.069
-0.049 -0.060 -0.181
-0.030 -0.042 -0.156
-0.064 -0.064 -0.122
 0.088  0.027  0.017
-0.053 -0.113 -0.026
-0.035 -0.075 -0.004
-0.043 -0.081 -0.011
-0.042 -0.073  0.008
 0.062  0.061  0.115
-0.070 -0.153 -0.067
-0.098 -0.220 -0.160
-0.131 -0.211 -0.208
 0.033 -0.023 -0.102
-0.083 -0.135 -0.123
-0.051 -0.103 -0.082
-0.048 -0.110 -0.056
-0.046 -0.124 -0.054
 0.100  0.008  0.052
 0.005 -0.106 -0.007
 0.022 -0.093  0.020
-0.061 -0.101  0.063
 0.003 -0.060  0.049
 0.067 -0.003  0.046
-0.037 -0.045  0.007
 0.087  0.049  0.036
-0.023 -0.041  0.033
 0.085 -0.004  0.037
-0.047 -0.124 -0.051
 0.066 -0.023 -0.049
-0.117 -0.167 -0.159
-0.165 -0.169 -0.208
-0.215 -0.194 -0.344
-0.286 -0.206 -0.420
-0.204 -0.173 -0.402
-0.209 -0.159 -0.370
-0.013 -0.011 -0.168
-0.098 -0.163 -0.223
-0.063 -0.162 -0.163
 0.046 -0.055 -0.033
 0.005 -0.002  0.074
-0.009  0.054 -0.061
-0.023  0.015 -0.111
 0.026  0.058 -0.010
 0.083  0.132  0.231
 0.037  0.072  0.119
-0.010  0.005  0.017
-0.001  0.034 -0.076
-0.179  0.083  0.132
 0.054  0.121  0.060
 0.104  0.156  0.089
 0.036  0.111  0.128
 0.133  0.191  0.220
 0.025  0.037  0.146
 0.040  0.050  0.118
 0.082  0.073  0.085
 0.009  0.021  0.023
 0.055  0.082  0.040
-0.023 -0.014 -0.004
-0.030 -0.039  0.015
-0.176 -0.050  0.160
-0.046 -0.079 -0.008
 0.079  0.021 -0.020
-0.070 -0.078 -0.116
-0.063 -0.063 -0.131
-0.089 -0.105 -0.157
-0.097 -0.133 -0.198
-0.011 -0.111 -0.199
-0.045 -0.095 -0.127
 0.021 -0.040 -0.086
-0.046 -0.072 -0.102
 0.058  0.028 -0.056
-0.041 -0.093 -0.094
-0.039 -0.104 -0.052
-0.182 -0.180 -0.044
-0.020 -0.069 -0.028
 0.048  0.012  0.009
-0.296 -0.133  0.039
 0.007 -0.012 -0.035
 0.142  0.095 -0.017
-0.017 -0.028 -0.071
 0.011  0.002  0.030
 0.095  0.149  0.235
 0.014 -0.016  0.146
 0.156  0.102  0.114
 0.011  0.014  0.037
 0.008  0.023  0.038
 0.029  0.018  0.116
 0.016 -0.027  0.144
 0.018 -0.026  0.176
 0.036  0.010  0.140
 0.160  0.137  0.137
 0.008  0.001  0.031
-0.003 -0.019 -0.003
 0.042 -0.027  0.004
 0.005 -0.071 -0.023
 0.023 -0.027 -0.019
-0.108 -0.076  0.016
 0.048  0.004  0.026
 0.132  0.084  0.107
 0.149  0.005  0.057
 0.047 -0.066  0.052
 0.155  0.031  0.041
-0.001 -0.069 -0.055
-0.018 -0.075 -0.076
-0.124 -0.114 -0.076
-0.014 -0.081 -0.052
 0.112 -0.026  0.025
 0.007 -0.102 -0.002
 0.025 -0.064  0.007
-0.186 -0.062  0.114
-0.014 -0.071 -0.063
 0.069 -0.022 -0.214
-0.056 -0.136 -0.258
-0.073 -0.183 -0.250
-0.144 -0.232 -0.237
-0.075 -0.175 -0.243
-0.066 -0.147 -0.246
-0.289 -0.252 -0.235
-0.096 -0.170 -0.242
 0.068 -0.052 -0.105
-0.042 -0.139 -0.090
-0.024 -0.114 -0.106
 0.010 -0.089 -0.126
-0.046 -0.105 -0.152
-0.025 -0.075 -0.137
 0.038 -0.028 -0.033
 0.078  0.010  0.057
 0.159  0.074  0.084
 0.072  0.030  0.048
 0.051  0.022  0.011
-0.075 -0.037 -0.015
 0.059  0.027  0.002
 0.183  0.144  0.116
 0.194  0.099  0.053
 0.053  0.028  0.003
 0.118  0.070 -0.001
 0.023  0.015 -0.024
 0.078  0.062  0.100
-0.164 -0.023  0.230
 0.078  0.033  0.118
 0.187  0.133  0.114
 0.004 -0.019 -0.009
-0.049 -0.066 -0.082
-0.180 -0.134 -0.016
-0.006 -0.096 -0.012
 0.135  0.008  0.035
-0.041 -0.130 -0.084
-0.091 -0.168 -0.163
-0.031 -0.135 -0.199
-0.151 -0.215 -0.235
-0.125 -0.200 -0.169
-0.312 -0.312 -0.120
-0.124 -0.231 -0.210
-0.033 -0.114 -0.236
-0.030 -0.156 -0.364
-0.156 -0.214 -0.292
-0.051 -0.145 -0.225
-0.116 -0.178 -0.137
-0.103 -0.179 -0.118
-0.316 -0.267 -0.059
-0.066 -0.096 -0.060
 0.040  0.042  0.009
 0.036  0.078  0.016
-0.040 -0.047 -0.050
 0.103  0.046  0.043
 0.013 -0.018  0.047
-0.009 -0.039 -0.016
-0.002 -0.032 -0.031
-0.065 -0.078 -0.097
-0.034 -0.055 -0.061
-0.057  0.043  0.154
 0.050 -0.023  0.016
 0.127  0.028 -0.025
-0.029 -0.083 -0.107
-0.084 -0.153 -0.195
-0.230 -0.129 -0.059
-0.043 -0.131 -0.158
 0.100 -0.043 -0.113
-0.027 -0.134 -0.158
-0.056 -0.151 -0.174
-0.068 -0.159 -0.201
-0.104 -0.190 -0.235
-0.028 -0.112 -0.192
-0.069 -0.179 -0.218
-0.039 -0.163 -0.189
-0.016 -0.155 -0.196
-0.077 -0.176 -0.205
-0.113 -0.185 -0.227
-0.341 -0.294 -0.218
-0.073 -0.153 -0.172
 0.073 -0.007 -0.022
 0.101  0.030  0.009
-0.059 -0.108 -0.088
 0.053  0.008 -0.034
-0.112 -0.120 -0.098
-0.160 -0.149 -0.135
-0.077 -0.074 -0.035
-0.039 -0.046  0.039
-0.034 -0.031  0.065
-0.090 -0.057  0.022
-0.170 -0.092 -0.008
-0.145 -0.093 -0.041
-0.021 -0.007  0.005
-0.111 -0.083  0.002
-0.093 -0.088  0.023
-0.350 -0.212  0.059
-0.117 -0.118 -0.030
-0.019 -0.032 -0.016
-0.202 -0.197 -0.146
-0.193 -0.195 -0.132
-0.199 -0.078  0.105
-0.067 -0.117 -0.007
 0.011 -0.063 -0.016
-0.111 -0.128 -0.056
-0.134 -0.148 -0.100
-0.180 -0.197 -0.164
-0.190 -0.214 -0.173
-0.406 -0.266 -0.041
-0.089 -0.137 -0.040
 0.026 -0.052 -0.008
-0.094 -0.101 -0.028
-0.096 -0.084 -0.025
-0.099  0.032  0.097
-0.114 -0.092 -0.068
-0.223 -0.134 -0.032
-0.076 -0.083 -0.031
-0.004 -0.086 -0.074
-0.087 -0.147 -0.100
-0.080 -0.101 -0.062
-0.193 -0.023  0.065
-0.112 -0.072 -0.076
-0.017 -0.002 -0.035
-0.049 -0.007  0.031
 0.050  0.093  0.134
 0.002  0.055  0.119
 0.011  0.092  0.135
 0.145  0.233  0.203
 0.014  0.121  0.142
-0.085  0.085  0.195
 0.059  0.151  0.238
 0.174  0.210  0.253
 0.055  0.146  0.213
 0.051  0.146  0.170
 0.033  0.139  0.144
 0.060  0.153  0.157
 0.180  0.257  0.254
 0.111  0.154  0.212
 0.121  0.164  0.211
 0.224  0.239  0.194
 0.094  0.163  0.149
 0.066  0.139  0.097
 0.173  0.197  0.111
 0.124  0.198  0.204
-0.122  0.108  0.278
 0.116  0.159  0.107
 0.167  0.190  0.083
 0.082  0.147  0.092
 0.087  0.158  0.113
 0.067  0.111  0.095
 0.107  0.148  0.175
 0.183  0.191  0.213
 0.104  0.131  0.174
 0.076  0.119  0.137
-0.171  0.007  0.146
 0.009  0.041  0.025
-0.190  0.020  0.138
-0.004 -0.013  0.021
-0.016 -0.051  0.011
-0.058 -0.086 -0.023
 0.079  0.066  0.031
-0.064 -0.052 -0.056
-0.076 -0.058 -0.102
-0.175 -0.084 -0.062
-0.070 -0.040 -0.025
 0.055  0.045  0.059
-0.090 -0.067  0.007
-0.083 -0.036 -0.016
-0.041  0.010 -0.012
-0.061  0.018 -0.010
 0.052  0.094  0.050
-0.037  0.014  0.086
 0.060  0.108  0.197
 0.014  0.081  0.169
 0.006  0.101  0.146
 0.038  0.123  0.135
 0.002  0.111  0.122
 0.117  0.223  0.221
 0.100  0.129  0.171
 0.039  0.113  0.148
 0.150  0.185  0.144
-0.205 -0.020  0.109
 0.003  0.048  0.032
 0.010  0.044  0.063
 0.145  0.133  0.162
-0.141 -0.087  0.106
-0.000 -0.002  0.088
-0.011  0.005  0.036
-0.038 -0.016 -0.016
-0.009 -0.007 -0.066
-0.040 -0.028 -0.023
-0.007 -0.057 -0.014
-0.042 -0.092 -0.026
 0.087  0.019 -0.011
-0.039 -0.046 -0.061
-0.000  0.001 -0.058
-0.023 -0.035 -0.098
-0.001 -0.021 -0.062
-0.003 -0.047 -0.006
 0.019 -0.050  0.002
 0.166  0.110  0.078
 0.011 -0.012 -0.015
 0.003 -0.000 -0.014
-0.233 -0.077  0.037
 0.023  0.030  0.005
 0.073  0.053  0.051
 0.062  0.027  0.069
 0.195  0.145  0.107
 0.020  0.011  0.019
-0.002 -0.001 -0.004
-0.053  0.089  0.149
 0.018  0.016  0.028
 0.116  0.077  0.109
 0.100  0.068  0.129
 0.128  0.122  0.132
 0.206  0.144  0.070
 0.060  0.052 -0.000
 0.119  0.082 -0.006
 0.066  0.059 -0.019
 0.215  0.172  0.036
 0.099  0.050 -0.001
 0.104  0.051  0.005
 0.140  0.174  0.112
 0.078  0.022 -0.038
 0.103  0.024 -0.070
 0.010 -0.030 -0.081
 0.083  0.051 -0.051
-0.004 -0.050 -0.103
 0.005 -0.065 -0.079
-0.185 -0.176 -0.082
-0.030 -0.100 -0.109
 0.095  0.022 -0.063
-0.061 -0.108 -0.134
-0.080 -0.115 -0.150
-0.097 -0.007  0.018
-0.053 -0.118 -0.114
-0.002 -0.126 -0.131
-0.068 -0.165 -0.129
-0.042 -0.096 -0.084
 0.015  0.072  0.062
-0.056 -0.036 -0.031
-0.134 -0.054  0.017
-0.045 -0.033  0.003
 0.028 -0.043 -0.027
-0.026 -0.053  0.017
 0.003  0.011  0.084
 0.043  0.054  0.149
 0.019  0.047  0.137
 0.005 -0.010 -0.018
 0.043  0.008 -0.035
 0.162  0.149  0.110
 0.213  0.166  0.163
 0.115  0.129  0.229
 0.198  0.182  0.198
 0.098  0.122  0.154
 0.060  0.124  0.191
 0.141  0.153  0.159
 0.168  0.169  0.109
 0.114  0.147  0.097
 0.227  0.220  0.124
 0.070  0.065  0.057
 0.119  0.078  0.075
 0.174  0.103  0.026
 0.044  0.022 -0.059
 0.005 -0.009 -0.086
 0.021 -0.009 -0.073
-0.005 -0.018 -0.003
 0.147  0.092  0.084
-0.002 -0.031  0.015
 0.028  0.005  0.030
-0.075 -0.105 -0.122
-0.061 -0.082 -0.106
-0.249 -0.082  0.091
-0.034 -0.047  0.034
-0.022 -0.046  0.019
-0.023 -0.038  0.127
 0.103  0.035  0.150
-0.060 -0.124  0.002
-0.080 -0.109 -0.035
-0.146 -0.123 -0.085
-0.138 -0.122 -0.148
-0.016 -0.004 -0.028
-0.081 -0.092 -0.014
-0.038 -0.056  0.049
-0.277 -0.108  0.158
-0.013  0.003  0.079
 0.083  0.068  0.079
-0.046 -0.019  0.044
-0.051 -0.021  0.030
-0.042 -0.065  0.007
-0.019 -0.078  0.016
 0.048  0.051  0.150
 0.023 -0.044  0.045
 0.112  0.033  0.063
 0.028 -0.003  0.039
 0.033  0.020  0.045
-0.022 -0.057 -0.030
-0.047 -0.088 -0.057
-0.054 -0.137 -0.097
-0.061 -0.198 -0.131
-0.133 -0.245 -0.163
-0.044 -0.181 -0.151
 0.080 -0.075 -0.113
-0.070 -0.198 -0.194
-0.072 -0.136 -0.116
-0.207 -0.265 -0.210
-0.153 -0.227 -0.199
 0.012 -0.064 -0.097
-0.103 -0.165 -0.153
-0.110 -0.161 -0.137
-0.075 -0.111 -0.080
-0.065 -0.075 -0.047
 0.010 -0.071 -0.040
 0.013 -0.093 -0.043
 0.037 -0.040  0.010
-0.182 -0.087  0.078
 0.009  0.049  0.091
 0.053  0.143  0.155
 0.029  0.116  0.121
 0.037  0.112  0.147
-0.013 -0.046  0.018
 0.061  0.020  0.022
 0.180  0.187  0.111
 0.015  0.065  0.038
 0.024  0.011  0.011
 0.137  0.052 -0.004
 0.049  0.068  0.042
 0.041  0.155  0.122
-0.164  0.102  0.176
 0.035  0.199  0.152
 0.119  0.171  0.117
 0.022  0.043  0.039
 0.023  0.094  0.056
-0.240 -0.001  0.082
-0.024  0.104  0.048
 0.111  0.211  0.088
 0.002  0.135  0.063
 0.051  0.173  0.109
 0.122  0.130  0.050
 0.055  0.066 -0.001
 0.108  0.115  0.015
 0.024  0.098  0.036
 0.043  0.136  0.070
-0.046  0.030 -0.025
-0.063  0.029 -0.016
-0.056 -0.003 -0.035
-0.041 -0.019 -0.033
-0.316 -0.160 -0.022
-0.057 -0.032 -0.078
 0.059  0.068 -0.031
-0.020  0.052  0.019
 0.018  0.123  0.085
 0.096  0.294  0.254
 0.126  0.194  0.171
 0.196  0.153  0.108
 0.111  0.080  0.074
 0.114  0.138  0.120
-0.131  0.060  0.176
 0.091  0.173  0.153
 0.150  0.227  0.163
 0.083  0.194  0.182
 0.208  0.242  0.198
 0.107  0.205  0.207
 0.140  0.280  0.266
 0.079  0.203  0.184
 0.036  0.149  0.098
 0.044  0.095  0.041
-0.001  0.001 -0.054
 0.041  0.022 -0.117
 0.046  0.081 -0.098
-0.042 -0.038 -0.148
 0.042  0.020 -0.083
-0.074 -0.060 -0.063
 0.086  0.020 -0.033
-0.069 -0.171 -0.155
-0.068 -0.109 -0.096
 0.001 -0.049 -0.098
-0.091 -0.072 -0.097
-0.076 -0.072 -0.121
-0.063 -0.060 -0.073
 0.071 -0.029 -0.082
-0.040 -0.163 -0.158
-0.022 -0.105 -0.114
 0.067 -0.052 -0.145
-0.061 -0.086 -0.114
-0.028 -0.081 -0.142
-0.088 -0.131 -0.143
 0.053 -0.042 -0.108
-0.092 -0.233 -0.265
-0.091 -0.149 -0.169
-0.264 -0.196 -0.145
-0.117 -0.122 -0.181
-0.094 -0.113 -0.197
-0.150 -0.154 -0.167
-0.045 -0.145 -0.195
-0.166 -0.243 -0.232
-0.155 -0.179 -0.167
-0.232 -0.265 -0.261
-0.277 -0.292 -0.285
-0.322 -0.327 -0.288
-0.238 -0.308 -0.276
-0.066 -0.211 -0.254
-0.211 -0.300 -0.331
-0.229 -0.290 -0.371
-0.161 -0.155 -0.306
-0.230 -0.278 -0.364
-0.274 -0.196 -0.140
-0.085 -0.187 -0.148
-0.090 -0.155 -0.131
-0.093 -0.122 -0.118
 0.003 -0.063 -0.131
-0.125 -0.140 -0.140
-0.004 -0.043 -0.050
-0.103 -0.186 -0.124
-0.067 -0.157 -0.090
-0.245 -0.197 -0.058
-0.086 -0.110 -0.082
 0.001 -0.066 -0.118
-0.147 -0.166 -0.161
-0.014 -0.057 -0.080
-0.108 -0.188 -0.150
-0.068 -0.150 -0.131
-0.076 -0.159 -0.168
-0.079 -0.118 -0.136
-0.150 -0.036 -0.008
-0.073 -0.095 -0.138
-0.204 -0.146 -0.069
-0.056 -0.102 -0.069
-0.007 -0.104 -0.104
-0.043 -0.099 -0.078
 0.101  0.024 -0.043
-0.028 -0.042 -0.043
 0.041  0.055  0.023
-0.008 -0.030 -0.029
 0.035 -0.003 -0.018
 0.014 -0.070 -0.085
 0.019 -0.045 -0.074
 0.011 -0.045 -0.098
 0.005 -0.034 -0.098
 0.127  0.027 -0.136
-0.001 -0.070 -0.172
-0.179 -0.214 -0.220
-0.042 -0.186 -0.273
 0.094 -0.067 -0.232
-0.021 -0.109 -0.226
-0.015 -0.082 -0.206
-0.026 -0.108 -0.255
-0.036 -0.119 -0.242
-0.221 -0.244 -0.252
-0.044 -0.184 -0.278
 0.079 -0.090 -0.245
-0.025 -0.134 -0.252
-0.004 -0.080 -0.222
-0.039 -0.114 -0.242
-0.044 -0.115 -0.243
-0.040 -0.137 -0.239
-0.056 -0.188 -0.279
-0.282 -0.229 -0.201
-0.105 -0.216 -0.290
-0.040 -0.164 -0.264
-0.118 -0.189 -0.234
-0.078 -0.154 -0.241
-0.114 -0.224 -0.334
-0.082 -0.214 -0.292
-0.065 -0.195 -0.269
-0.069 -0.164 -0.212
 0.038 -0.079 -0.195
-0.084 -0.135 -0.187
-0.030 -0.072 -0.101
-0.028 -0.104 -0.117
 0.001 -0.064 -0.080
 0.012 -0.030 -0.074
 0.000 -0.002 -0.056
-0.261 -0.066  0.042
 0.007  0.023 -0.009
-0.036 -0.040 -0.044
-0.006 -0.056 -0.065
 0.130  0.034 -0.055
 0.011 -0.009 -0.043
-0.006 -0.000 -0.030
 0.031  0.130  0.098
-0.012 -0.006 -0.030
 0.073  0.021 -0.019
-0.002 -0.042 -0.032
 0.020  0.005 -0.008
-0.129  0.051  0.138
-0.025  0.002 -0.015
-0.006  0.003 -0.036
-0.033 -0.031 -0.000
 0.120  0.033 -0.002
-0.020 -0.083 -0.064
-0.005 -0.033 -0.018
-0.050 -0.030 -0.026
-0.036 -0.022 -0.025
 0.118  0.106  0.063
 0.003 -0.000  0.045
 0.010 -0.032  0.021
 0.054 -0.005  0.009
-0.007 -0.014  0.019
-0.036 -0.016  0.015
-0.107 -0.067 -0.017
-0.100 -0.081 -0.043
-0.078 -0.006 -0.002
-0.068 -0.085  0.066
-0.109 -0.094  0.260
-0.157 -0.080  0.293
-0.063  0.043  0.396
-0.014  0.011  0.363
-0.037 -0.025  0.305
-0.054 -0.002  0.290
 0.046  0.116  0.333
-0.099 -0.007  0.209
-0.019  0.083  0.232
-0.034  0.037  0.219
 0.042  0.083  0.231
-0.013  0.026  0.151
-0.055  0.002  0.085
-0.030  0.009  0.031
-0.079 -0.013  0.038
-0.019  0.036  0.079
-0.061 -0.007  0.100
 0.041  0.026  0.092
 0.043  0.060  0.098
-0.073 -0.018  0.022
-0.083 -0.031 -0.013
-0.075 -0.023  0.001
 0.058  0.036  0.025
 0.012  0.003  0.052
 0.073  0.027  0.030
-0.011 -0.010  0.031
-0.020  0.003  0.008
-0.081 -0.066 -0.065
-0.098 -0.076 -0.078
 0.088  0.077  0.034
-0.004 -0.051 -0.016
 0.079 -0.036 -0.038
-0.019 -0.083 -0.074
-0.056 -0.088 -0.103
-0.142 -0.140 -0.139
-0.105 -0.130 -0.163
 0.010 -0.030 -0.114
-0.063 -0.131 -0.150
-0.034 -0.125 -0.128
 0.143 -0.037 -0.114
 0.008 -0.105 -0.102
 0.053 -0.047 -0.075
-0.024 -0.042 -0.022
 0.117  0.119  0.118
 0.028  0.031  0.114
 0.135  0.112  0.196
 0.103  0.080  0.136
 0.080  0.085  0.169
 0.232  0.154  0.178
 0.252  0.180  0.182
 0.066  0.045  0.126
 0.094  0.115  0.178
-0.257 -0.020  0.221
-0.017  0.049  0.117
 0.074  0.106  0.163
 0.064  0.094  0.187
 0.101  0.099  0.179
 0.089  0.115  0.195
 0.107  0.121  0.160
 0.029  0.081  0.143
 0.113  0.141  0.161
 0.006  0.075  0.136
 0.155  0.189  0.174
 0.011  0.073  0.112
 0.027  0.101  0.132
 0.028  0.101  0.128
 0.084  0.143  0.187
 0.159  0.157  0.188
 0.125  0.108  0.161
 0.119  0.124  0.163
-0.209 -0.001  0.199
 0.014  0.043  0.078
-0.008  0.023  0.034
-0.040  0.021  0.035
-0.158 -0.020  0.114
 0.041  0.064  0.114
 0.068  0.051  0.096
 0.059  0.072  0.105
 0.177  0.189  0.153
-0.020  0.035  0.063
-0.057  0.026  0.041
-0.023  0.030  0.023
-0.077  0.026  0.042
-0.177 -0.005  0.098
 0.013  0.079  0.147
 0.163  0.147  0.167
 0.052  0.051  0.123
 0.033  0.083  0.130
-0.235  0.046  0.234
 0.006  0.109  0.128
 0.070  0.161  0.136
 0.025  0.139  0.168
 0.191  0.247  0.211
 0.075  0.089  0.106
 0.102  0.144  0.160
 0.233  0.281  0.210
 0.044  0.148  0.147
 0.069  0.164  0.147
 0.047  0.168  0.163
 0.132  0.191  0.171
 0.087  0.139  0.148
 0.233  0.273  0.194
 0.044  0.109  0.092
 0.020  0.102  0.081
 0.157  0.231  0.144
 0.072  0.116  0.092
 0.131  0.100  0.065
 0.083  0.080  0.072
 0.137  0.166  0.124
 0.016  0.046  0.042
-0.003  0.037  0.020
 0.063  0.058  0.040
 0.045  0.041  0.044
-0.017  0.008  0.013
 0.028  0.037  0.013
 0.093  0.071  0.008
-0.004  0.026  0.010
 0.075  0.125  0.098
-0.003  0.015  0.027
 0.008  0.007  0.006
-0.041 -0.003  0.003
-0.016  0.035  0.012
 0.020  0.109  0.053
-0.040  0.042  0.024
 0.005  0.063  0.060
 0.043  0.064  0.068
 0.027  0.078  0.083
 0.130  0.191  0.140
-0.021  0.050  0.040
-0.038  0.042  0.033
-0.011  0.047  0.049
 0.013  0.040  0.053
-0.150 -0.079  0.031
 0.023  0.021  0.003
 0.154  0.136  0.048
-0.021  0.006 -0.037
-0.008  0.023 -0.016
-0.071 -0.023  0.004
 0.039  0.005 -0.013
 0.190  0.145  0.054
 0.019  0.007 -0.033
-0.011 -0.003 -0.051
-0.027 -0.012 -0.059
 0.007  0.009 -0.021
 0.033 -0.012 -0.007
 0.050 -0.015 -0.012
-0.086 -0.058 -0.002
-0.003 -0.013 -0.036
 0.083  0.043 -0.035
-0.046 -0.040 -0.047
 0.039  0.045  0.030
-0.017 -0.067 -0.031
-0.030 -0.070 -0.054
-0.002 -0.065 -0.076
-0.095 -0.118 -0.114
-0.089 -0.116 -0.111
 0.006 -0.063 -0.100
-0.330 -0.161 -0.004
-0.107 -0.126 -0.115
-0.025 -0.086 -0.055
 0.116 -0.062 -0.115
-0.024 -0.129 -0.103
 0.068 -0.036 -0.055
-0.037 -0.064 -0.057
 0.001 -0.026 -0.039
-0.073 -0.044 -0.023
-0.160 -0.083  0.016
-0.007 -0.024  0.027
-0.000 -0.011  0.024
-0.024 -0.004  0.012
 0.090  0.073  0.030
-0.043 -0.021 -0.009
-0.006  0.008  0.020
-0.029 -0.030  0.003
 0.028  0.008  0.016
 0.057  0.071  0.071
 0.019  0.119  0.128
-0.017 -0.020 -0.021
-0.003 -0.020 -0.029
 0.011 -0.026 -0.011
 0.096 -0.001 -0.021
 0.028 -0.024 -0.015
 0.149  0.082  0.022
-0.020 -0.061 -0.068
-0.032 -0.055 -0.051
-0.056 -0.086 -0.083
-0.031 -0.082 -0.068
-0.188 -0.192 -0.085
-0.003 -0.111 -0.103
 0.157  0.045 -0.006
-0.020 -0.074 -0.057
-0.050 -0.086 -0.065
-0.244 -0.099  0.037
-0.040 -0.065 -0.064
-0.004 -0.022  0.030
 0.017 -0.043 -0.035
 0.102  0.094  0.106
 0.039  0.030  0.152
-0.077 -0.005  0.174
 0.090  0.136  0.275
 0.007  0.158  0.382
 0.037  0.067  0.236
 0.127  0.173  0.241
 0.139  0.188  0.211
 0.014  0.087  0.153
 0.068  0.103  0.143
 0.040  0.061  0.106
 0.171  0.147  0.103
 0.034  0.051  0.049
 0.044  0.090  0.092
 0.043  0.097  0.075
 0.046  0.109  0.095
 0.150  0.224  0.159
 0.062  0.097  0.069
 0.077  0.092  0.070
 0.108  0.097  0.033
 0.027  0.045  0.012
 0.004  0.032 -0.010
-0.251 -0.052  0.044
 0.000  0.035  0.001
 0.157  0.165  0.075
 0.158  0.162  0.035
-0.007  0.012 -0.056
 0.102  0.102 -0.016
-0.049 -0.045 -0.088
-0.043 -0.052 -0.087
 0.022 -0.046 -0.106
-0.053 -0.076 -0.105
-0.052 -0.076 -0.107
 0.031 -0.034 -0.122
-0.119  0.020  0.023
-0.072 -0.053 -0.101
-0.021  0.013 -0.022
 0.045  0.084  0.036
-0.024 -0.037 -0.060
 0.101  0.088  0.002
-0.007  0.045  0.007
-0.001  0.071  0.024
-0.007  0.055  0.020
 0.005  0.080  0.051
 0.124  0.121  0.046
 0.026  0.039  0.032
 0.117  0.107  0.029
 0.023  0.062  0.022
 0.024  0.073  0.015
 0.035  0.063 -0.020
-0.007  0.032 -0.031
 0.028  0.060  0.009
 0.014 -0.006 -0.041
 0.032 -0.019 -0.057
 0.062  0.026 -0.036
 0.019  0.009 -0.055
 0.051  0.050 -0.031
-0.002 -0.029 -0.107
-0.010 -0.027 -0.119
-0.234 -0.103 -0.043
 0.021 -0.057 -0.145
 0.126 -0.011 -0.153
-0.001 -0.082 -0.194
-0.024 -0.082 -0.178
-0.218 -0.158 -0.154
-0.025 -0.072 -0.163
 0.112  0.022 -0.116
-0.010 -0.098 -0.183
-0.007 -0.126 -0.212
-0.006 -0.104 -0.218
-0.043 -0.110 -0.221
-0.032 -0.081 -0.155
-0.062 -0.112 -0.174
-0.074 -0.097 -0.132
-0.124 -0.120 -0.070
-0.011 -0.080 -0.007
 0.157  0.084  0.123
 0.012 -0.014  0.045
-0.032 -0.025 -0.047
-0.147 -0.068 -0.096
-0.059 -0.011 -0.058
 0.061  0.035 -0.029
-0.040 -0.045 -0.088
-0.026  0.020 -0.027
 0.059  0.052 -0.064
-0.069 -0.007 -0.054
 0.014  0.028 -0.027
-0.014 -0.032 -0.037
 0.002 -0.005 -0.009
-0.137 -0.042 -0.020
 0.039  0.049  0.063
 0.104  0.127  0.146
 0.068  0.053  0.109
 0.070 -0.011  0.040
 0.130  0.051  0.028
 0.034  0.008 -0.005
 0.011  0.008 -0.009
 0.046  0.022 -0.102
 0.053  0.025 -0.088
-0.016 -0.044 -0.062
 0.098  0.049  0.076
 0.225  0.153  0.128
 0.054  0.020  0.051
 0.023 -0.011  0.020
-0.051 -0.064  0.039
 0.032 -0.046  0.028
 0.122  0.054  0.092
-0.039 -0.084 -0.143
-0.093 -0.141 -0.291
-0.041 -0.120 -0.263
-0.058 -0.113 -0.133
 0.014 -0.047 -0.080
-0.066 -0.192 -0.260
-0.085 -0.145 -0.218
 0.027 -0.040 -0.150
-0.064 -0.071 -0.135
-0.036 -0.014 -0.071
-0.005  0.003 -0.026
 0.024  0.029  0.050
 0.002 -0.048 -0.052
 0.010 -0.028 -0.019
 0.070  0.033 -0.010
 0.007  0.016 -0.003
 0.004  0.035  0.005
 0.062  0.055 -0.029
 0.004  0.045  0.016
-0.210 -0.040  0.077
 0.045  0.058  0.043
 0.134  0.096  0.049
 0.046  0.052  0.016
 0.074  0.092  0.058
 0.029  0.039  0.006
 0.013  0.024 -0.020
-0.116 -0.038  0.003
 0.013  0.016 -0.026
 0.079  0.026 -0.066
-0.009 -0.020 -0.080
 0.025  0.037 -0.023
-0.044 -0.044 -0.088
-0.053 -0.046 -0.066
-0.220 -0.129 -0.036
-0.034 -0.060 -0.053
 0.077 -0.016 -0.056
-0.046 -0.100 -0.085
-0.047 -0.061 -0.041
-0.096 -0.084 -0.047
-0.081 -0.078 -0.066
 0.036  0.012 -0.032
-0.078 -0.076 -0.041
-0.029 -0.025  0.018
-0.076 -0.112 -0.047
-0.065 -0.071 -0.020
-0.059 -0.046 -0.007
-0.078 -0.044 -0.004
 0.040  0.069  0.050
-0.104 -0.062 -0.017
-0.093 -0.063 -0.004
-0.310 -0.206 -0.020
-0.062 -0.099 -0.045
 0.085  0.063  0.056
 0.027 -0.011 -0.019
-0.058 -0.039 -0.007
-0.003 -0.005 -0.013
-0.064 -0.054 -0.035
 0.070  0.014 -0.019
-0.053 -0.099 -0.082
 0.013  0.002  0.007
-0.059 -0.090 -0.071
-0.079 -0.099 -0.091
-0.065  0.018  0.044
-0.066 -0.093 -0.067
-0.002 -0.089 -0.073
-0.052 -0.132 -0.073
-0.009 -0.064 -0.021
-0.034 -0.139 -0.142
-0.119 -0.167 -0.116
-0.061 -0.137 -0.121
-0.122 -0.195 -0.144
-0.082 -0.175 -0.135
-0.198 -0.100  0.059
-0.083 -0.127  0.018
-0.007 -0.083  0.057
-0.134 -0.164 -0.067
-0.018 -0.089 -0.151
-0.105 -0.148 -0.074
-0.048 -0.083  0.033
 0.080  0.012  0.085
-0.102 -0.091 -0.007
-0.014 -0.025 -0.032
-0.098 -0.066 -0.038
-0.056 -0.019  0.032
-0.060  0.095  0.217
-0.014  0.004  0.077
 0.111  0.117  0.151
-0.012  0.067  0.111
-0.023  0.068  0.076
 0.004  0.105  0.107
 0.032  0.126  0.166
 0.073  0.164  0.250
 0.042  0.122  0.041
 0.093  0.131  0.112
 0.138  0.203  0.291
 0.206  0.291  0.363
 0.187  0.308  0.301
 0.043  0.099  0.077
 0.122  0.129  0.054
 0.060  0.073  0.055
 0.069  0.068  0.039
 0.006  0.046  0.030
 0.057  0.073  0.052
 0.083  0.117  0.086
 0.023  0.033 -0.009
-0.000  0.021  0.002
 0.025  0.007 -0.033
-0.013 -0.032 -0.061
 0.033  0.051 -0.008
-0.054  0.119  0.164
 0.005  0.047  0.083
 0.134  0.166  0.221
-0.015  0.030  0.113
-0.047 -0.004 -0.013
-0.069 -0.014 -0.033
-0.024  0.037  0.099
 0.046  0.120  0.134
 0.103  0.116  0.068
-0.004  0.067  0.072
 0.084  0.127  0.132
 0.025  0.085  0.147
 0.028  0.106  0.159
-0.073  0.065  0.151
 0.019  0.117  0.151
 0.110  0.228  0.228
 0.014  0.128  0.178
 0.029  0.134  0.201
 0.087  0.153  0.189
 0.010  0.106  0.148
-0.009  0.090  0.146
-0.269 -0.005  0.202
 0.004  0.078  0.133
 0.150  0.147  0.147
 0.023  0.018  0.076
 0.015  0.028  0.062
 0.048  0.035  0.042
-0.026 -0.011  0.097
 0.023  0.033  0.143
 0.036  0.129  0.300
 0.026 -0.015  0.119
 0.156  0.099  0.163
 0.009  0.013  0.131
-0.006  0.002  0.113
-0.140 -0.083  0.074
-0.008 -0.026  0.058
 0.092  0.018  0.063
-0.005 -0.076  0.014
 0.010 -0.042  0.023
-0.277 -0.155  0.045
-0.034 -0.037  0.007
 0.072  0.053  0.040
-0.083 -0.083 -0.039
-0.087 -0.098 -0.056
-0.266 -0.214 -0.074
-0.069 -0.085 -0.051
 0.065  0.069  0.041
-0.031 -0.012  0.008
-0.022  0.018  0.024
-0.051 -0.001  0.013
-0.017  0.008  0.025
 0.123  0.092  0.067
-0.014 -0.041  0.021
-0.010 -0.058  0.003
 0.025 -0.026  0.003
 0.001 -0.002  0.018
 0.096  0.118  0.094
-0.000  0.023  0.024
 0.003  0.039  0.036
 0.014  0.045  0.039
 0.107  0.136  0.099
 0.014  0.020  0.017
 0.163  0.125  0.076
 0.026 -0.047 -0.029
 0.148  0.052  0.003
 0.009 -0.109 -0.109
 0.015 -0.095 -0.117
-0.148 -0.060  0.013
-0.034 -0.087 -0.127
-0.024 -0.100 -0.217
-0.094 -0.138 -0.195
 0.018 -0.063 -0.173
-0.075 -0.158 -0.167
 0.064 -0.072 -0.112
-0.046 -0.199 -0.172
 0.033 -0.106 -0.064
 0.020 -0.120 -0.028
 0.004 -0.092 -0.007
 0.123  0.013  0.014
-0.042 -0.098 -0.030
-0.050 -0.096 -0.027
-0.026 -0.079 -0.003
-0.022 -0.102 -0.010
