 0.487  0.477  0.356
 0.363  0.381  0.223
 0.491  0.520  0.379
 0.460  0.460  0.309
 0.500  0.498  0.370
 0.360  0.423  0.353
 0.402  0.435  0.340
 0.394  0.510  0.356
 0.339  0.505  0.325
 0.247  0.368  0.168
 0.201  0.364  0.079
 0.161  0.289 -0.004
 0.216  0.369  0.052
 0.186  0.275 -0.013
 0.215  0.366  0.111
 0.188  0.297  0.073
 0.177  0.345  0.165
 0.094  0.253  0.043
 0.096  0.318  0.130
 0.076  0.231  0.087
 0.101  0.261  0.129
 0.104  0.255  0.136
 0.143  0.276  0.099
 0.101  0.258  0.094
 0.133  0.271  0.070
 0.161  0.305  0.087
 0.175  0.278  0.049
 0.181  0.287  0.035
 0.194  0.273  0.025
 0.204  0.309  0.062
 0.189  0.264  0.048
 0.208  0.284  0.084
 0.198  0.274  0.069
 0.242  0.361  0.145
 0.196  0.267  0.052
 0.188  0.276  0.060
 0.215  0.317  0.098
 0.199  0.289  0.084
 0.257  0.385  0.214
 0.213  0.281  0.114
 0.216  0.294  0.125
 0.195  0.268  0.116
 0.213  0.287  0.122
 0.175  0.244  0.085
 0.188  0.255  0.109
 0.222  0.268  0.117
 0.249  0.356  0.209
 0.186  0.241  0.064
 0.222  0.291  0.103
 0.167  0.220  0.049
 0.194  0.308  0.162
 0.138  0.202  0.055
 0.170  0.270  0.143
 0.151  0.198  0.065
 0.189  0.314  0.161
 0.157  0.231  0.090
 0.181  0.266  0.146
 0.142  0.202  0.103
 0.093  0.193  0.090
 0.082  0.171  0.095
 0.050  0.170  0.071
-0.045  0.106  0.041
-0.118  0.073  0.017
-0.106  0.078  0.021
-0.039  0.138  0.094
-0.033  0.102  0.051
 0.023  0.205  0.139
-0.016  0.117  0.083
 0.025  0.205  0.179
-0.004  0.127  0.104
 0.011  0.154  0.120
 0.014  0.130  0.086
-0.024  0.125  0.090
 0.033  0.138  0.038
 0.096  0.273  0.188
 0.091  0.172  0.085
 0.096  0.174  0.083
 0.112  0.186  0.081
 0.099  0.168  0.069
 0.178  0.266  0.184
 0.120  0.147  0.076
 0.121  0.226  0.178
 0.049  0.111  0.058
 0.113  0.206  0.139
 0.010  0.096  0.013
 0.099  0.184  0.110
 0.054  0.098  0.038
 0.074  0.127  0.066
 0.113  0.151  0.076
 0.072  0.110  0.038
 0.035  0.087  0.049
 0.051  0.079  0.013
-0.011  0.033 -0.016
 0.025  0.051  0.012
 0.069  0.060  0.019
 0.088  0.143  0.091
 0.009  0.063  0.006
 0.013  0.091  0.038
-0.001  0.045  0.012
 0.026  0.076  0.067
 0.033  0.085  0.073
 0.059  0.121  0.084
 0.025  0.087  0.061
 0.007  0.085  0.052
 0.079  0.113  0.075
 0.158  0.150  0.131
 0.125  0.129  0.073
 0.204  0.267  0.200
 0.197  0.191  0.119
 0.164  0.252  0.215
 0.182  0.189  0.169
 0.349  0.345  0.367
 0.338  0.280  0.297
 0.258  0.249  0.192
 0.157  0.161  0.003
 0.249  0.199  0.098
 0.431  0.330  0.280
 0.284  0.219  0.109
 0.194  0.185  0.040
 0.108  0.073 -0.086
 0.129  0.098 -0.057
 0.109  0.113 -0.042
 0.160  0.156  0.015
 0.122  0.138 -0.002
 0.130  0.162  0.028
 0.093  0.197  0.136
 0.041  0.110  0.024
-0.005  0.073  0.050
 0.054  0.068  0.009
-0.003  0.039 -0.018
 0.046  0.057 -0.025
 0.082  0.117  0.044
 0.122  0.132  0.118
 0.235  0.218  0.256
 0.178  0.152  0.194
-0.011  0.052  0.022
-0.083 -0.001 -0.073
 0.027  0.113  0.072
 0.060  0.126  0.111
 0.057  0.181  0.172
 0.059  0.151  0.097
 0.003  0.151  0.102
-0.026  0.107  0.078
-0.053  0.093  0.079
-0.084  0.063  0.038
-0.063  0.113  0.099
-0.046  0.064  0.027
 0.032  0.115  0.049
 0.041  0.107  0.038
 0.047  0.100  0.011
-0.035  0.023 -0.100
-0.022  0.058 -0.083
-0.031  0.038 -0.097
-0.049  0.044 -0.091
-0.087  0.026 -0.113
-0.092  0.031 -0.122
-0.076  0.085 -0.046
-0.066  0.048 -0.091
-0.041  0.041 -0.075
-0.046  0.017 -0.119
-0.056  0.018 -0.123
-0.112  0.048 -0.031
-0.100 -0.030 -0.133
-0.061  0.062 -0.045
-0.149 -0.071 -0.172
-0.138 -0.061 -0.182
-0.100 -0.036 -0.162
-0.065  0.049 -0.064
-0.098 -0.063 -0.176
-0.135 -0.086 -0.169
-0.142 -0.111 -0.211
-0.093 -0.029 -0.139
-0.145 -0.112 -0.228
-0.161 -0.126 -0.228
-0.205 -0.125 -0.149
-0.166 -0.127 -0.208
-0.093 -0.059 -0.148
-0.104 -0.063 -0.150
-0.107 -0.017 -0.080
-0.168 -0.088 -0.153
-0.122  0.010 -0.035
-0.116 -0.047 -0.113
-0.040  0.046 -0.045
-0.102 -0.020 -0.117
-0.094  0.055  0.007
-0.086 -0.020 -0.070
-0.052  0.043 -0.014
-0.047  0.023 -0.051
 0.006  0.088 -0.006
 0.211  0.187 -0.027
-0.049  0.022 -0.034
-0.034  0.024 -0.023
-0.009  0.049 -0.013
-0.032  0.044 -0.001
 0.022  0.061 -0.015
 0.013  0.100  0.059
-0.055 -0.000 -0.016
-0.029  0.072  0.082
 0.013  0.042  0.016
 0.118  0.123  0.048
 0.110  0.095  0.025
 0.102  0.112  0.031
 0.035  0.032 -0.025
 0.038  0.043 -0.010
 0.074  0.081  0.019
 0.058  0.114  0.079
 0.045  0.112  0.090
-0.003  0.155  0.165
 0.082  0.136  0.073
 0.093  0.152  0.067
 0.136  0.184  0.077
 0.115  0.159  0.049
 0.115  0.141  0.048
 0.075  0.105  0.014
 0.063  0.085 -0.006
 0.050  0.065 -0.040
 0.084  0.096 -0.034
 0.031  0.044 -0.067
 0.045  0.060 -0.034
 0.020  0.085 -0.009
 0.024  0.070  0.001
 0.071  0.161  0.086
-0.005  0.083  0.056
 0.050  0.106  0.020
 0.098  0.192  0.102
 0.066  0.133  0.013
 0.103  0.134  0.037
 0.095  0.116  0.018
 0.129  0.146  0.033
 0.105  0.135  0.001
 0.210  0.292  0.169
 0.199  0.238  0.139
 0.145  0.246  0.170
 0.066  0.119  0.091
 0.047  0.102  0.095
-0.015  0.040  0.035
-0.075  0.014  0.046
-0.050  0.024  0.061
-0.078  0.031  0.105
-0.059  0.040  0.120
-0.042  0.060  0.140
-0.074  0.012  0.074
-0.063  0.002  0.020
-0.078 -0.036 -0.045
-0.120 -0.020 -0.035
-0.109 -0.071 -0.072
-0.087 -0.015 -0.007
-0.072 -0.003  0.018
-0.042  0.044  0.078
-0.027  0.096  0.131
-0.017  0.107  0.143
-0.012  0.192  0.203
-0.055  0.055  0.086
 0.017  0.110  0.127
-0.039  0.038  0.083
-0.215 -0.028  0.097
-0.194 -0.070  0.009
-0.186 -0.073  0.004
-0.159 -0.083 -0.059
-0.105 -0.050 -0.035
-0.150 -0.089 -0.047
-0.140 -0.037  0.014
-0.105 -0.025  0.039
-0.095  0.002  0.053
-0.106 -0.055 -0.017
-0.073  0.006  0.039
-0.097 -0.045 -0.025
-0.067  0.009  0.015
-0.074 -0.012  0.010
-0.076  0.024  0.030
-0.030  0.020  0.012
-0.007  0.064  0.110
-0.036  0.003  0.060
-0.088  0.018  0.090
-0.121 -0.051 -0.017
 0.008 -0.000 -0.021
-0.073 -0.069 -0.058
-0.080 -0.081 -0.069
-0.054 -0.059 -0.052
-0.044 -0.082 -0.087
 0.023  0.031  0.017
 0.022 -0.044 -0.077
 0.057 -0.003  0.002
 0.019  0.001  0.014
-0.001 -0.007  0.029
 0.005 -0.012 -0.016
 0.003  0.079  0.050
 0.007  0.023  0.011
 0.029  0.134  0.157
-0.018  0.017  0.031
 0.005  0.067  0.080
 0.014 -0.001 -0.021
 0.086  0.074  0.053
 0.046  0.011  0.025
 0.036  0.075  0.099
-0.033 -0.051 -0.016
-0.055 -0.024 -0.006
-0.064 -0.081 -0.046
-0.065 -0.068 -0.031
-0.014 -0.008  0.050
-0.097 -0.110 -0.010
-0.121 -0.104 -0.016
-0.110 -0.114 -0.024
-0.032 -0.049  0.014
-0.050 -0.074  0.031
-0.088 -0.057  0.083
-0.098 -0.076  0.032
-0.134 -0.125 -0.039
-0.130 -0.087 -0.032
-0.086 -0.084  0.009
 0.008 -0.017  0.115
 0.021  0.006  0.141
 0.091  0.056  0.221
 0.068  0.118  0.331
-0.024 -0.046  0.142
-0.075 -0.080  0.003
 0.193  0.187  0.268
 0.264  0.174  0.248
 0.088  0.078  0.092
-0.017  0.003 -0.020
-0.032  0.011 -0.021
-0.063 -0.002 -0.036
 0.073  0.088  0.017
 0.198  0.139  0.065
 0.288  0.268  0.328
 0.113  0.059  0.093
-0.006 -0.023 -0.058
 0.048 -0.001  0.044
 0.105  0.032  0.074
 0.141  0.076  0.058
 0.053  0.001 -0.061
 0.094  0.089  0.049
 0.031 -0.032 -0.079
 0.026 -0.003 -0.064
-0.056 -0.071 -0.155
-0.069 -0.028 -0.143
-0.135 -0.085 -0.156
-0.176 -0.089 -0.159
-0.137  0.020 -0.046
-0.137 -0.060 -0.185
-0.125 -0.055 -0.152
-0.183 -0.129 -0.176
-0.168 -0.075 -0.101
-0.177 -0.118 -0.166
-0.123 -0.018 -0.076
-0.196 -0.102 -0.184
-0.205 -0.098 -0.119
-0.168 -0.090 -0.097
-0.174 -0.101 -0.142
-0.074 -0.011 -0.075
-0.082 -0.033 -0.099
-0.085 -0.031 -0.075
-0.096 -0.020 -0.055
-0.053  0.005 -0.064
-0.006  0.070 -0.029
-0.005  0.048 -0.057
 0.007  0.124  0.034
-0.010  0.037 -0.064
 0.015  0.070 -0.058
 0.033  0.054 -0.069
 0.080  0.122 -0.049
 0.074  0.056 -0.115
 0.037  0.090 -0.036
-0.017 -0.031 -0.172
-0.021 -0.022 -0.143
-0.019  0.014 -0.107
-0.017  0.008 -0.133
 0.022  0.104 -0.003
-0.020 -0.000 -0.081
-0.018  0.010 -0.090
 0.058  0.115 -0.019
-0.035 -0.040 -0.174
 0.033  0.018 -0.121
-0.033 -0.043 -0.107
-0.089 -0.070 -0.103
-0.052 -0.031 -0.094
-0.010  0.086  0.006
-0.054 -0.034 -0.090
-0.096 -0.036 -0.058
-0.102 -0.056 -0.116
-0.049  0.004 -0.092
-0.078 -0.063 -0.168
-0.104 -0.094 -0.177
-0.178 -0.141 -0.201
-0.164 -0.149 -0.187
-0.155 -0.100 -0.126
-0.223 -0.166 -0.224
-0.138 -0.030 -0.069
-0.135 -0.096 -0.139
-0.060 -0.045 -0.076
-0.093 -0.014  0.005
-0.032 -0.023 -0.056
-0.020  0.007 -0.032
-0.016  0.006 -0.043
 0.029  0.061  0.018
-0.003  0.010 -0.032
 0.002  0.087  0.069
 0.005  0.008 -0.007
 0.023  0.036  0.010
 0.042  0.085  0.034
 0.005  0.007 -0.032
 0.001  0.002 -0.031
-0.014 -0.026 -0.083
 0.011  0.003 -0.066
-0.019 -0.031 -0.111
 0.048  0.074  0.007
-0.018 -0.035 -0.096
-0.043 -0.045 -0.086
-0.115 -0.046 -0.029
-0.020 -0.026 -0.055
 0.034  0.084  0.070
-0.038 -0.066 -0.103
-0.030  0.024 -0.004
-0.095 -0.107 -0.147
-0.125 -0.077 -0.073
-0.091 -0.113 -0.138
-0.150 -0.121 -0.121
-0.051 -0.090 -0.121
-0.068 -0.074 -0.072
-0.112 -0.095 -0.065
-0.088 -0.047 -0.008
-0.088 -0.059 -0.028
-0.008  0.043  0.032
-0.013  0.012 -0.027
 0.005  0.085  0.049
-0.007  0.051  0.013
 0.018  0.069  0.018
 0.048  0.168  0.117
 0.074  0.084  0.016
 0.020  0.058  0.013
-0.053 -0.015 -0.054
-0.028 -0.000 -0.043
-0.051 -0.048 -0.092
-0.030  0.009 -0.054
-0.065 -0.080 -0.162
-0.084 -0.034 -0.080
-0.106 -0.120 -0.163
-0.070 -0.084 -0.146
-0.046 -0.078 -0.157
-0.032 -0.039 -0.139
-0.087 -0.079 -0.172
-0.099 -0.073 -0.163
-0.069 -0.062 -0.154
 0.001 -0.029 -0.123
 0.099  0.126  0.048
 0.039  0.006 -0.075
-0.043 -0.008 -0.029
 0.048  0.016 -0.052
 0.022  0.009 -0.060
 0.031 -0.007 -0.064
 0.043  0.043 -0.009
-0.027 -0.050 -0.110
 0.051 -0.007 -0.111
 0.088  0.006 -0.120
 0.094  0.013 -0.095
 0.046  0.014 -0.043
-0.035 -0.066 -0.085
-0.004  0.020  0.059
-0.056 -0.069 -0.059
-0.057 -0.004 -0.021
-0.047 -0.085 -0.127
-0.054 -0.030 -0.076
-0.058 -0.096 -0.135
-0.037 -0.026 -0.036
-0.058 -0.089 -0.089
-0.055 -0.018 -0.004
-0.078 -0.060 -0.038
-0.010  0.070  0.101
-0.012  0.013  0.023
 0.014  0.051  0.043
 0.004  0.023  0.008
-0.015  0.013 -0.003
 0.015  0.088  0.042
-0.031 -0.019 -0.090
-0.041 -0.029 -0.087
-0.004 -0.041 -0.176
 0.044  0.011 -0.114
 0.059  0.012 -0.076
 0.120  0.104  0.021
 0.084  0.032 -0.060
 0.128  0.143  0.053
 0.094  0.071 -0.016
 0.092  0.092  0.027
 0.069  0.075  0.002
 0.115  0.121  0.032
 0.132  0.132  0.014
 0.149  0.158  0.038
 0.123  0.154  0.087
 0.142  0.157  0.072
 0.116  0.152  0.068
 0.002  0.062 -0.044
 0.033  0.096  0.003
 0.002  0.036 -0.033
 0.021  0.086  0.036
 0.044  0.095  0.035
 0.018  0.051 -0.004
-0.013  0.067 -0.007
-0.055 -0.008 -0.067
-0.010  0.024 -0.037
 0.020  0.056 -0.009
-0.044  0.020 -0.021
-0.046  0.080  0.075
-0.077 -0.009  0.013
-0.082  0.019  0.031
-0.084 -0.016 -0.014
-0.111 -0.027 -0.039
-0.216 -0.065 -0.054
-0.160 -0.052 -0.037
-0.148 -0.026 -0.007
-0.160 -0.050 -0.022
-0.118 -0.000  0.015
-0.128 -0.021 -0.026
-0.128  0.063  0.067
-0.203 -0.052 -0.067
-0.161 -0.036 -0.045
-0.137 -0.019 -0.066
-0.141 -0.032 -0.085
-0.162 -0.026 -0.060
-0.172 -0.039 -0.074
-0.155 -0.010 -0.053
-0.154 -0.028 -0.070
-0.062  0.067  0.004
-0.062  0.041 -0.043
-0.058  0.106  0.053
-0.076  0.042 -0.002
-0.070  0.043 -0.026
-0.080  0.112  0.036
-0.054  0.038 -0.072
-0.051  0.070 -0.027
-0.061  0.033 -0.065
-0.037  0.086  0.009
-0.076  0.021 -0.064
-0.070  0.079 -0.031
-0.072  0.021 -0.075
-0.077  0.102  0.060
-0.144 -0.006 -0.027
-0.166 -0.010 -0.027
-0.181 -0.039 -0.062
-0.157 -0.029 -0.076
-0.048  0.110  0.066
-0.138 -0.026 -0.014
-0.204 -0.061 -0.029
-0.178 -0.068 -0.033
-0.165 -0.052 -0.010
-0.142 -0.050 -0.029
-0.100  0.003  0.026
-0.157 -0.062 -0.043
-0.124 -0.031 -0.014
-0.141 -0.066 -0.050
-0.140 -0.043 -0.040
-0.185 -0.086 -0.083
-0.168 -0.054 -0.055
-0.173 -0.066 -0.047
-0.208 -0.063 -0.043
-0.155 -0.036 -0.047
-0.128  0.052  0.053
-0.090  0.018 -0.018
-0.131  0.025  0.008
-0.149  0.002  0.005
-0.110  0.031  0.045
-0.136 -0.013  0.007
-0.125  0.011  0.013
-0.131 -0.021 -0.022
-0.097  0.030  0.056
-0.128 -0.019  0.016
-0.085  0.020  0.057
-0.127 -0.046 -0.030
-0.034  0.032  0.025
-0.069 -0.008 -0.014
-0.081  0.038  0.062
-0.093 -0.028 -0.015
-0.065  0.073  0.097
-0.097 -0.026 -0.021
-0.065  0.003  0.008
-0.111 -0.046 -0.019
-0.110 -0.023 -0.009
-0.157 -0.043 -0.027
-0.113 -0.001  0.032
-0.108 -0.007  0.029
-0.080  0.072  0.118
-0.152 -0.054 -0.011
-0.139  0.031  0.075
-0.116  0.013  0.004
-0.202 -0.072 -0.055
-0.178 -0.077 -0.076
-0.160 -0.055 -0.076
-0.179 -0.037 -0.058
-0.174 -0.047 -0.042
-0.165  0.013  0.037
-0.175 -0.053 -0.022
-0.140 -0.024  0.001
-0.153 -0.044 -0.015
-0.122 -0.020  0.023
-0.136 -0.027  0.018
-0.089  0.081  0.137
-0.083  0.019  0.033
-0.050  0.070  0.047
-0.068  0.035  0.030
-0.069  0.059  0.057
-0.087  0.034  0.018
-0.081  0.037  0.025
-0.062  0.024 -0.014
-0.093 -0.016 -0.057
-0.093 -0.026 -0.078
-0.017  0.050  0.023
-0.060  0.011 -0.028
-0.101  0.027 -0.026
-0.142  0.010 -0.009
-0.058 -0.001 -0.057
-0.054  0.061  0.005
-0.006  0.048 -0.033
-0.015  0.023 -0.054
 0.003  0.063 -0.005
-0.061 -0.003 -0.057
-0.036  0.047 -0.020
-0.032  0.032 -0.041
 0.036  0.075 -0.025
 0.142  0.221  0.089
-0.008  0.055 -0.033
-0.075  0.013 -0.024
-0.093  0.022 -0.020
-0.105 -0.004 -0.037
-0.145  0.014 -0.011
-0.139 -0.054 -0.068
-0.167 -0.065 -0.048
-0.164  0.022  0.042
-0.151 -0.059 -0.019
-0.165 -0.051 -0.017
-0.139 -0.063 -0.046
-0.169 -0.062 -0.037
-0.169 -0.080 -0.035
-0.162 -0.009  0.046
-0.177 -0.074 -0.026
-0.130 -0.029 -0.011
-0.148 -0.026  0.006
-0.109 -0.011  0.001
-0.073  0.041  0.084
-0.113 -0.001  0.039
-0.067  0.104  0.139
-0.055  0.028  0.033
-0.040  0.072  0.057
-0.038  0.024 -0.034
 0.054  0.078 -0.009
 0.034  0.048 -0.053
 0.032  0.055 -0.072
 0.007  0.026 -0.076
 0.003  0.037 -0.051
 0.021  0.034 -0.048
 0.007  0.035 -0.051
 0.082  0.172  0.060
 0.034  0.041 -0.076
 0.031  0.059 -0.022
 0.034  0.061 -0.007
 0.047  0.104  0.044
 0.008  0.054 -0.015
 0.025  0.110  0.036
 0.041  0.072 -0.012
 0.072  0.152  0.077
 0.012  0.069 -0.010
 0.085  0.179  0.098
 0.087  0.103 -0.007
 0.132  0.208  0.095
 0.104  0.101 -0.010
 0.075  0.080 -0.007
 0.032  0.030 -0.057
 0.012  0.012 -0.067
 0.008  0.085  0.035
-0.008 -0.012 -0.077
-0.033 -0.011 -0.045
-0.115 -0.078 -0.050
-0.152 -0.096  0.009
-0.170 -0.110 -0.008
-0.153 -0.066  0.058
-0.040 -0.014  0.057
 0.034  0.142  0.203
-0.034  0.001  0.074
-0.091 -0.028  0.038
-0.146 -0.046  0.021
-0.132 -0.050  0.017
-0.162 -0.045  0.041
-0.196 -0.017  0.111
-0.154 -0.067  0.030
-0.138 -0.073  0.032
-0.093 -0.089 -0.001
-0.076 -0.066 -0.013
-0.126 -0.126 -0.078
-0.096 -0.062 -0.016
-0.082 -0.101 -0.062
-0.041 -0.026 -0.010
-0.025 -0.048 -0.066
-0.068 -0.044 -0.063
-0.131 -0.015  0.004
-0.058 -0.013 -0.045
-0.069 -0.029 -0.067
-0.087 -0.020 -0.055
 0.012  0.132  0.088
 0.031  0.013 -0.013
 0.052  0.033  0.029
-0.014  0.009  0.007
-0.001  0.025  0.015
-0.023 -0.013 -0.037
 0.064  0.094  0.056
 0.061  0.006 -0.018
 0.051  0.009 -0.030
-0.013 -0.001 -0.022
 0.027  0.025 -0.025
 0.025  0.064  0.018
-0.026 -0.026 -0.052
-0.030 -0.026 -0.065
-0.026 -0.031 -0.071
 0.008 -0.025 -0.078
 0.025  0.064  0.051
 0.082  0.117  0.100
 0.058  0.008 -0.005
 0.017  0.028  0.034
-0.031 -0.015  0.003
-0.043  0.059  0.087
-0.044 -0.027 -0.013
-0.007  0.040  0.031
-0.033 -0.019 -0.045
-0.048  0.015  0.009
 0.112  0.104 -0.006
-0.085 -0.038 -0.041
-0.067 -0.009 -0.056
-0.036  0.059  0.002
-0.136 -0.030 -0.043
-0.118 -0.011 -0.046
-0.072  0.070  0.054
-0.069  0.001 -0.037
-0.045  0.016 -0.053
-0.035 -0.005 -0.083
-0.059 -0.018 -0.075
-0.106 -0.046 -0.090
-0.124 -0.056 -0.101
-0.132 -0.077 -0.121
-0.084  0.007 -0.041
-0.101 -0.056 -0.110
-0.066  0.007 -0.047
-0.106 -0.033 -0.086
-0.088  0.074  0.041
-0.036  0.005 -0.067
 0.016  0.038 -0.013
-0.116 -0.033 -0.047
-0.106 -0.034 -0.019
-0.122 -0.046 -0.024
-0.130 -0.054 -0.064
-0.120 -0.019 -0.027
-0.136 -0.054 -0.044
-0.172 -0.058 -0.030
-0.183 -0.093 -0.078
-0.140 -0.007  0.031
-0.175 -0.104 -0.094
-0.137 -0.051 -0.061
-0.187 -0.111 -0.095
-0.171 -0.078 -0.047
-0.203 -0.120 -0.086
-0.190 -0.105 -0.051
-0.205 -0.119 -0.068
-0.223 -0.115 -0.052
-0.203 -0.111 -0.062
-0.198 -0.094 -0.036
-0.196 -0.096 -0.035
-0.174 -0.064 -0.049
-0.200 -0.078 -0.069
-0.154 -0.039 -0.018
-0.165 -0.060 -0.086
-0.149 -0.025 -0.004
-0.139 -0.046 -0.041
-0.102 -0.011 -0.031
-0.116 -0.046 -0.061
-0.131  0.025  0.025
-0.154 -0.064 -0.095
-0.112 -0.006 -0.040
-0.120 -0.036 -0.089
-0.091  0.003 -0.059
-0.071  0.018 -0.058
-0.079  0.037 -0.015
-0.093  0.023 -0.037
-0.061  0.057 -0.022
-0.032  0.061 -0.050
-0.021  0.076 -0.051
 0.032  0.209  0.105
-0.056  0.035 -0.037
-0.065  0.004 -0.059
-0.098 -0.001 -0.082
-0.110 -0.016 -0.096
-0.086 -0.002 -0.088
-0.108 -0.029 -0.110
-0.136 -0.028 -0.079
-0.107  0.079  0.045
-0.158 -0.064 -0.085
-0.105  0.064  0.020
-0.158 -0.077 -0.114
-0.180 -0.068 -0.086
-0.203 -0.086 -0.077
-0.220 -0.074 -0.063
-0.234 -0.095 -0.089
-0.129  0.008 -0.001
-0.113  0.002 -0.015
-0.133  0.069  0.074
-0.110  0.028  0.025
-0.125  0.038  0.036
-0.126 -0.006 -0.023
-0.101  0.013 -0.006
-0.150 -0.007 -0.011
-0.134  0.019  0.028
-0.135 -0.013 -0.007
-0.142  0.038  0.057
-0.160 -0.055 -0.050
-0.134 -0.031 -0.047
-0.129  0.002 -0.031
-0.158 -0.021 -0.042
-0.174  0.013 -0.004
-0.174 -0.047 -0.073
-0.143 -0.023 -0.055
-0.123 -0.019 -0.048
-0.114  0.007 -0.026
-0.067  0.117  0.077
-0.126  0.010 -0.016
-0.116  0.044  0.008
-0.085  0.040  0.011
-0.083  0.138  0.127
-0.050  0.165  0.134
-0.066  0.042 -0.009
-0.050  0.118  0.040
-0.125  0.050 -0.001
-0.074  0.067  0.038
-0.042  0.072  0.051
-0.078  0.043  0.011
-0.086  0.059  0.035
-0.097 -0.039 -0.037
-0.105 -0.036 -0.001
-0.163 -0.012  0.068
-0.103 -0.059 -0.026
-0.081 -0.022  0.003
-0.117 -0.061 -0.016
-0.145 -0.038  0.018
-0.140  0.019  0.095
-0.115 -0.009 -0.003
-0.066  0.038  0.001
-0.067  0.022 -0.015
-0.093  0.062  0.069
-0.115 -0.029 -0.023
-0.120 -0.040 -0.040
-0.078 -0.019 -0.042
-0.058 -0.020 -0.079
-0.092 -0.005 -0.048
-0.143 -0.084 -0.118
-0.117 -0.067 -0.084
-0.084 -0.091 -0.130
-0.042 -0.056 -0.128
-0.026 -0.013 -0.073
-0.016  0.015 -0.018
 0.053  0.112  0.058
 0.024  0.060 -0.017
 0.001  0.113  0.040
 0.004  0.040 -0.058
-0.003  0.070 -0.016
-0.064  0.090  0.057
-0.007  0.101  0.023
 0.020  0.144  0.059
 0.013  0.132  0.034
 0.044  0.175  0.095
 0.013  0.112  0.028
-0.009  0.082  0.019
 0.022  0.064 -0.024
-0.002  0.040 -0.075
-0.014  0.018 -0.073
-0.010  0.107  0.045
-0.101 -0.045 -0.043
-0.097 -0.039  0.003
-0.068 -0.029 -0.002
-0.024  0.032  0.035
-0.039  0.031  0.033
-0.033  0.082  0.085
-0.045  0.027  0.006
-0.034  0.080  0.060
-0.067 -0.006 -0.031
-0.056  0.002 -0.021
-0.155 -0.028 -0.004
-0.123 -0.036 -0.038
-0.122 -0.021  0.005
-0.118 -0.019  0.008
-0.029  0.054  0.050
 0.028  0.085  0.083
 0.020  0.157  0.161
-0.043  0.056  0.045
-0.050  0.084  0.053
-0.043  0.050  0.024
-0.037  0.043  0.001
-0.018  0.055  0.006
-0.048  0.014 -0.022
-0.028  0.101  0.078
-0.048  0.006 -0.039
-0.020  0.025 -0.039
 0.012  0.073  0.037
-0.013  0.033  0.005
-0.017  0.041  0.031
 0.006  0.067  0.063
-0.009  0.026  0.012
 0.006  0.038 -0.014
-0.004  0.062  0.013
-0.053 -0.002 -0.044
-0.059  0.005 -0.018
-0.119 -0.029 -0.009
-0.055 -0.015 -0.049
-0.050  0.020  0.005
-0.124 -0.048 -0.045
-0.131  0.017  0.028
-0.140 -0.062 -0.065
-0.085  0.039  0.050
-0.120 -0.057 -0.045
-0.176 -0.088 -0.049
-0.226 -0.106 -0.040
-0.175 -0.074 -0.043
-0.170 -0.013 -0.015
-0.164 -0.051 -0.053
-0.145 -0.033 -0.042
-0.144 -0.020 -0.035
-0.152 -0.030 -0.066
-0.088  0.034 -0.011
-0.155 -0.029 -0.045
-0.130 -0.023 -0.051
-0.135  0.029  0.027
-0.155  0.003  0.003
-0.120  0.047  0.025
-0.095  0.091  0.049
-0.137  0.013 -0.010
-0.108  0.032  0.006
-0.123  0.008 -0.024
-0.078  0.053  0.002
-0.075  0.037 -0.022
-0.073  0.083  0.028
-0.128  0.008 -0.029
-0.117  0.032  0.006
-0.017  0.145  0.084
-0.061  0.032 -0.047
-0.042  0.066 -0.021
-0.074  0.029 -0.038
-0.065  0.076  0.032
-0.083  0.035 -0.009
-0.066  0.055  0.001
-0.109  0.038  0.043
-0.066  0.049  0.020
-0.076  0.050  0.019
-0.086  0.015 -0.016
-0.055  0.049  0.016
-0.101 -0.005 -0.033
-0.142 -0.007 -0.009
-0.188 -0.058 -0.080
-0.179 -0.059 -0.061
-0.150 -0.033 -0.029
-0.091 -0.011 -0.032
-0.064  0.070  0.067
-0.160 -0.081 -0.068
-0.182 -0.075 -0.047
-0.102 -0.007  0.013
-0.119 -0.037 -0.013
-0.137 -0.031 -0.004
-0.162 -0.034  0.003
-0.170 -0.067 -0.007
-0.144 -0.044  0.007
-0.156 -0.050 -0.015
-0.199 -0.095 -0.051
-0.191 -0.011  0.056
-0.229 -0.124 -0.069
-0.219 -0.116 -0.080
-0.174 -0.107 -0.089
-0.164 -0.084 -0.112
-0.149 -0.071 -0.119
-0.186 -0.095 -0.130
-0.155 -0.047 -0.096
-0.206 -0.081 -0.133
-0.085  0.000 -0.095
-0.070 -0.005 -0.111
-0.101 -0.005 -0.101
-0.114 -0.022 -0.102
-0.073  0.062 -0.013
-0.086  0.021 -0.070
-0.007  0.081 -0.023
 0.022  0.178  0.050
-0.052  0.041 -0.063
-0.052  0.039 -0.013
-0.088  0.000 -0.060
-0.064  0.068  0.017
-0.114 -0.051 -0.088
-0.158 -0.072 -0.094
-0.185 -0.081 -0.093
-0.190 -0.086 -0.098
-0.142 -0.015 -0.010
-0.151 -0.042 -0.028
-0.169  0.023  0.058
-0.196 -0.046 -0.006
-0.186 -0.019  0.015
-0.180 -0.028 -0.016
-0.142  0.007  0.002
-0.158 -0.002  0.010
-0.177  0.009  0.022
-0.203 -0.007 -0.013
-0.190 -0.008 -0.050
-0.165 -0.018 -0.086
-0.135 -0.020 -0.087
-0.170 -0.038 -0.087
-0.229 -0.071 -0.123
-0.232 -0.026 -0.053
-0.221 -0.049 -0.055
-0.188  0.022  0.009
-0.175 -0.023 -0.041
-0.172  0.005 -0.003
-0.240 -0.007  0.022
-0.138  0.033 -0.006
-0.114  0.048 -0.017
-0.113  0.021 -0.073
-0.104  0.042 -0.046
-0.161 -0.012 -0.086
-0.107  0.037 -0.030
-0.140 -0.002 -0.066
-0.089  0.077  0.010
-0.101  0.076  0.064
-0.058  0.091  0.067
-0.020  0.171  0.129
-0.037  0.108 -0.005
-0.023  0.081 -0.033
-0.024  0.099  0.020
-0.076  0.022 -0.051
-0.042  0.040 -0.021
-0.062  0.038 -0.014
-0.127 -0.028 -0.065
-0.137  0.010 -0.001
-0.148 -0.075 -0.107
-0.108  0.023  0.003
-0.194 -0.101 -0.138
-0.205 -0.104 -0.102
-0.192 -0.004  0.045
-0.163 -0.068 -0.040
-0.097 -0.001 -0.007
-0.035  0.034  0.007
-0.022  0.110  0.079
-0.014  0.075  0.058
-0.022  0.038  0.066
-0.007  0.067  0.074
-0.007  0.061  0.071
 0.003  0.123  0.162
-0.056  0.002  0.042
-0.071 -0.006  0.023
-0.008  0.113  0.144
-0.062 -0.016 -0.005
-0.098 -0.012 -0.010
-0.154 -0.042 -0.036
-0.101 -0.001  0.008
-0.083 -0.025 -0.000
-0.080  0.061  0.088
-0.086 -0.011  0.006
-0.105 -0.006  0.013
-0.093  0.012  0.045
-0.057  0.020  0.040
 0.003  0.075  0.092
-0.031  0.028  0.037
-0.025  0.074  0.077
-0.051  0.007 -0.013
-0.021  0.025  0.004
 0.022  0.083  0.049
 0.012  0.039  0.042
-0.043  0.014  0.039
-0.115 -0.043 -0.020
-0.152 -0.032  0.014
-0.139 -0.080 -0.024
-0.125 -0.050  0.015
-0.068  0.057  0.112
-0.172 -0.102 -0.024
-0.178 -0.088 -0.012
-0.156 -0.083  0.005
-0.110  0.013  0.100
-0.140 -0.057  0.041
-0.160 -0.043  0.047
-0.165 -0.043  0.061
-0.157 -0.062  0.038
-0.127 -0.019  0.076
-0.154 -0.071  0.010
-0.173 -0.074  0.015
-0.175 -0.048  0.051
-0.157 -0.041  0.038
-0.112 -0.001  0.089
-0.125 -0.015  0.075
-0.100  0.005  0.055
-0.143  0.014  0.073
-0.213 -0.047  0.023
-0.184 -0.030  0.026
-0.093  0.066  0.118
-0.035  0.038  0.065
 0.016  0.062  0.077
 0.035  0.076  0.089
 0.083  0.093  0.073
 0.147  0.162  0.102
 0.115  0.145  0.096
 0.124  0.229  0.200
 0.090  0.136  0.123
 0.074  0.138  0.132
 0.123  0.257  0.221
 0.088  0.119  0.090
 0.048  0.126  0.089
 0.023  0.085  0.056
-0.001  0.068  0.059
-0.078  0.033  0.067
-0.023  0.016  0.013
-0.037  0.058  0.094
-0.106 -0.038 -0.006
-0.112 -0.044 -0.020
-0.105 -0.038 -0.002
-0.094 -0.036  0.013
-0.083  0.038  0.123
-0.119 -0.046  0.034
-0.112 -0.021  0.078
-0.133 -0.080  0.003
-0.101 -0.093 -0.009
-0.101 -0.061  0.018
-0.141 -0.076 -0.005
-0.136 -0.039  0.034
-0.109 -0.019  0.036
-0.058  0.007  0.004
-0.046  0.073  0.113
-0.053  0.110  0.161
-0.048  0.020  0.054
-0.040  0.036  0.075
-0.081  0.003  0.040
-0.066  0.030  0.072
-0.139 -0.059 -0.004
-0.116  0.002  0.064
-0.086 -0.041  0.010
-0.024  0.084  0.116
-0.056  0.011  0.022
-0.030  0.038  0.074
-0.062  0.025  0.038
-0.069  0.004 -0.013
-0.038  0.069  0.049
-0.048  0.012 -0.029
-0.125 -0.057 -0.080
-0.139 -0.046 -0.046
-0.151 -0.083 -0.074
-0.128 -0.055 -0.074
-0.091 -0.023 -0.049
-0.078 -0.046 -0.017
-0.098 -0.043  0.002
-0.075 -0.010  0.019
-0.037  0.010  0.027
-0.051  0.057  0.106
-0.175 -0.050  0.059
-0.153 -0.067 -0.031
-0.114  0.020  0.070
-0.107 -0.049 -0.021
-0.056 -0.005  0.030
-0.064  0.028  0.060
-0.142 -0.057 -0.034
-0.189 -0.083 -0.052
-0.114 -0.034 -0.025
-0.069 -0.019 -0.022
-0.120 -0.022 -0.007
-0.121 -0.035 -0.015
-0.117 -0.070 -0.029
-0.183 -0.105 -0.070
-0.155 -0.082 -0.053
-0.100 -0.074 -0.073
-0.067 -0.036 -0.046
-0.136 -0.063 -0.078
-0.097 -0.058 -0.050
-0.061  0.037  0.039
-0.073 -0.026 -0.066
-0.028 -0.000 -0.046
-0.044  0.007 -0.087
-0.047 -0.017 -0.113
-0.039  0.064 -0.020
-0.047 -0.015 -0.110
-0.006  0.022 -0.094
 0.026  0.063 -0.072
-0.015  0.035 -0.098
 0.009  0.116  0.007
-0.034  0.017 -0.081
-0.016  0.043 -0.067
-0.086  0.014 -0.046
-0.134 -0.028 -0.088
-0.176  0.023 -0.027
-0.217 -0.088 -0.171
-0.204 -0.083 -0.151
-0.190 -0.032 -0.095
-0.251 -0.088 -0.130
-0.283 -0.087 -0.122
-0.310 -0.083 -0.084
-0.244 -0.097 -0.151
-0.230 -0.068 -0.104
-0.337 -0.175 -0.207
-0.279 -0.141 -0.175
-0.324 -0.157 -0.150
-0.240 -0.113 -0.142
-0.231 -0.051 -0.046
-0.284 -0.127 -0.111
-0.295 -0.109 -0.102
-0.241 -0.116 -0.094
-0.181 -0.077 -0.073
-0.206 -0.067 -0.071
-0.225 -0.077 -0.086
-0.188 -0.038 -0.056
-0.194 -0.050 -0.079
-0.159 -0.009 -0.064
-0.159 -0.036 -0.067
-0.163  0.008 -0.015
-0.133 -0.012 -0.026
-0.113  0.029  0.008
-0.088  0.055  0.025
-0.128  0.038 -0.028
-0.086  0.090  0.034
-0.141  0.041  0.007
-0.085  0.010 -0.078
-0.104  0.081  0.006
-0.114 -0.012 -0.096
-0.066 -0.010 -0.102
-0.023  0.044 -0.049
-0.097 -0.017 -0.075
-0.125  0.039 -0.000
-0.192 -0.047 -0.086
-0.211  0.019 -0.008
-0.234 -0.071 -0.128
-0.236 -0.021 -0.078
-0.272 -0.114 -0.169
-0.267 -0.109 -0.178
-0.236 -0.086 -0.138
-0.265 -0.065 -0.127
-0.219  0.008 -0.004
-0.171 -0.008 -0.048
-0.176  0.003 -0.010
-0.269 -0.048 -0.043
-0.191  0.042  0.063
-0.161  0.037  0.064
-0.128  0.119  0.150
-0.136  0.054  0.072
-0.106  0.058  0.059
-0.132  0.029  0.013
-0.108  0.008 -0.035
-0.108  0.009 -0.024
-0.054  0.025 -0.039
-0.017  0.105  0.058
-0.096  0.037  0.015
-0.088  0.047  0.029
-0.033  0.044  0.008
 0.101  0.116  0.058
 0.134  0.157  0.099
 0.159  0.155  0.070
 0.205  0.184  0.090
 0.164  0.140  0.051
 0.131  0.166  0.070
 0.115  0.137  0.064
 0.117  0.168  0.131
 0.069  0.099  0.081
 0.048  0.114  0.102
 0.047  0.059  0.009
 0.103  0.123  0.078
 0.020  0.026  0.023
-0.010  0.028  0.029
-0.047 -0.024 -0.013
-0.001  0.015  0.037
-0.037  0.022  0.063
-0.028  0.013  0.029
-0.046  0.022  0.067
-0.069 -0.035  0.038
-0.065  0.039  0.124
-0.096 -0.052  0.007
-0.118 -0.057 -0.001
-0.173 -0.016  0.080
-0.108 -0.064 -0.018
-0.092 -0.025  0.013
-0.135 -0.084 -0.025
-0.138 -0.071 -0.028
-0.076 -0.011 -0.014
-0.091 -0.019 -0.042
-0.117 -0.031 -0.026
-0.183 -0.086 -0.068
-0.184 -0.065 -0.031
-0.219 -0.029  0.032
-0.140 -0.008 -0.011
-0.122  0.015  0.016
-0.181 -0.025 -0.018
-0.214 -0.032 -0.026
-0.251 -0.069 -0.072
-0.204 -0.024 -0.047
-0.192 -0.043 -0.055
-0.145  0.050  0.063
-0.234 -0.076 -0.057
-0.210 -0.054 -0.034
-0.196 -0.065 -0.066
-0.145 -0.041 -0.072
-0.163 -0.041 -0.057
-0.128 -0.035 -0.064
-0.054  0.023 -0.037
-0.046  0.006 -0.061
-0.025  0.098  0.022
-0.060  0.002 -0.085
-0.070 -0.001 -0.068
 0.018  0.133  0.069
-0.073 -0.010 -0.074
-0.060 -0.004 -0.019
-0.035  0.012 -0.015
-0.053  0.035  0.013
-0.186 -0.054 -0.089
-0.116  0.007 -0.013
-0.116 -0.038 -0.043
-0.067  0.053  0.047
-0.083 -0.022 -0.041
-0.135 -0.047 -0.060
-0.212 -0.093 -0.089
-0.113 -0.046 -0.079
-0.144  0.021  0.021
-0.091 -0.046 -0.017
-0.053 -0.001  0.013
 0.009  0.063  0.105
-0.025  0.009  0.049
 0.021  0.054  0.067
 0.051  0.094  0.102
-0.028  0.040  0.037
-0.049  0.055  0.083
-0.065  0.004  0.023
-0.027  0.048  0.007
-0.067  0.040  0.005
-0.059  0.015 -0.011
-0.053  0.030  0.012
-0.039  0.019  0.005
-0.026  0.051 -0.000
-0.025  0.050 -0.007
 0.031  0.136  0.079
-0.019  0.047  0.010
-0.007  0.058  0.020
-0.023  0.074  0.038
 0.025  0.081  0.024
 0.056  0.119  0.039
 0.036  0.089  0.023
 0.010  0.071  0.026
-0.067 -0.035 -0.084
-0.103 -0.051 -0.109
-0.124 -0.084 -0.116
-0.090 -0.062 -0.117
-0.114 -0.061 -0.106
-0.157 -0.130 -0.145
-0.155 -0.051 -0.040
-0.195 -0.158 -0.154
-0.175 -0.121 -0.129
-0.107 -0.016 -0.032
-0.152 -0.093 -0.064
-0.186 -0.102 -0.068
-0.160 -0.081 -0.050
-0.097 -0.009 -0.007
-0.066 -0.019 -0.021
-0.146  0.001  0.022
-0.196 -0.124 -0.101
-0.155 -0.107 -0.109
-0.177 -0.091 -0.130
-0.154 -0.083 -0.105
-0.139 -0.038 -0.048
-0.181 -0.077 -0.094
-0.063 -0.037 -0.079
-0.107 -0.002 -0.043
-0.168 -0.113 -0.174
-0.161 -0.095 -0.158
-0.178 -0.101 -0.144
-0.128 -0.069 -0.157
-0.100 -0.032 -0.088
-0.141 -0.070 -0.077
-0.144 -0.033 -0.032
-0.125 -0.064 -0.051
-0.102 -0.036 -0.046
-0.043 -0.005 -0.021
-0.001  0.055  0.029
-0.023  0.056  0.008
 0.014  0.123  0.060
 0.002  0.089  0.027
 0.029  0.115  0.038
 0.015  0.064 -0.012
 0.002  0.102  0.059
-0.063 -0.003 -0.040
-0.100 -0.029 -0.052
-0.121 -0.057 -0.074
-0.142 -0.061 -0.084
-0.074  0.087  0.055
-0.159 -0.061 -0.074
-0.265 -0.110 -0.072
-0.268 -0.119 -0.089
-0.220 -0.076 -0.041
-0.227 -0.071 -0.069
-0.203 -0.047 -0.006
-0.251 -0.080 -0.037
-0.224 -0.032  0.023
-0.266 -0.096 -0.051
-0.163  0.029  0.115
-0.200 -0.044  0.018
-0.193 -0.033  0.047
-0.196 -0.047  0.030
-0.178 -0.027  0.032
-0.167  0.045  0.108
-0.136 -0.011  0.013
-0.178 -0.022  0.021
-0.193 -0.046  0.010
-0.226 -0.047 -0.013
-0.221 -0.057 -0.033
-0.176 -0.032  0.004
-0.144 -0.022 -0.002
-0.136 -0.001  0.024
-0.154 -0.017  0.017
-0.095  0.041  0.074
-0.094  0.024  0.053
-0.061  0.084  0.096
-0.084  0.018  0.013
-0.089  0.043  0.027
-0.063  0.051  0.026
-0.043  0.076  0.051
-0.092  0.056  0.014
-0.002  0.077  0.013
-0.048  0.072  0.038
-0.085  0.019  0.004
-0.119  0.092  0.088
-0.141 -0.002  0.007
-0.101  0.033  0.056
-0.083  0.005  0.034
-0.186 -0.064 -0.000
-0.351 -0.152 -0.014
-0.247 -0.132 -0.057
-0.290 -0.127  0.001
-0.199 -0.108 -0.027
-0.224 -0.096 -0.017
-0.274 -0.138 -0.027
-0.255 -0.075  0.054
-0.187 -0.075 -0.014
-0.056  0.037  0.054
 0.063  0.118  0.056
-0.035  0.009 -0.054
-0.157 -0.026 -0.043
-0.183 -0.037 -0.025
-0.145  0.027  0.060
-0.183 -0.059 -0.031
-0.249 -0.083 -0.028
-0.284 -0.096  0.001
-0.203 -0.060 -0.010
-0.016  0.038  0.044
-0.014  0.019  0.035
-0.104 -0.004  0.047
-0.234 -0.108 -0.017
-0.271 -0.047  0.110
-0.225 -0.083  0.023
-0.211 -0.045  0.049
-0.116  0.084  0.138
-0.070  0.018 -0.010
-0.052  0.054  0.020
-0.067  0.013  0.003
-0.132  0.026  0.068
-0.108  0.096  0.115
-0.229 -0.072 -0.031
-0.224 -0.064 -0.037
-0.229 -0.095 -0.068
-0.187  0.002  0.018
-0.150  0.076  0.083
-0.255 -0.098 -0.076
-0.259 -0.083 -0.053
-0.348 -0.161 -0.111
-0.326 -0.143 -0.087
-0.250 -0.099 -0.056
-0.275 -0.134 -0.097
-0.211 -0.099 -0.056
-0.294 -0.088 -0.008
-0.191 -0.058 -0.027
-0.155 -0.015  0.006
-0.140 -0.005 -0.003
-0.105  0.028  0.039
-0.157 -0.006  0.009
-0.157  0.055  0.073
-0.171  0.006  0.019
-0.135  0.105  0.125
-0.168  0.032  0.038
-0.202  0.072  0.090
-0.244 -0.035 -0.025
-0.281 -0.052 -0.043
-0.404 -0.076 -0.043
-0.255 -0.035 -0.073
-0.175  0.030 -0.016
-0.198  0.002 -0.046
-0.222  0.016 -0.017
-0.209 -0.016 -0.059
-0.210  0.002 -0.037
-0.187  0.106  0.090
-0.174  0.033 -0.016
-0.165  0.071  0.030
-0.165  0.049  0.008
-0.162  0.123  0.096
-0.170  0.070  0.016
-0.088  0.156  0.080
-0.069  0.132  0.058
-0.102  0.101  0.050
-0.113  0.082  0.035
-0.175  0.011 -0.055
-0.119  0.111  0.037
-0.155 -0.008 -0.085
-0.203 -0.027 -0.075
-0.251 -0.060 -0.085
-0.255 -0.086 -0.097
-0.229 -0.051 -0.066
-0.246 -0.103 -0.109
-0.264 -0.093 -0.085
-0.240 -0.001  0.003
-0.311 -0.146 -0.142
-0.249 -0.084 -0.091
-0.271 -0.109 -0.115
-0.303 -0.108 -0.094
-0.325 -0.116 -0.071
-0.240 -0.066 -0.049
-0.169  0.025  0.023
-0.127  0.034  0.047
-0.108  0.121  0.126
-0.121  0.060  0.043
-0.068  0.126  0.094
-0.089  0.084  0.004
-0.039  0.105  0.013
-0.061  0.109  0.014
-0.109  0.066 -0.014
-0.132  0.114  0.066
-0.164  0.034 -0.000
-0.152  0.040  0.013
-0.180  0.024 -0.008
-0.156  0.005 -0.036
-0.149  0.058 -0.016
-0.116  0.056 -0.009
-0.105  0.081  0.012
-0.223  0.016 -0.007
-0.129  0.044  0.043
-0.169  0.058  0.041
-0.134  0.031  0.005
-0.074  0.062  0.011
-0.104  0.118  0.093
-0.127  0.012 -0.050
-0.111  0.052 -0.023
-0.101  0.022 -0.051
-0.086  0.034 -0.061
-0.039  0.075 -0.037
-0.053  0.052 -0.066
-0.110  0.036 -0.090
-0.204 -0.027 -0.071
-0.130 -0.011 -0.085
-0.108  0.041 -0.027
-0.177 -0.041 -0.068
-0.219 -0.046 -0.070
-0.220  0.043  0.040
-0.200 -0.045 -0.046
-0.183 -0.009 -0.021
-0.173 -0.019 -0.052
-0.199  0.019 -0.009
-0.162  0.015 -0.019
-0.194 -0.031 -0.059
-0.177  0.003 -0.046
-0.177 -0.003 -0.051
-0.173  0.043  0.006
-0.137  0.124  0.090
-0.155  0.023 -0.001
-0.053  0.109  0.043
-0.046  0.114  0.052
 0.018  0.117  0.089
-0.021  0.081  0.084
-0.044  0.041  0.024
-0.103  0.047  0.039
-0.115  0.051  0.060
 0.006  0.096  0.037
-0.004  0.140  0.096
-0.053  0.060  0.035
-0.019  0.110  0.041
-0.037  0.062 -0.005
 0.000  0.105  0.037
-0.031  0.071  0.015
-0.046  0.094  0.035
-0.116  0.015 -0.028
-0.117  0.033  0.010
-0.160 -0.031 -0.058
-0.116  0.038  0.000
-0.154 -0.054 -0.074
-0.156 -0.046 -0.090
-0.221 -0.093 -0.085
-0.139 -0.059 -0.105
-0.114  0.002 -0.027
-0.199 -0.094 -0.138
-0.208 -0.113 -0.141
-0.313 -0.159 -0.166
-0.299 -0.178 -0.200
-0.260 -0.070 -0.123
-0.217 -0.096 -0.173
-0.229 -0.101 -0.162
-0.193 -0.080 -0.155
-0.239 -0.140 -0.171
-0.245 -0.129 -0.154
-0.164 -0.064 -0.129
-0.052 -0.000 -0.088
-0.086  0.030 -0.054
-0.119 -0.008  0.018
-0.096 -0.022 -0.058
-0.105 -0.039 -0.066
-0.104 -0.055 -0.078
-0.030  0.055  0.022
-0.061 -0.021 -0.074
-0.026  0.018 -0.023
 0.049  0.164  0.132
 0.122  0.134  0.053
 0.128  0.166  0.071
 0.075  0.142  0.047
 0.098  0.210  0.123
 0.054  0.115  0.019
 0.059  0.132  0.019
 0.066  0.105 -0.010
 0.029  0.079 -0.067
 0.001  0.064 -0.056
-0.123 -0.023 -0.099
-0.155 -0.067 -0.118
-0.155  0.015 -0.039
-0.256 -0.057 -0.113
-0.244 -0.103 -0.164
-0.262 -0.045 -0.080
-0.321 -0.145 -0.184
-0.321 -0.135 -0.195
-0.303 -0.147 -0.215
-0.299 -0.131 -0.187
-0.386 -0.165 -0.183
-0.362 -0.172 -0.185
-0.322 -0.132 -0.132
-0.305 -0.119 -0.125
-0.250  0.006 -0.015
-0.299 -0.089 -0.102
-0.311 -0.086 -0.098
-0.370 -0.090 -0.063
-0.301 -0.076 -0.127
-0.222 -0.010 -0.063
-0.239 -0.032 -0.098
-0.232 -0.032 -0.093
-0.183  0.035 -0.036
-0.216 -0.000 -0.061
-0.246 -0.037 -0.077
-0.221 -0.005 -0.076
-0.223 -0.031 -0.122
-0.218 -0.008 -0.084
-0.310 -0.050 -0.076
-0.210 -0.017 -0.081
-0.206 -0.007 -0.085
-0.148  0.001 -0.090
-0.098  0.059 -0.059
-0.117  0.026 -0.067
-0.105  0.090  0.003
-0.125  0.034 -0.059
-0.109  0.102  0.018
-0.150  0.023 -0.070
-0.122  0.031 -0.064
-0.147  0.022 -0.057
-0.231 -0.068 -0.085
-0.237 -0.050 -0.088
-0.267 -0.115 -0.148
-0.239 -0.085 -0.116
-0.269 -0.079 -0.094
-0.265 -0.124 -0.160
-0.276 -0.110 -0.129
-0.286 -0.132 -0.148
-0.254 -0.050 -0.069
-0.224 -0.086 -0.098
-0.214 -0.017  0.018
-0.204 -0.037 -0.009
-0.254 -0.060 -0.012
-0.205 -0.004  0.053
-0.193 -0.023  0.048
-0.216  0.010  0.102
-0.208 -0.045 -0.024
-0.195 -0.026 -0.027
-0.201 -0.003  0.009
-0.225 -0.010  0.026
-0.148  0.084  0.131
-0.100  0.073  0.096
-0.077  0.074  0.104
-0.092  0.069  0.102
-0.146  0.010  0.067
-0.249 -0.015  0.061
-0.329 -0.130 -0.060
-0.344 -0.118 -0.086
-0.227 -0.037 -0.056
-0.122  0.023 -0.055
-0.108  0.043 -0.047
-0.066  0.060 -0.061
-0.031  0.102 -0.035
-0.091  0.022 -0.115
-0.179 -0.024 -0.155
-0.165 -0.034 -0.164
-0.169 -0.065 -0.163
-0.146  0.004 -0.088
-0.155 -0.002 -0.093
-0.083  0.118  0.056
-0.081  0.061 -0.008
-0.115  0.043 -0.022
-0.182  0.012  0.017
-0.171  0.002 -0.023
-0.142  0.027  0.001
-0.157 -0.010 -0.035
-0.142  0.042  0.053
-0.211 -0.030 -0.028
-0.228  0.011  0.050
-0.224 -0.041 -0.006
-0.215 -0.047 -0.008
-0.282 -0.073 -0.031
-0.341 -0.136 -0.117
-0.332 -0.082 -0.035
-0.330 -0.111 -0.089
-0.313 -0.106 -0.083
-0.245 -0.015 -0.007
-0.216 -0.014 -0.002
-0.192  0.005  0.038
-0.169  0.035  0.062
-0.150  0.037  0.017
-0.110  0.074  0.033
-0.127  0.048  0.033
-0.097  0.071  0.046
-0.097  0.059  0.019
-0.088  0.070 -0.009
-0.096  0.060 -0.035
-0.225  0.033  0.029
-0.213 -0.003 -0.042
-0.177  0.026 -0.018
-0.177  0.007 -0.045
-0.109  0.117  0.062
-0.087  0.075 -0.032
-0.116  0.078  0.003
-0.127  0.108  0.044
-0.158  0.067 -0.003
-0.100  0.121  0.032
-0.095  0.097 -0.003
-0.097  0.157  0.085
-0.151  0.056 -0.017
-0.166  0.052  0.001
-0.153  0.034 -0.013
-0.128  0.059  0.002
-0.174  0.007 -0.038
-0.228 -0.011 -0.023
-0.215  0.061  0.050
-0.257 -0.027 -0.010
-0.214  0.066  0.103
-0.236 -0.025  0.006
-0.241 -0.012  0.032
-0.290 -0.036 -0.004
-0.268 -0.010  0.020
-0.286 -0.038 -0.017
-0.229  0.009  0.018
-0.250 -0.015 -0.010
-0.256  0.029  0.049
-0.280 -0.044 -0.024
-0.259  0.001  0.016
-0.255 -0.039 -0.058
-0.196 -0.003 -0.035
-0.227 -0.005 -0.010
-0.219 -0.001 -0.017
-0.212  0.012  0.007
-0.219 -0.016 -0.029
-0.165  0.052  0.029
-0.212 -0.002 -0.039
-0.219  0.022 -0.007
-0.238 -0.024 -0.046
-0.212 -0.004 -0.033
-0.108  0.129  0.055
-0.152  0.006 -0.074
-0.144  0.023 -0.041
-0.195 -0.007 -0.059
-0.194  0.018 -0.032
-0.225 -0.026 -0.076
-0.150  0.073  0.020
-0.197 -0.004 -0.068
-0.230 -0.022 -0.076
-0.284 -0.040 -0.058
-0.193 -0.007 -0.066
-0.157  0.032 -0.038
-0.160  0.004 -0.049
-0.194  0.024  0.003
-0.238 -0.029 -0.056
-0.282 -0.047 -0.067
-0.266 -0.028 -0.034
-0.264 -0.030 -0.023
-0.248 -0.015 -0.010
-0.267 -0.028 -0.028
-0.225 -0.004 -0.018
-0.207  0.050  0.022
-0.261 -0.004  0.007
-0.251  0.007 -0.000
-0.230  0.073  0.057
-0.225  0.030  0.001
-0.165  0.070  0.033
-0.223  0.031  0.017
-0.208  0.021 -0.003
-0.246  0.021 -0.013
-0.259 -0.010 -0.053
-0.214  0.072  0.034
-0.153  0.037 -0.029
-0.084  0.090  0.013
-0.129  0.088  0.010
-0.135  0.078  0.002
-0.076  0.188  0.078
-0.071  0.118 -0.005
-0.082  0.128  0.047
-0.082  0.164  0.079
-0.095  0.153  0.053
-0.024  0.212  0.026
-0.089  0.184  0.045
-0.063  0.170 -0.012
-0.049  0.206  0.029
-0.039  0.171 -0.017
-0.049  0.186 -0.019
-0.079  0.148 -0.020
-0.055  0.145 -0.044
-0.080  0.181  0.031
-0.153  0.073 -0.055
-0.118  0.086 -0.007
-0.117  0.080 -0.006
-0.095  0.073 -0.019
-0.147  0.113  0.043
-0.177  0.012 -0.041
-0.176  0.018 -0.009
-0.165  0.027  0.011
-0.131  0.032  0.008
-0.137  0.091  0.055
-0.179  0.015 -0.008
-0.192  0.016 -0.007
-0.202  0.042  0.058
-0.126  0.042  0.003
-0.108  0.093  0.045
-0.143  0.031  0.019
-0.148  0.031  0.020
-0.088  0.064  0.038
-0.063  0.068  0.052
-0.068  0.091  0.083
-0.147  0.023  0.021
-0.186  0.037  0.034
-0.184 -0.016 -0.034
-0.110  0.028  0.010
-0.117  0.053  0.044
-0.171 -0.005 -0.028
-0.154  0.027 -0.024
-0.105  0.075  0.017
-0.110  0.046  0.015
-0.069  0.088  0.050
-0.071  0.103  0.059
-0.095  0.060  0.052
-0.067  0.145  0.152
-0.089  0.057  0.030
-0.043  0.141  0.118
-0.073  0.043  0.014
-0.082  0.058  0.050
-0.140 -0.004 -0.009
-0.103  0.031 -0.004
-0.100  0.011 -0.026
-0.065  0.026 -0.009
-0.111  0.021 -0.025
-0.134 -0.015 -0.081
-0.101  0.025 -0.053
-0.148 -0.054 -0.129
-0.113 -0.031 -0.111
-0.130 -0.040 -0.091
-0.154 -0.057 -0.097
-0.141  0.039  0.018
-0.148 -0.020 -0.065
-0.118  0.009 -0.044
-0.142  0.005 -0.031
-0.096  0.032 -0.053
-0.118  0.059  0.024
-0.210 -0.034 -0.049
-0.248 -0.033 -0.031
-0.238 -0.063 -0.103
-0.213 -0.039 -0.129
-0.296 -0.073 -0.085
-0.252 -0.057 -0.085
-0.204 -0.014 -0.029
-0.223 -0.042 -0.064
-0.265 -0.027 -0.070
-0.204 -0.044 -0.073
-0.220 -0.022 -0.036
-0.255 -0.035 -0.042
-0.176  0.008  0.001
-0.131  0.074  0.069
-0.175 -0.046 -0.026
-0.275 -0.103 -0.106
-0.308 -0.138 -0.119
-0.267 -0.122 -0.151
-0.170 -0.022 -0.066
-0.235 -0.121 -0.169
-0.277 -0.177 -0.225
-0.325 -0.204 -0.252
-0.330 -0.219 -0.264
-0.302 -0.146 -0.196
-0.363 -0.249 -0.308
-0.351 -0.228 -0.267
-0.376 -0.214 -0.222
-0.365 -0.193 -0.185
-0.288 -0.099 -0.087
-0.288 -0.129 -0.100
-0.313 -0.131 -0.083
-0.365 -0.114 -0.025
-0.313 -0.114 -0.088
-0.234 -0.031 -0.014
-0.294 -0.104 -0.054
-0.330 -0.137 -0.092
-0.334 -0.129 -0.095
-0.412 -0.199 -0.172
-0.420 -0.201 -0.158
-0.368 -0.159 -0.107
-0.392 -0.184 -0.103
-0.445 -0.204 -0.097
-0.456 -0.155 -0.027
-0.418 -0.148 -0.011
-0.355 -0.092  0.022
-0.413 -0.091  0.059
-0.313 -0.042  0.055
-0.318 -0.016  0.054
-0.347 -0.070 -0.029
-0.317 -0.006  0.040
-0.346 -0.090 -0.068
-0.318 -0.059 -0.029
-0.364 -0.065 -0.024
-0.358 -0.077 -0.020
-0.351 -0.012  0.061
-0.311 -0.058 -0.024
-0.270 -0.028 -0.004
-0.251  0.010  0.003
-0.253  0.004 -0.016
-0.238  0.051  0.041
-0.204  0.103  0.091
-0.263 -0.010 -0.041
-0.261  0.026  0.043
-0.329 -0.052 -0.039
-0.317 -0.049 -0.015
-0.359 -0.067 -0.002
-0.302 -0.066 -0.084
-0.283 -0.007 -0.015
-0.367 -0.101 -0.097
-0.382 -0.102 -0.104
-0.312 -0.061 -0.065
-0.316 -0.079 -0.115
-0.282 -0.032 -0.094
-0.394 -0.108 -0.143
-0.322 -0.074 -0.124
-0.302 -0.006 -0.011
-0.408 -0.103 -0.078
-0.328 -0.067 -0.060
-0.292 -0.009 -0.027
-0.330 -0.056 -0.081
-0.331 -0.069 -0.098
-0.353 -0.003  0.006
-0.379 -0.090 -0.071
-0.363 -0.064 -0.058
-0.337  0.034  0.031
-0.343 -0.061 -0.051
-0.343 -0.026 -0.042
-0.362 -0.064 -0.084
-0.306  0.026  0.010
-0.348 -0.041 -0.116
-0.281  0.003 -0.092
-0.292  0.012 -0.083
-0.304  0.008 -0.074
-0.275  0.100  0.041
-0.314 -0.001 -0.088
-0.247  0.033 -0.070
-0.224  0.053 -0.073
-0.270  0.020 -0.106
-0.254  0.061 -0.050
-0.252  0.042 -0.073
-0.218  0.076 -0.024
-0.265  0.054 -0.027
-0.237  0.064 -0.048
-0.216  0.114  0.050
-0.303  0.040 -0.016
-0.288  0.110  0.060
-0.254  0.035 -0.029
-0.266  0.053 -0.017
-0.313 -0.032 -0.114
-0.357 -0.049 -0.116
-0.393 -0.054 -0.113
-0.394 -0.075 -0.123
-0.331 -0.019 -0.090
-0.299 -0.017 -0.104
-0.314  0.009 -0.063
-0.310  0.059 -0.029
-0.342 -0.022 -0.036
-0.303  0.005 -0.032
-0.294  0.004 -0.065
-0.309  0.066  0.041
-0.382 -0.049 -0.065
-0.378 -0.034 -0.041
-0.360 -0.044 -0.072
-0.343 -0.022 -0.101
-0.386 -0.021 -0.052
-0.395 -0.051 -0.093
-0.384 -0.035 -0.067
-0.387 -0.046 -0.066
-0.314  0.027 -0.019
-0.288  0.019 -0.040
-0.248  0.078  0.021
-0.306  0.008 -0.054
-0.330 -0.010 -0.029
-0.348  0.007 -0.009
-0.326  0.023  0.008
-0.300  0.075  0.074
-0.333  0.011  0.007
-0.328  0.007 -0.014
-0.327  0.014 -0.023
-0.341 -0.021 -0.071
-0.338 -0.007 -0.051
-0.341 -0.012 -0.057
-0.357 -0.059 -0.111
-0.382 -0.018 -0.045
-0.462 -0.124 -0.144
-0.422 -0.097 -0.106
-0.350  0.019 -0.017
-0.383 -0.114 -0.154
-0.396 -0.098 -0.131
-0.448 -0.122 -0.139
-0.399 -0.049 -0.054
-0.425 -0.109 -0.107
-0.421 -0.092 -0.085
-0.437 -0.036  0.025
-0.391 -0.057 -0.045
-0.366 -0.011  0.007
-0.393 -0.033 -0.008
-0.452  0.009  0.069
-0.431 -0.044 -0.020
-0.422 -0.010 -0.018
-0.466 -0.018 -0.020
-0.413  0.002 -0.024
-0.388  0.022 -0.038
-0.415 -0.020 -0.082
-0.351  0.025 -0.003
-0.375 -0.048 -0.055
-0.348  0.001 -0.019
-0.353  0.044  0.074
-0.258  0.079  0.012
-0.245  0.110  0.071
-0.269  0.080  0.014
-0.226  0.174  0.098
-0.219  0.107 -0.025
-0.242  0.105 -0.014
-0.335  0.032 -0.050
-0.383  0.025 -0.042
-0.329  0.085  0.025
-0.341  0.053  0.001
-0.338  0.041 -0.002
-0.304  0.065  0.001
-0.337  0.042  0.001
-0.370  0.043 -0.003
-0.352  0.050  0.003
-0.329  0.069 -0.015
-0.210  0.111 -0.015
-0.209  0.132 -0.013
-0.201  0.112 -0.013
-0.193  0.125  0.030
-0.263  0.063 -0.030
-0.272  0.061 -0.029
-0.278  0.015 -0.050
-0.275  0.009 -0.062
-0.267  0.094  0.034
-0.369 -0.005 -0.070
-0.364  0.052  0.017
-0.287  0.041 -0.039
-0.329  0.048  0.016
-0.307  0.060  0.018
-0.283  0.105  0.072
-0.320  0.072  0.052
-0.287  0.127  0.085
-0.318  0.078  0.017
-0.310  0.151  0.090
-0.351  0.060 -0.032
-0.346  0.085 -0.001
-0.313  0.074  0.010
-0.318  0.082  0.008
-0.298  0.090  0.013
-0.297  0.085  0.010
-0.276  0.180  0.117
-0.316  0.075  0.018
-0.313  0.154  0.125
-0.289  0.078  0.022
-0.283  0.145  0.111
-0.271  0.076 -0.025
-0.300  0.067  0.012
-0.386  0.006 -0.033
-0.403  0.026 -0.044
-0.382  0.032 -0.050
-0.274  0.136  0.015
-0.240  0.120  0.004
-0.262  0.140  0.048
-0.309  0.074 -0.021
-0.264  0.102  0.000
-0.300  0.127  0.055
-0.291  0.080 -0.018
-0.309  0.068  0.012
-0.313  0.046 -0.012
-0.302  0.078  0.053
-0.329 -0.002 -0.007
-0.330  0.005 -0.013
-0.328  0.007  0.009
-0.346 -0.002  0.005
-0.333  0.021  0.048
-0.402 -0.046 -0.012
-0.396  0.001 -0.009
-0.264  0.048  0.011
-0.271  0.026 -0.003
-0.440 -0.056 -0.008
-0.396 -0.054 -0.049
-0.332  0.038  0.003
-0.293  0.022 -0.012
-0.221  0.166  0.127
-0.306  0.030 -0.010
-0.200  0.152  0.102
-0.246  0.080  0.030
-0.225  0.092  0.045
-0.194  0.115  0.064
-0.242  0.087  0.069
-0.288  0.043  0.004
-0.254  0.077  0.058
-0.270  0.043  0.007
-0.192  0.089  0.043
-0.283  0.061  0.056
-0.212  0.096  0.027
-0.167  0.161  0.090
-0.226  0.089  0.010
-0.179  0.112  0.046
-0.204  0.103  0.032
-0.195  0.082  0.001
-0.214  0.068  0.013
-0.218  0.061 -0.006
-0.296  0.041  0.023
-0.243  0.059  0.010
-0.254  0.050 -0.007
-0.250  0.033 -0.014
-0.193  0.144  0.104
-0.249  0.014 -0.005
-0.284 -0.016 -0.018
-0.227  0.007 -0.032
-0.225 -0.013 -0.030
-0.234 -0.011 -0.044
-0.233 -0.028 -0.044
-0.217 -0.008 -0.012
-0.284  0.031  0.049
-0.257 -0.029 -0.016
-0.233 -0.012  0.004
-0.258 -0.046 -0.031
-0.261  0.016  0.073
-0.336 -0.083 -0.016
-0.347 -0.080 -0.009
-0.373 -0.039  0.073
-0.330 -0.062 -0.023
-0.236  0.031  0.044
-0.296 -0.031 -0.010
-0.306 -0.018  0.008
-0.307 -0.029  0.003
-0.309 -0.027  0.002
-0.283  0.003  0.019
-0.273  0.003  0.009
-0.273  0.049  0.053
-0.276 -0.014 -0.006
-0.280  0.058  0.064
-0.248  0.016  0.020
-0.245  0.089  0.099
-0.273 -0.008 -0.018
-0.217  0.092  0.058
-0.224  0.013 -0.041
-0.214  0.037 -0.036
-0.132  0.164  0.072
-0.195  0.059 -0.023
-0.225  0.046 -0.019
-0.181  0.057 -0.045
-0.183  0.063 -0.027
-0.212  0.020 -0.051
-0.223  0.020 -0.044
-0.285 -0.048 -0.092
-0.297 -0.003 -0.045
-0.319 -0.077 -0.145
-0.287 -0.076 -0.113
-0.240 -0.036 -0.060
-0.279 -0.070 -0.097
-0.288 -0.007  0.001
-0.335 -0.090 -0.083
-0.291 -0.027 -0.003
-0.306 -0.061 -0.021
-0.308 -0.042 -0.014
-0.257 -0.019 -0.002
-0.276 -0.000 -0.005
-0.275 -0.012  0.002
-0.208  0.047  0.070
-0.262 -0.012  0.015
-0.281  0.038  0.058
-0.311 -0.046 -0.068
-0.323 -0.031 -0.068
-0.283 -0.013 -0.028
-0.307 -0.043 -0.047
-0.262  0.025  0.018
-0.242  0.018 -0.023
-0.255  0.043 -0.012
-0.264 -0.014 -0.062
-0.246  0.004 -0.045
-0.255 -0.002 -0.054
-0.249  0.018 -0.058
-0.257  0.011 -0.075
-0.192  0.055 -0.030
-0.190  0.050 -0.043
-0.242  0.032 -0.034
-0.269  0.019 -0.007
-0.276 -0.006 -0.067
-0.248  0.008 -0.061
-0.232 -0.014 -0.089
-0.215  0.075  0.018
-0.205  0.007 -0.032
-0.238  0.019 -0.016
-0.261 -0.007 -0.026
-0.202  0.043  0.039
-0.208  0.010  0.017
-0.196  0.080  0.078
-0.214 -0.017 -0.045
-0.224  0.035  0.020
-0.267 -0.060 -0.078
-0.265 -0.049 -0.075
-0.246 -0.031 -0.057
-0.218 -0.021 -0.056
-0.240  0.043  0.031
-0.156  0.004 -0.001
-0.085  0.041  0.106
-0.069  0.072  0.137
-0.108  0.044  0.083
-0.173 -0.032 -0.026
-0.282 -0.088 -0.163
-0.299 -0.071 -0.167
-0.267  0.026 -0.038
-0.338 -0.083 -0.138
-0.286  0.026  0.003
-0.341 -0.059 -0.096
-0.318 -0.017 -0.069
-0.285 -0.016 -0.065
-0.323 -0.027 -0.066
-0.247 -0.009 -0.105
-0.245 -0.004 -0.063
-0.288 -0.056 -0.123
-0.278 -0.055 -0.129
-0.307 -0.088 -0.153
-0.293 -0.060 -0.119
-0.288 -0.062 -0.131
-0.185  0.035 -0.047
-0.182  0.025 -0.057
-0.190  0.053 -0.033
-0.223  0.013 -0.066
-0.152  0.151  0.065
-0.167  0.033 -0.050
-0.241 -0.005 -0.083
-0.235  0.003 -0.082
-0.274 -0.030 -0.108
-0.227  0.057  0.021
-0.283 -0.046 -0.113
-0.230 -0.013 -0.052
-0.245 -0.052 -0.089
-0.291 -0.066 -0.106
-0.315 -0.102 -0.123
-0.317 -0.093 -0.087
-0.310 -0.083 -0.093
-0.333 -0.071 -0.044
-0.265 -0.046 -0.083
-0.240 -0.014 -0.052
-0.191  0.011 -0.041
-0.222  0.012 -0.063
-0.231 -0.004 -0.083
-0.194  0.030 -0.052
-0.133  0.047 -0.034
-0.166  0.034 -0.010
-0.224 -0.000 -0.039
-0.174  0.039  0.008
-0.179  0.006 -0.020
-0.148  0.056  0.014
-0.137  0.036 -0.032
-0.179  0.044  0.013
-0.228 -0.029 -0.056
-0.235 -0.022 -0.049
-0.205  0.021 -0.034
-0.165  0.012 -0.045
-0.177  0.016 -0.045
-0.138  0.025 -0.043
-0.124  0.097  0.063
-0.155  0.016 -0.033
-0.150  0.037 -0.034
-0.123  0.049 -0.032
-0.180  0.026 -0.050
-0.217  0.052  0.025
-0.219 -0.009 -0.089
-0.204 -0.011 -0.079
-0.178  0.016 -0.063
-0.160  0.013 -0.062
-0.145  0.048 -0.002
-0.179 -0.002 -0.033
-0.205 -0.007 -0.040
-0.246 -0.041 -0.082
-0.173  0.002 -0.032
-0.215 -0.032 -0.105
-0.156 -0.003 -0.046
-0.187 -0.006 -0.035
-0.197 -0.029 -0.033
-0.138  0.021  0.047
-0.183 -0.020 -0.007
-0.229  0.019  0.056
-0.186 -0.015 -0.012
-0.135  0.023  0.001
-0.082  0.169  0.138
-0.132  0.056 -0.007
-0.149  0.121  0.076
-0.138  0.045 -0.070
-0.142  0.051 -0.075
-0.111  0.069 -0.054
-0.135  0.040 -0.096
-0.113  0.058 -0.039
-0.113  0.109  0.019
-0.172  0.040 -0.039
-0.094  0.083  0.027
-0.075  0.083  0.012
-0.001  0.145  0.053
 0.003  0.116  0.024
-0.040  0.152  0.092
-0.171  0.012 -0.072
-0.146  0.064  0.014
-0.161 -0.001 -0.055
-0.074  0.068  0.016
-0.119 -0.005 -0.070
-0.152  0.036  0.051
-0.210 -0.068 -0.064
-0.210 -0.065 -0.068
-0.191 -0.092 -0.093
-0.158 -0.086 -0.104
-0.139  0.024  0.002
-0.161 -0.087 -0.115
-0.211 -0.120 -0.166
-0.194 -0.109 -0.136
-0.143 -0.085 -0.096
-0.107 -0.014  0.032
-0.146 -0.066 -0.002
-0.163  0.012  0.049
-0.165 -0.056 -0.043
-0.157  0.028  0.043
-0.131 -0.017 -0.035
-0.113  0.030  0.005
-0.172 -0.041 -0.059
-0.204 -0.049 -0.020
-0.202  0.044  0.102
-0.241 -0.064 -0.013
-0.168  0.054  0.082
-0.192 -0.054 -0.025
-0.168 -0.014 -0.011
-0.203 -0.056 -0.061
-0.225 -0.061 -0.076
-0.180 -0.056 -0.058
-0.114  0.046  0.052
-0.173 -0.031 -0.062
-0.144 -0.006  0.004
-0.176 -0.013  0.025
-0.155 -0.008  0.005
-0.128  0.032  0.040
-0.136  0.006 -0.024
-0.071  0.113  0.104
-0.127  0.005 -0.015
-0.138  0.012 -0.018
-0.157 -0.011 -0.060
-0.077  0.039 -0.003
-0.068  0.033 -0.013
-0.097  0.023 -0.038
-0.144 -0.013 -0.050
-0.188 -0.039 -0.046
-0.169 -0.040 -0.016
-0.188 -0.037 -0.011
-0.090  0.097  0.123
-0.155 -0.058 -0.044
-0.145 -0.039  0.002
-0.234 -0.105 -0.034
-0.263 -0.069  0.031
-0.264 -0.140 -0.028
-0.270 -0.112 -0.015
-0.192 -0.057 -0.025
-0.255 -0.129 -0.114
-0.219 -0.087 -0.036
-0.258 -0.099 -0.036
-0.198 -0.041  0.051
-0.213 -0.062  0.006
-0.152  0.004  0.059
-0.167 -0.038 -0.017
-0.194 -0.011  0.049
-0.225 -0.086 -0.050
-0.216 -0.076 -0.043
-0.239 -0.064 -0.005
-0.166 -0.045 -0.005
-0.168 -0.016  0.050
-0.286 -0.091  0.006
-0.276 -0.067  0.024
-0.323 -0.098  0.028
-0.244 -0.056  0.018
-0.222  0.026  0.094
-0.090  0.129  0.128
-0.131  0.007  0.010
-0.185  0.029  0.052
-0.240 -0.025 -0.002
-0.180  0.018  0.026
-0.131  0.015  0.010
-0.103  0.033 -0.000
