-0.231 -0.174  0.112
-0.243 -0.178  0.091
-0.286 -0.162  0.118
-0.226 -0.168  0.056
-0.183 -0.138  0.142
-0.220 -0.177  0.101
-0.264 -0.214  0.072
-0.164 -0.094  0.165
-0.248 -0.205  0.039
-0.293 -0.259 -0.042
-0.278 -0.270 -0.084
-0.309 -0.309 -0.114
-0.274 -0.264 -0.061
-0.312 -0.310 -0.105
-0.348 -0.345 -0.175
-0.414 -0.403 -0.278
-0.479 -0.433 -0.290
-0.425 -0.348 -0.224
-0.462 -0.418 -0.300
-0.404 -0.320 -0.216
-0.403 -0.313 -0.211
-0.408 -0.307 -0.186
-0.336 -0.235 -0.101
-0.338 -0.238 -0.094
-0.374 -0.253 -0.084
-0.305 -0.214 -0.079
-0.320 -0.217 -0.070
-0.333 -0.211 -0.073
-0.310 -0.210 -0.079
-0.330 -0.221 -0.080
-0.259 -0.132  0.001
-0.268 -0.172 -0.056
-0.201 -0.040  0.041
-0.241 -0.117 -0.049
-0.242 -0.110 -0.056
-0.252 -0.126 -0.058
-0.233 -0.098 -0.049
-0.223 -0.067 -0.021
-0.269 -0.123 -0.088
-0.244 -0.083 -0.065
-0.274 -0.125 -0.113
-0.290 -0.119 -0.082
-0.256 -0.117 -0.103
-0.258 -0.112 -0.092
-0.237 -0.025 -0.010
-0.266 -0.094 -0.094
-0.234 -0.053 -0.062
-0.224 -0.078 -0.057
-0.185 -0.031 -0.017
-0.196 -0.046 -0.029
-0.184 -0.032 -0.063
-0.191 -0.046 -0.106
-0.204 -0.074 -0.132
-0.150  0.022 -0.028
-0.165 -0.010 -0.060
-0.166  0.003 -0.043
-0.147 -0.010 -0.067
-0.191  0.066  0.028
-0.164 -0.011 -0.078
-0.159 -0.009 -0.056
-0.145 -0.022 -0.061
-0.148  0.003 -0.019
-0.151 -0.006 -0.016
-0.101  0.082  0.054
-0.145  0.001 -0.035
-0.134  0.027  0.003
-0.192  0.020  0.049
-0.134  0.028 -0.006
-0.125  0.069  0.035
-0.145  0.046  0.008
-0.118  0.123  0.082
-0.123  0.078  0.039
-0.151  0.079  0.071
-0.115  0.097  0.068
-0.165  0.121  0.147
-0.115  0.082  0.045
-0.133  0.065  0.043
-0.165  0.010 -0.000
-0.119  0.080  0.053
-0.125  0.073  0.031
-0.086  0.124  0.070
-0.109  0.067  0.009
-0.085  0.107  0.044
-0.095  0.073  0.022
-0.105  0.077  0.032
-0.103  0.039 -0.022
-0.125  0.044 -0.008
-0.126  0.035 -0.030
-0.158  0.012 -0.025
-0.144  0.004 -0.020
-0.121  0.060  0.035
-0.141  0.029 -0.012
-0.125  0.072  0.022
-0.169  0.008 -0.071
-0.122  0.085  0.006
-0.135  0.039 -0.042
-0.119  0.115  0.038
-0.152  0.028 -0.067
-0.168  0.018 -0.091
-0.171  0.003 -0.137
-0.289 -0.060 -0.130
-0.191 -0.030 -0.159
-0.204 -0.029 -0.141
-0.136  0.035 -0.078
-0.165  0.062 -0.054
-0.295  0.179  0.040
-0.128  0.068 -0.063
-0.084  0.112  0.019
-0.083  0.057 -0.056
-0.036  0.078 -0.022
-0.019  0.037 -0.076
-0.002  0.062 -0.057
 0.026  0.086 -0.040
 0.041  0.124  0.015
 0.082  0.140  0.013
 0.063  0.129  0.011
 0.102  0.226  0.113
 0.036  0.113 -0.004
 0.069  0.143  0.012
 0.053  0.102 -0.023
 0.115  0.203  0.046
 0.050  0.106 -0.040
 0.032  0.097 -0.032
 0.038  0.135  0.011
 0.015  0.084 -0.026
 0.015  0.115  0.024
 0.028  0.112  0.019
 0.004  0.093  0.020
 0.029  0.126  0.041
 0.006  0.079  0.002
 0.011  0.085  0.010
 0.052  0.156  0.083
 0.013  0.078  0.014
-0.018  0.090  0.047
 0.017  0.077 -0.032
 0.013  0.069 -0.032
 0.008  0.068 -0.046
-0.008  0.044 -0.047
-0.003  0.058 -0.028
 0.003  0.049 -0.036
-0.024  0.037 -0.036
 0.001  0.059 -0.033
-0.010  0.036 -0.038
-0.015  0.030 -0.062
-0.024  0.007 -0.077
-0.016  0.112  0.041
 0.014  0.069 -0.041
-0.077  0.037 -0.007
 0.002  0.061 -0.045
-0.020  0.055 -0.043
 0.014  0.078 -0.023
-0.021  0.046 -0.047
 0.003  0.091 -0.006
-0.006  0.080 -0.041
-0.056  0.073  0.021
 0.023  0.092 -0.024
 0.002  0.074 -0.035
 0.003  0.095 -0.026
-0.003  0.077 -0.048
-0.026  0.124  0.025
-0.000  0.069 -0.083
 0.034  0.079 -0.099
 0.061  0.119 -0.056
 0.040  0.115 -0.055
 0.102  0.231  0.062
 0.068  0.117 -0.050
 0.122  0.180  0.026
 0.088  0.076 -0.076
 0.112  0.095 -0.051
 0.108  0.087 -0.059
 0.150  0.169  0.004
 0.097  0.090 -0.075
 0.143  0.187  0.020
 0.101  0.064 -0.100
 0.137  0.087 -0.075
 0.136  0.063 -0.090
 0.149  0.107 -0.033
 0.160  0.102 -0.053
 0.090  0.050 -0.068
 0.152  0.058 -0.081
 0.131  0.112  0.010
 0.125  0.010 -0.141
 0.119  0.100 -0.043
 0.121  0.006 -0.184
-0.029 -0.119 -0.255
-0.023 -0.137 -0.303
-0.066 -0.181 -0.338
-0.070 -0.161 -0.327
-0.091 -0.175 -0.321
-0.066 -0.150 -0.289
-0.083 -0.159 -0.275
-0.014 -0.059 -0.172
-0.057 -0.151 -0.268
-0.008 -0.076 -0.205
-0.003 -0.102 -0.217
 0.004 -0.069 -0.190
 0.015 -0.083 -0.200
-0.061 -0.108 -0.190
 0.046 -0.049 -0.165
 0.038 -0.050 -0.168
 0.085  0.010 -0.122
 0.071  0.002 -0.119
 0.059 -0.033 -0.170
 0.033 -0.069 -0.170
 0.074  0.004 -0.141
 0.058  0.009 -0.125
 0.084  0.014 -0.136
 0.057 -0.021 -0.143
 0.054 -0.024 -0.167
 0.061 -0.016 -0.138
 0.096  0.022 -0.117
 0.073 -0.013 -0.126
 0.085  0.002 -0.143
 0.083 -0.027 -0.165
 0.120  0.046 -0.095
 0.066 -0.030 -0.183
 0.111  0.069 -0.080
 0.063 -0.038 -0.186
 0.105  0.024 -0.113
 0.044 -0.054 -0.178
 0.099  0.018 -0.109
-0.018 -0.030 -0.099
 0.085  0.004 -0.120
 0.063  0.006 -0.123
 0.026 -0.030 -0.155
 0.032  0.014 -0.125
-0.027 -0.103 -0.231
 0.008 -0.040 -0.155
-0.013 -0.043 -0.147
-0.000 -0.008 -0.135
-0.044 -0.052 -0.171
-0.031 -0.009 -0.126
-0.054 -0.066 -0.171
-0.061 -0.057 -0.148
-0.047 -0.060 -0.162
-0.092 -0.120 -0.220
-0.044 -0.074 -0.205
 0.035  0.078 -0.053
-0.009 -0.059 -0.186
-0.014 -0.061 -0.196
 0.009  0.013 -0.107
-0.054 -0.098 -0.216
-0.030 -0.034 -0.163
-0.077 -0.092 -0.203
-0.019  0.001 -0.104
-0.053 -0.085 -0.184
-0.002  0.001 -0.102
-0.043 -0.069 -0.177
-0.012  0.010 -0.095
-0.004  0.038 -0.070
 0.069  0.160  0.042
 0.096  0.174  0.061
 0.090  0.264  0.189
 0.080  0.154  0.052
 0.016  0.112  0.017
 0.051  0.140  0.027
 0.039  0.126  0.024
 0.087  0.188  0.077
 0.061  0.130  0.018
 0.108  0.223  0.100
 0.107  0.175  0.031
 0.137  0.268  0.135
 0.084  0.159  0.019
 0.117  0.244  0.111
 0.057  0.137 -0.011
 0.101  0.233  0.105
 0.077  0.143  0.005
 0.098  0.212  0.057
 0.041  0.103 -0.046
 0.044  0.153 -0.012
-0.022  0.026 -0.164
-0.083 -0.039 -0.206
-0.066 -0.091 -0.279
-0.101 -0.136 -0.283
-0.073 -0.094 -0.242
-0.085 -0.078 -0.219
-0.017  0.063 -0.086
-0.070 -0.031 -0.182
-0.040  0.024 -0.134
-0.086 -0.059 -0.206
-0.059 -0.042 -0.195
-0.054 -0.067 -0.225
-0.045 -0.048 -0.209
-0.014 -0.002 -0.178
-0.053 -0.059 -0.210
-0.014  0.013 -0.149
-0.073 -0.072 -0.230
-0.075 -0.046 -0.199
-0.101 -0.052 -0.202
-0.058  0.019 -0.114
-0.059  0.001 -0.140
 0.002  0.128 -0.017
-0.073 -0.012 -0.145
-0.105 -0.004 -0.147
-0.073  0.034 -0.111
-0.094  0.009 -0.131
-0.074  0.038 -0.109
-0.105  0.013 -0.153
-0.069  0.095 -0.074
-0.071  0.069 -0.115
-0.031  0.170 -0.005
-0.019  0.125 -0.071
-0.057  0.065 -0.101
-0.105  0.064 -0.023
-0.016  0.081 -0.075
-0.033  0.104 -0.052
-0.062  0.070 -0.097
-0.057  0.094 -0.069
-0.096 -0.000 -0.155
-0.106 -0.000 -0.159
-0.108  0.021 -0.132
-0.154 -0.038 -0.196
-0.193 -0.048 -0.207
-0.218 -0.086 -0.239
-0.232 -0.072 -0.211
-0.187  0.020 -0.137
-0.231 -0.086 -0.230
-0.228 -0.088 -0.239
-0.211 -0.074 -0.261
-0.227 -0.098 -0.282
-0.176 -0.032 -0.211
-0.213 -0.104 -0.269
-0.180 -0.057 -0.224
-0.198 -0.086 -0.251
-0.159 -0.012 -0.174
-0.147 -0.006 -0.171
-0.136  0.006 -0.137
-0.146 -0.036 -0.174
-0.126 -0.011 -0.159
-0.144 -0.040 -0.166
-0.099  0.037 -0.096
-0.105 -0.009 -0.126
-0.089  0.039 -0.048
-0.106 -0.039 -0.120
-0.055  0.037 -0.041
-0.124 -0.066 -0.128
-0.076  0.023 -0.021
-0.115 -0.059 -0.116
-0.097 -0.055 -0.134
-0.100 -0.063 -0.119
-0.039  0.004 -0.052
-0.076 -0.008 -0.052
-0.086 -0.003 -0.058
-0.089 -0.016 -0.057
-0.096 -0.029 -0.094
-0.097 -0.023 -0.058
-0.068  0.007 -0.044
-0.079 -0.001 -0.052
-0.069  0.002 -0.065
-0.071 -0.026 -0.078
-0.035 -0.008 -0.069
-0.056  0.059  0.021
-0.067 -0.023 -0.091
-0.086 -0.020 -0.069
-0.064 -0.025 -0.077
-0.034  0.015 -0.034
-0.073 -0.054 -0.081
-0.016  0.069  0.042
-0.056 -0.031 -0.074
-0.061 -0.023 -0.086
-0.054 -0.026 -0.087
-0.018  0.006 -0.064
-0.045 -0.012 -0.064
-0.016  0.026 -0.047
-0.092  0.018  0.021
-0.023  0.004 -0.047
-0.078 -0.010 -0.020
-0.032  0.013 -0.040
-0.058  0.023 -0.060
-0.045  0.000 -0.093
-0.052  0.016 -0.067
-0.052 -0.003 -0.086
 0.005  0.094  0.008
-0.042  0.005 -0.096
-0.067 -0.040 -0.160
-0.041  0.067 -0.040
-0.086 -0.054 -0.167
-0.089 -0.022 -0.134
-0.101 -0.040 -0.158
-0.057  0.027 -0.101
-0.079 -0.029 -0.157
-0.052  0.021 -0.116
-0.084 -0.027 -0.165
-0.009  0.081 -0.113
 0.068  0.220  0.031
 0.006  0.051 -0.129
-0.073  0.014 -0.102
-0.008  0.039 -0.133
-0.006  0.069 -0.097
-0.022  0.032 -0.114
-0.026  0.040 -0.078
-0.075 -0.045 -0.142
-0.054 -0.029 -0.144
-0.069 -0.040 -0.159
-0.070 -0.018 -0.149
-0.107 -0.030 -0.130
-0.076 -0.034 -0.157
-0.072 -0.016 -0.139
-0.060  0.001 -0.146
-0.061  0.044 -0.106
-0.057  0.040 -0.097
-0.028  0.078 -0.069
-0.073  0.017 -0.118
-0.028  0.085 -0.071
-0.074  0.051 -0.125
-0.027  0.128 -0.069
-0.024  0.088 -0.100
 0.029  0.190 -0.008
 0.020  0.133 -0.074
 0.056  0.183 -0.059
-0.010  0.194  0.010
 0.003  0.117 -0.071
-0.005  0.126 -0.038
-0.041  0.086 -0.076
-0.007  0.157 -0.028
-0.045  0.113 -0.052
-0.031  0.193  0.053
-0.090  0.076 -0.052
-0.079  0.076 -0.065
-0.169  0.040 -0.052
-0.097  0.063 -0.114
-0.105  0.066 -0.092
-0.131  0.004 -0.160
-0.115  0.032 -0.109
-0.135  0.001 -0.128
-0.129  0.020 -0.119
-0.170 -0.038 -0.162
-0.128  0.024 -0.105
-0.149 -0.030 -0.151
-0.104 -0.007 -0.094
-0.057  0.024 -0.100
-0.066  0.021 -0.115
-0.046  0.057 -0.121
-0.053  0.065 -0.095
-0.026  0.118 -0.039
-0.090  0.041 -0.103
-0.060  0.112 -0.035
-0.100  0.036 -0.104
-0.087  0.061 -0.062
 0.121  0.148 -0.099
-0.133 -0.012 -0.117
-0.117  0.011 -0.098
-0.045  0.110 -0.022
-0.122  0.026 -0.105
-0.101  0.035 -0.094
-0.128  0.005 -0.107
-0.096  0.030 -0.094
-0.111  0.009 -0.097
-0.104 -0.005 -0.093
-0.125 -0.031 -0.130
-0.137 -0.029 -0.138
-0.091  0.044 -0.082
-0.131 -0.005 -0.125
-0.114  0.019 -0.106
-0.129 -0.010 -0.142
-0.130 -0.001 -0.101
-0.119 -0.003 -0.109
-0.150 -0.026 -0.120
-0.084  0.079 -0.025
-0.135 -0.004 -0.111
-0.111  0.025 -0.093
-0.133 -0.035 -0.147
-0.130 -0.029 -0.144
-0.125 -0.040 -0.176
-0.132 -0.040 -0.169
-0.095  0.002 -0.147
-0.095  0.013 -0.125
-0.056  0.060 -0.072
-0.093 -0.018 -0.141
-0.051  0.034 -0.103
-0.060  0.005 -0.128
-0.042  0.102 -0.033
-0.083  0.006 -0.130
-0.069  0.006 -0.125
-0.090 -0.011 -0.136
-0.023  0.082 -0.069
-0.098 -0.011 -0.116
-0.090 -0.007 -0.115
-0.043  0.077 -0.013
-0.103 -0.025 -0.117
-0.050  0.037 -0.109
-0.147 -0.046 -0.110
-0.042  0.023 -0.118
-0.016  0.045 -0.055
-0.029  0.022 -0.093
-0.005  0.051 -0.077
 0.006  0.073 -0.049
-0.028  0.011 -0.102
-0.016  0.045 -0.082
-0.015  0.044 -0.067
 0.003  0.039 -0.081
 0.027  0.069 -0.038
-0.004  0.042 -0.027
 0.009  0.043 -0.025
 0.038  0.129  0.072
 0.059  0.174  0.103
 0.006  0.031 -0.050
 0.012  0.062 -0.032
 0.009  0.057 -0.059
-0.002  0.066 -0.045
 0.009  0.077 -0.064
-0.055  0.071 -0.028
-0.003  0.093 -0.063
-0.063  0.050 -0.062
-0.047  0.038 -0.092
-0.019  0.086 -0.054
-0.020  0.073 -0.063
 0.049  0.184  0.058
 0.006  0.122  0.007
 0.137  0.322  0.179
 0.106  0.262  0.123
 0.073  0.137 -0.068
-0.016  0.054 -0.081
 0.054  0.168  0.075
 0.098  0.328  0.193
 0.035  0.201  0.046
 0.021  0.107 -0.061
-0.020  0.068 -0.075
-0.055 -0.015 -0.135
-0.058  0.001 -0.114
-0.070 -0.007 -0.121
-0.045  0.022 -0.095
-0.091 -0.049 -0.134
-0.052 -0.010 -0.108
-0.107  0.003 -0.090
-0.081  0.061 -0.054
-0.014  0.192  0.091
-0.017  0.165  0.091
 0.004  0.185  0.114
-0.035  0.133  0.100
-0.023  0.121  0.081
-0.028  0.058 -0.063
 0.049  0.125  0.012
 0.064  0.169  0.122
 0.078  0.193  0.166
 0.047  0.137  0.133
 0.047  0.141  0.119
-0.036  0.069  0.061
-0.061  0.028  0.041
-0.076  0.019  0.067
-0.052  0.020  0.046
-0.013  0.094  0.089
-0.061  0.015  0.003
-0.018  0.076  0.059
-0.070 -0.007 -0.005
-0.021  0.050  0.058
-0.080 -0.033 -0.007
-0.130 -0.042  0.027
-0.084 -0.023  0.006
-0.032  0.053  0.072
-0.401 -0.133  0.104
-0.084 -0.062 -0.028
-0.108 -0.068 -0.033
-0.135 -0.021  0.036
-0.088 -0.057 -0.051
-0.088 -0.047 -0.044
-0.085 -0.061 -0.066
-0.021  0.057  0.018
-0.078 -0.020 -0.036
-0.074 -0.008  0.003
-0.118 -0.084 -0.046
-0.050  0.029  0.058
-0.075 -0.078 -0.048
-0.089 -0.091 -0.052
-0.050 -0.000  0.039
-0.105 -0.070 -0.038
-0.083 -0.029  0.006
-0.105 -0.079 -0.045
-0.138 -0.029  0.043
-0.082 -0.066 -0.036
-0.082 -0.050 -0.006
-0.056  0.005  0.038
-0.064 -0.043 -0.000
-0.031 -0.004  0.037
-0.086 -0.089 -0.052
-0.135 -0.132 -0.047
-0.100 -0.165 -0.121
-0.216 -0.228 -0.120
-0.185 -0.303 -0.247
-0.285 -0.312 -0.191
-0.183 -0.253 -0.191
-0.188 -0.250 -0.157
-0.165 -0.234 -0.159
-0.150 -0.192 -0.112
-0.140 -0.195 -0.124
-0.215 -0.215 -0.112
-0.148 -0.181 -0.151
-0.171 -0.181 -0.145
-0.139 -0.145 -0.115
-0.161 -0.165 -0.123
-0.123 -0.082 -0.060
-0.174 -0.161 -0.138
-0.145 -0.137 -0.118
-0.142 -0.151 -0.136
-0.164 -0.127 -0.098
-0.138 -0.106 -0.098
-0.152 -0.102 -0.081
-0.130 -0.113 -0.096
-0.121 -0.115 -0.093
-0.134 -0.099 -0.096
-0.171 -0.105 -0.105
-0.141 -0.052 -0.085
-0.172  0.000  0.013
-0.153 -0.073 -0.083
-0.149 -0.049 -0.055
-0.163 -0.095 -0.099
-0.166 -0.062 -0.082
-0.179 -0.077 -0.102
-0.155  0.006 -0.022
-0.158 -0.038 -0.065
-0.182 -0.040 -0.050
-0.171 -0.042 -0.069
-0.153 -0.004 -0.025
-0.152 -0.011 -0.044
-0.159 -0.028 -0.035
-0.133 -0.027 -0.039
-0.184 -0.079 -0.064
-0.160 -0.056 -0.036
-0.176 -0.046 -0.023
-0.202 -0.078 -0.069
-0.167 -0.013 -0.002
-0.168 -0.048 -0.028
-0.129 -0.004  0.014
-0.196 -0.115 -0.080
-0.143 -0.071 -0.060
-0.183 -0.084 -0.086
-0.180 -0.076 -0.096
-0.154 -0.085 -0.097
-0.149 -0.091 -0.101
-0.162 -0.102 -0.105
-0.132 -0.045 -0.054
-0.161 -0.099 -0.105
-0.130 -0.057 -0.068
-0.140 -0.097 -0.111
-0.194 -0.116 -0.097
-0.125 -0.109 -0.116
-0.115 -0.093 -0.103
-0.107 -0.081 -0.086
-0.064  0.014  0.003
-0.120 -0.106 -0.103
-0.167 -0.074 -0.031
-0.117 -0.105 -0.108
-0.134 -0.108 -0.121
-0.073 -0.055 -0.080
-0.100 -0.084 -0.104
-0.060 -0.054 -0.086
-0.105 -0.086 -0.106
-0.092 -0.058 -0.073
-0.105 -0.079 -0.096
-0.108 -0.063 -0.081
-0.116 -0.076 -0.086
-0.092 -0.053 -0.060
-0.081 -0.066 -0.073
-0.155 -0.073 -0.020
-0.080 -0.067 -0.086
-0.096 -0.084 -0.112
-0.044 -0.034 -0.073
-0.045 -0.047 -0.096
-0.051 -0.085 -0.125
-0.061 -0.100 -0.124
-0.034 -0.077 -0.082
-0.029 -0.032 -0.026
 0.017  0.039  0.040
-0.012 -0.020 -0.027
 0.026  0.041  0.026
-0.042 -0.057 -0.072
 0.023  0.027 -0.004
-0.018 -0.025 -0.057
-0.013  0.014 -0.028
 0.002  0.004 -0.037
 0.006  0.033 -0.016
 0.001  0.003 -0.046
 0.032  0.075 -0.004
-0.005  0.032 -0.056
 0.029  0.103  0.042
 0.040  0.045 -0.044
 0.112  0.172  0.074
 0.061  0.090 -0.013
 0.091  0.187  0.080
 0.009  0.049 -0.046
 0.028  0.103  0.008
-0.009  0.036 -0.047
-0.023  0.039 -0.026
-0.001  0.032 -0.064
-0.019  0.030 -0.071
 0.008  0.055 -0.057
-0.009  0.029 -0.077
 0.013  0.045 -0.064
-0.060 -0.003 -0.092
-0.018  0.046 -0.053
-0.072 -0.006 -0.079
-0.014  0.041 -0.044
-0.028  0.021 -0.036
 0.002  0.033 -0.020
-0.042 -0.027 -0.072
 0.011  0.054 -0.017
-0.042 -0.042 -0.119
 0.020  0.066 -0.013
-0.024 -0.029 -0.105
-0.002  0.033 -0.026
-0.075 -0.037 -0.107
-0.010  0.116  0.042
 0.013  0.157  0.056
 0.092  0.312  0.223
 0.006  0.154  0.082
-0.019  0.116  0.030
-0.089  0.013 -0.055
-0.092  0.003 -0.078
-0.097  0.011 -0.062
-0.086 -0.016 -0.096
-0.058  0.033 -0.041
-0.110 -0.022 -0.076
-0.079 -0.003 -0.063
-0.001  0.140  0.069
-0.062  0.029 -0.040
-0.101 -0.004 -0.049
-0.077  0.001 -0.041
-0.057  0.093  0.065
 0.014  0.117  0.016
-0.009  0.131  0.036
-0.080 -0.044 -0.136
-0.145 -0.071 -0.112
-0.086 -0.073 -0.154
-0.080 -0.051 -0.105
-0.085 -0.073 -0.128
-0.068 -0.035 -0.095
-0.074 -0.050 -0.111
-0.043  0.008 -0.057
-0.089 -0.061 -0.130
-0.028  0.033 -0.053
-0.072 -0.044 -0.122
-0.033  0.052 -0.013
-0.053 -0.027 -0.080
-0.009  0.033 -0.024
-0.034 -0.035 -0.073
-0.002  0.030 -0.018
-0.022 -0.020 -0.047
 0.006  0.080  0.047
-0.046 -0.013 -0.036
-0.001  0.082  0.061
-0.030  0.009 -0.012
-0.002  0.110  0.089
-0.047  0.029  0.011
-0.013  0.105  0.081
-0.051  0.027 -0.004
-0.019  0.092  0.052
-0.067  0.012 -0.018
-0.047  0.039  0.005
-0.036  0.048 -0.005
-0.068  0.088  0.078
 0.014  0.098  0.033
 0.063  0.185  0.084
 0.034  0.132  0.053
-0.033  0.061 -0.004
-0.017  0.065  0.003
-0.038  0.043 -0.016
-0.023  0.033 -0.039
 0.016  0.104  0.014
-0.035  0.009 -0.068
-0.110 -0.018 -0.052
-0.036  0.005 -0.075
-0.051 -0.001 -0.060
-0.080 -0.062 -0.111
-0.058 -0.033 -0.075
-0.068 -0.065 -0.116
-0.125 -0.045 -0.049
-0.056 -0.034 -0.085
-0.120 -0.063 -0.064
-0.051 -0.050 -0.098
-0.090 -0.072 -0.099
-0.042 -0.021 -0.077
 0.034  0.156  0.103
 0.033  0.129  0.089
 0.116  0.308  0.291
 0.026  0.087  0.092
-0.024  0.012  0.015
-0.019 -0.003 -0.026
-0.052 -0.033 -0.049
-0.017  0.006 -0.005
 0.016  0.037  0.062
 0.076  0.125  0.098
-0.026 -0.028 -0.047
-0.039 -0.070 -0.097
-0.072 -0.132 -0.142
-0.043 -0.089 -0.096
-0.043 -0.093 -0.087
 0.003 -0.051 -0.060
-0.014 -0.076 -0.078
 0.008 -0.048 -0.067
-0.013 -0.052 -0.061
 0.014 -0.016 -0.046
-0.018 -0.052 -0.060
-0.000 -0.057 -0.067
-0.017 -0.080 -0.084
-0.017 -0.072 -0.078
-0.024 -0.065 -0.071
-0.034 -0.090 -0.096
 0.004 -0.011 -0.026
-0.036 -0.082 -0.100
-0.022 -0.079 -0.096
-0.014 -0.087 -0.137
-0.051 -0.113 -0.168
 0.022  0.007 -0.047
-0.031 -0.078 -0.139
-0.012 -0.052 -0.115
-0.028 -0.114 -0.178
 0.004 -0.050 -0.121
 0.028 -0.042 -0.115
 0.101  0.109  0.026
 0.089  0.108  0.041
 0.085  0.078 -0.008
-0.065 -0.035 -0.046
 0.010 -0.027 -0.087
 0.014 -0.007 -0.036
 0.020 -0.015 -0.043
 0.052  0.050  0.029
 0.083  0.091  0.043
 0.055  0.066 -0.009
-0.050 -0.142 -0.225
-0.025 -0.103 -0.184
-0.068 -0.199 -0.278
-0.032 -0.078 -0.146
 0.086 -0.024 -0.160
-0.064 -0.150 -0.207
-0.045 -0.126 -0.190
-0.037 -0.119 -0.185
-0.066 -0.127 -0.185
-0.043 -0.114 -0.196
-0.004 -0.058 -0.136
-0.032 -0.112 -0.194
 0.026 -0.040 -0.130
 0.011 -0.077 -0.165
 0.041 -0.033 -0.153
 0.013 -0.067 -0.169
 0.031 -0.063 -0.169
 0.052  0.051 -0.047
 0.019 -0.068 -0.177
 0.001 -0.052 -0.150
-0.003 -0.067 -0.181
 0.020 -0.021 -0.132
 0.020 -0.025 -0.152
 0.020 -0.007 -0.135
 0.074  0.113 -0.031
 0.007  0.029 -0.124
 0.010  0.043 -0.101
-0.011 -0.026 -0.145
-0.088 -0.052 -0.112
-0.024 -0.073 -0.193
-0.061 -0.105 -0.214
-0.022 -0.061 -0.195
-0.063 -0.099 -0.212
-0.037 -0.017 -0.118
-0.086 -0.094 -0.182
-0.081 -0.085 -0.163
-0.060 -0.066 -0.140
-0.060 -0.062 -0.130
-0.035 -0.032 -0.103
-0.054 -0.041 -0.102
-0.023 -0.021 -0.102
-0.035 -0.038 -0.103
-0.026 -0.036 -0.121
-0.048 -0.038 -0.128
-0.012  0.018 -0.086
-0.035 -0.023 -0.118
-0.004  0.044 -0.063
-0.058 -0.029 -0.139
-0.045 -0.010 -0.124
-0.057 -0.033 -0.155
-0.061 -0.028 -0.155
-0.028 -0.006 -0.139
-0.041 -0.016 -0.138
-0.009  0.053 -0.064
-0.067 -0.030 -0.145
-0.027  0.047 -0.077
-0.072 -0.009 -0.125
-0.056  0.026 -0.139
-0.057 -0.016 -0.143
 0.008  0.105 -0.020
-0.040  0.015 -0.127
-0.006  0.037 -0.116
-0.076  0.018 -0.076
-0.014  0.024 -0.147
-0.052  0.002 -0.152
-0.019  0.014 -0.158
-0.131 -0.040 -0.165
-0.064 -0.019 -0.184
-0.073 -0.013 -0.168
-0.055  0.063 -0.085
-0.102 -0.044 -0.180
-0.081  0.002 -0.156
-0.109 -0.089 -0.249
-0.066 -0.045 -0.217
-0.084 -0.080 -0.239
-0.070 -0.050 -0.201
-0.043 -0.035 -0.193
-0.095 -0.068 -0.207
-0.052 -0.056 -0.191
-0.088 -0.074 -0.187
 0.009 -0.014 -0.177
 0.012 -0.013 -0.166
 0.025  0.003 -0.176
-0.005 -0.042 -0.192
 0.041 -0.022 -0.192
 0.017 -0.046 -0.199
 0.069  0.072 -0.098
-0.003 -0.037 -0.203
 0.052  0.034 -0.126
 0.027 -0.001 -0.158
 0.038  0.033 -0.133
 0.047  0.024 -0.146
 0.053  0.050 -0.143
 0.049  0.042 -0.173
 0.023  0.053 -0.150
 0.067  0.073 -0.172
 0.056  0.083 -0.142
 0.064  0.075 -0.158
 0.056  0.071 -0.147
 0.087  0.115 -0.117
 0.044  0.071 -0.143
 0.113  0.207 -0.008
 0.090  0.131 -0.115
 0.111  0.155 -0.071
 0.106  0.123 -0.117
 0.115  0.137 -0.105
 0.113  0.144 -0.076
 0.100  0.106 -0.101
 0.140  0.189 -0.012
 0.095  0.122 -0.074
 0.106  0.181  0.027
 0.074  0.106 -0.042
 0.098  0.137 -0.020
 0.075  0.076 -0.075
 0.065  0.079 -0.051
 0.048  0.033 -0.107
-0.012  0.011 -0.060
 0.035  0.011 -0.099
 0.029  0.011 -0.065
 0.048  0.027 -0.071
 0.054  0.020 -0.062
 0.085  0.110  0.042
 0.063  0.022 -0.053
 0.099  0.093  0.038
 0.063 -0.001 -0.054
 0.094  0.052 -0.003
 0.064  0.000 -0.056
 0.089  0.050  0.007
 0.068  0.012 -0.026
 0.085  0.034  0.009
 0.074  0.014 -0.016
 0.008  0.003  0.024
 0.100  0.026 -0.030
 0.080  0.019 -0.019
 0.095  0.022 -0.039
 0.058 -0.030 -0.087
 0.074 -0.002 -0.084
 0.059 -0.036 -0.103
 0.061 -0.003 -0.046
 0.044 -0.047 -0.108
 0.079  0.063 -0.003
 0.028 -0.032 -0.097
 0.049  0.007 -0.088
 0.092  0.081 -0.012
 0.032 -0.020 -0.088
 0.031 -0.029 -0.098
 0.030 -0.063 -0.138
-0.011 -0.089 -0.137
 0.029 -0.077 -0.144
 0.005 -0.092 -0.136
 0.045  0.017 -0.031
 0.009 -0.054 -0.109
 0.008 -0.049 -0.108
 0.014 -0.056 -0.132
 0.090  0.091  0.003
 0.030 -0.057 -0.140
 0.034 -0.063 -0.148
 0.019 -0.065 -0.143
 0.083  0.082  0.004
 0.022 -0.067 -0.122
 0.068  0.047 -0.020
 0.011 -0.069 -0.118
-0.001 -0.087 -0.131
 0.028 -0.057 -0.113
 0.015 -0.073 -0.118
 0.052  0.030 -0.031
 0.031 -0.055 -0.131
 0.039 -0.001 -0.065
-0.010 -0.101 -0.168
 0.051  0.012 -0.052
 0.009 -0.070 -0.131
 0.048  0.016 -0.039
 0.010 -0.057 -0.117
 0.035  0.008 -0.083
 0.081  0.110 -0.001
 0.016 -0.032 -0.142
 0.013 -0.003 -0.129
-0.007 -0.030 -0.172
 0.010  0.004 -0.140
-0.005 -0.026 -0.169
-0.000 -0.009 -0.145
-0.015 -0.034 -0.168
-0.004  0.067 -0.040
 0.003 -0.012 -0.151
-0.079 -0.028 -0.122
-0.031 -0.062 -0.205
-0.004  0.038 -0.098
-0.031 -0.075 -0.220
-0.024 -0.059 -0.207
 0.006 -0.017 -0.181
-0.011 -0.036 -0.194
-0.005 -0.024 -0.182
-0.002 -0.012 -0.156
 0.016  0.002 -0.156
 0.066  0.076 -0.069
 0.106  0.178  0.039
 0.087  0.126 -0.007
 0.074  0.141  0.021
 0.000  0.011 -0.100
 0.016  0.050 -0.053
-0.031 -0.029 -0.128
 0.021  0.047 -0.045
-0.010 -0.010 -0.102
-0.007  0.008 -0.071
-0.003  0.001 -0.079
-0.000 -0.000 -0.095
 0.005  0.017 -0.084
-0.020 -0.001 -0.102
 0.018  0.074 -0.031
-0.043 -0.032 -0.124
-0.008  0.013 -0.064
-0.019 -0.022 -0.089
-0.053 -0.049 -0.109
-0.029 -0.018 -0.090
-0.020 -0.002 -0.079
 0.028  0.103  0.022
 0.009  0.032 -0.058
 0.030  0.085  0.027
-0.016  0.007 -0.045
 0.030  0.074  0.021
-0.021 -0.015 -0.066
 0.028  0.088  0.040
-0.008  0.011 -0.021
 0.026  0.104  0.086
-0.021 -0.001 -0.001
-0.001  0.086  0.082
-0.036  0.002  0.003
 0.002  0.054  0.050
 0.003  0.046  0.048
 0.005  0.049  0.056
-0.014  0.007  0.032
-0.100 -0.036  0.026
-0.004 -0.007  0.012
-0.012 -0.007  0.022
 0.038  0.059  0.084
 0.011  0.001  0.038
 0.048  0.029  0.051
 0.035 -0.004  0.025
 0.056  0.016  0.045
 0.026 -0.032  0.007
 0.063  0.072  0.115
 0.003 -0.028 -0.006
 0.049  0.044  0.079
-0.000 -0.041  0.003
 0.039  0.062  0.118
 0.004 -0.018  0.023
 0.045  0.058  0.093
 0.009 -0.014  0.027
 0.048  0.061  0.113
 0.004 -0.025  0.004
 0.051  0.043  0.089
 0.013 -0.008  0.024
 0.044  0.066  0.051
 0.017  0.025  0.038
 0.055  0.088  0.116
 0.013  0.008  0.054
 0.051  0.082  0.137
 0.007  0.008  0.064
 0.032  0.036  0.085
-0.057 -0.005  0.103
 0.031  0.033  0.074
 0.022  0.046  0.092
 0.026  0.013  0.063
-0.007 -0.029  0.046
 0.027 -0.016  0.052
-0.009 -0.040  0.045
 0.001 -0.009  0.069
-0.003 -0.014  0.045
 0.011  0.092  0.178
 0.019  0.008  0.057
 0.004 -0.007  0.059
 0.023  0.015  0.071
 0.009 -0.006  0.068
 0.046  0.093  0.162
 0.002  0.013  0.089
 0.026  0.048  0.131
-0.003 -0.007  0.078
 0.013  0.022  0.083
 0.001  0.005  0.060
-0.059  0.024  0.128
 0.042  0.074  0.117
-0.028  0.082  0.165
 0.051  0.094  0.101
 0.042  0.089  0.096
 0.071  0.114  0.103
 0.053  0.111  0.108
 0.087  0.193  0.195
 0.053  0.108  0.095
 0.104  0.183  0.171
 0.048  0.093  0.089
 0.043  0.097  0.084
 0.019  0.072  0.063
-0.037  0.077  0.136
 0.031  0.070  0.077
 0.093  0.191  0.213
 0.038  0.058  0.107
 0.031  0.036  0.114
 0.044  0.042  0.085
 0.023  0.028  0.089
 0.048  0.054  0.098
 0.107  0.196  0.245
 0.022  0.015  0.086
-0.014 -0.025  0.063
-0.002 -0.009  0.075
-0.025 -0.021  0.067
 0.026  0.064  0.155
-0.028 -0.018  0.067
-0.005  0.009  0.094
-0.038 -0.053  0.032
-0.009 -0.016  0.059
-0.009 -0.029  0.050
-0.002 -0.005  0.079
-0.062 -0.065 -0.024
-0.014 -0.016  0.047
-0.021 -0.037  0.027
 0.017  0.002  0.073
 0.019 -0.005  0.062
 0.060  0.064  0.131
 0.064  0.044  0.106
 0.103  0.083  0.139
 0.075  0.031  0.087
 0.073  0.045  0.099
 0.076  0.026  0.094
 0.080  0.047  0.125
 0.057 -0.002  0.082
-0.014 -0.021  0.114
 0.063 -0.002  0.076
-0.006 -0.012  0.121
 0.089  0.017  0.076
 0.079  0.026  0.092
 0.091  0.009  0.059
 0.080  0.010  0.064
 0.062 -0.018  0.034
 0.107  0.060  0.113
 0.108  0.038  0.070
 0.133  0.133  0.174
 0.086  0.050  0.091
 0.101  0.068  0.086
 0.132  0.171  0.191
 0.092  0.049  0.053
 0.032  0.056  0.116
 0.123  0.098  0.103
 0.091  0.105  0.136
 0.123  0.110  0.125
 0.079  0.058  0.102
 0.070  0.030  0.057
 0.027 -0.008  0.020
 0.040  0.079  0.112
-0.002 -0.020 -0.015
 0.032  0.019  0.010
-0.006 -0.036 -0.042
 0.014  0.001 -0.024
-0.039 -0.111 -0.147
 0.012 -0.035 -0.090
-0.015 -0.087 -0.143
-0.048 -0.067 -0.039
 0.043 -0.014 -0.015
 0.066  0.058  0.064
 0.057  0.019 -0.029
-0.027 -0.098 -0.123
 0.046  0.036  0.092
 0.105  0.128  0.192
 0.106  0.157  0.164
 0.045  0.036  0.027
 0.043  0.051  0.075
 0.175  0.148  0.095
 0.080  0.083  0.097
 0.102  0.134  0.177
 0.133  0.176  0.245
 0.089  0.118  0.218
 0.077  0.101  0.221
-0.009 -0.026  0.055
 0.017  0.063  0.126
-0.022 -0.021  0.046
 0.004  0.058  0.145
-0.045 -0.061  0.041
-0.029 -0.021  0.081
-0.054 -0.067  0.023
-0.045 -0.057  0.025
-0.019 -0.003  0.086
-0.062 -0.065  0.052
-0.053 -0.047  0.072
-0.080 -0.090  0.018
-0.081 -0.083  0.034
-0.113 -0.115  0.007
-0.087 -0.062  0.056
-0.100 -0.087  0.032
-0.068 -0.048  0.084
-0.084 -0.092  0.029
-0.092 -0.103  0.019
-0.069 -0.076  0.024
-0.072 -0.067  0.045
-0.056 -0.024  0.076
-0.074 -0.057  0.042
-0.064 -0.045  0.075
-0.080 -0.076  0.029
-0.108 -0.109  0.002
-0.080 -0.069  0.026
-0.077 -0.061  0.028
-0.030  0.030  0.129
-0.051 -0.055  0.060
-0.014  0.010  0.152
-0.066 -0.075  0.076
-0.045 -0.027  0.131
-0.047 -0.032  0.130
-0.045 -0.011  0.137
-0.001  0.041  0.164
-0.043 -0.010  0.132
-0.009  0.045  0.181
-0.028 -0.002  0.142
 0.008  0.042  0.187
 0.002  0.019  0.151
-0.008  0.034  0.165
 0.006  0.026  0.134
-0.042 -0.003  0.161
-0.001 -0.008  0.122
-0.006 -0.035  0.115
 0.051  0.003  0.139
 0.067  0.020  0.166
 0.106  0.126  0.276
 0.072  0.026  0.162
 0.112  0.074  0.201
 0.085  0.014  0.151
 0.094  0.017  0.143
 0.092  0.021  0.155
 0.086  0.086  0.264
 0.135  0.087  0.278
 0.068  0.096  0.324
 0.138  0.110  0.272
 0.113  0.099  0.263
 0.138  0.137  0.287
 0.136  0.142  0.294
 0.160  0.201  0.328
 0.085  0.078  0.190
 0.050  0.042  0.136
-0.015 -0.072  0.053
-0.078 -0.123  0.044
-0.050 -0.128  0.018
 0.029  0.041  0.160
-0.022 -0.085  0.031
 0.050  0.057  0.159
 0.019 -0.029  0.050
-0.103 -0.065  0.042
 0.011 -0.028  0.020
 0.027  0.009  0.082
 0.000 -0.042  0.031
-0.014 -0.010  0.068
-0.045 -0.094 -0.025
-0.023 -0.048  0.015
-0.067 -0.119 -0.039
-0.034 -0.060  0.017
-0.078 -0.122 -0.040
 0.002  0.025  0.067
-0.022 -0.040 -0.008
-0.053 -0.071 -0.019
-0.037 -0.044  0.010
-0.062 -0.094 -0.034
-0.038 -0.063  0.007
-0.074 -0.112 -0.035
-0.029 -0.046  0.032
-0.016 -0.057  0.010
-0.014 -0.046  0.018
-0.044 -0.102 -0.036
-0.014 -0.049  0.033
-0.020 -0.064  0.005
 0.016  0.008  0.058
-0.016 -0.038 -0.007
-0.024 -0.022  0.015
-0.042 -0.054 -0.014
-0.039 -0.048 -0.001
 0.017 -0.004  0.039
 0.018  0.003  0.044
 0.052  0.074  0.106
 0.034  0.018  0.055
 0.022  0.014  0.079
-0.013 -0.042  0.034
 0.009  0.003  0.064
 0.002 -0.007  0.059
-0.029 -0.003  0.073
-0.001  0.001  0.058
-0.046 -0.032  0.055
-0.022 -0.047  0.029
 0.064  0.112  0.158
 0.036  0.019  0.075
 0.034  0.021  0.089
 0.070  0.090  0.152
 0.040  0.034  0.114
 0.041  0.024  0.107
 0.005 -0.016  0.078
 0.040  0.038  0.136
 0.018 -0.015  0.077
 0.056  0.046  0.123
 0.052  0.028  0.102
 0.066  0.044  0.136
 0.202  0.099  0.117
 0.082  0.023  0.111
 0.064 -0.001  0.088
 0.105  0.044  0.139
 0.103  0.046  0.130
 0.122  0.096  0.211
 0.049 -0.020  0.083
 0.051 -0.001  0.111
 0.036 -0.036  0.075
 0.063  0.036  0.156
 0.047 -0.018  0.095
 0.057  0.020  0.134
 0.031 -0.048  0.083
 0.004 -0.053  0.060
-0.012 -0.085  0.017
 0.002 -0.050  0.056
 0.052  0.020  0.114
 0.023 -0.027  0.066
 0.065  0.002  0.094
 0.045 -0.034  0.064
 0.043 -0.036  0.065
 0.109  0.085  0.190
 0.064 -0.032  0.073
 0.076  0.003  0.124
 0.029 -0.084  0.058
 0.041 -0.062  0.065
-0.025 -0.093  0.052
 0.134  0.098  0.187
 0.070 -0.027  0.066
 0.087 -0.000  0.071
 0.155  0.117  0.160
 0.161  0.154  0.244
 0.150  0.115  0.213
 0.014 -0.048  0.018
 0.012 -0.058 -0.019
-0.034 -0.089 -0.051
-0.001 -0.054 -0.005
-0.001 -0.048  0.001
 0.048  0.057  0.105
 0.006 -0.030  0.014
 0.013  0.007  0.044
-0.009 -0.025  0.007
 0.034  0.044  0.055
 0.026  0.042  0.063
 0.010  0.039  0.055
 0.042  0.132  0.147
-0.016  0.027  0.033
 0.016  0.062  0.065
 0.020  0.048  0.072
 0.169  0.282  0.280
 0.126  0.199  0.207
 0.073  0.170  0.143
 0.047  0.130  0.078
-0.047 -0.023 -0.046
-0.030 -0.003 -0.018
-0.076 -0.071 -0.084
-0.069 -0.052 -0.056
-0.088 -0.087 -0.082
-0.097 -0.068 -0.056
-0.074 -0.045 -0.070
-0.018  0.050 -0.001
 0.043  0.113  0.090
 0.063  0.155  0.166
 0.027  0.103  0.095
-0.046  0.051  0.065
-0.060  0.003 -0.004
-0.078 -0.010 -0.040
-0.029  0.087  0.073
-0.077 -0.017 -0.031
-0.114 -0.063 -0.043
-0.147 -0.116 -0.117
-0.134 -0.087 -0.116
-0.041 -0.004 -0.020
 0.015  0.075  0.082
 0.079  0.174  0.177
 0.060  0.130  0.133
 0.057  0.145  0.155
-0.004  0.043  0.089
-0.033  0.013  0.051
-0.021  0.007  0.029
-0.024  0.014  0.041
 0.011  0.053  0.065
 0.013  0.071  0.087
 0.040  0.112  0.096
-0.007  0.040  0.019
-0.072 -0.073 -0.144
-0.055 -0.069 -0.100
-0.102 -0.155 -0.155
-0.086 -0.119 -0.110
-0.101 -0.153 -0.148
-0.097 -0.152 -0.183
-0.074 -0.127 -0.177
-0.090 -0.137 -0.171
-0.070 -0.109 -0.150
-0.092 -0.143 -0.148
-0.065 -0.109 -0.120
-0.044 -0.074 -0.100
-0.077 -0.133 -0.125
-0.101 -0.140 -0.126
-0.095 -0.146 -0.143
-0.073 -0.115 -0.132
-0.068 -0.115 -0.145
-0.073 -0.105 -0.129
-0.076 -0.134 -0.158
-0.092 -0.135 -0.151
-0.105 -0.143 -0.164
-0.096 -0.136 -0.170
-0.071 -0.083 -0.123
-0.091 -0.100 -0.169
-0.080 -0.083 -0.219
-0.074 -0.081 -0.237
-0.066 -0.082 -0.271
-0.026  0.004 -0.201
-0.049 -0.077 -0.272
-0.022 -0.002 -0.177
-0.043 -0.106 -0.277
-0.002 -0.055 -0.213
-0.025 -0.114 -0.281
-0.055 -0.068 -0.195
 0.008 -0.076 -0.260
 0.001 -0.077 -0.237
-0.004 -0.055 -0.218
-0.009 -0.049 -0.213
 0.041  0.046 -0.118
 0.012 -0.029 -0.195
 0.046  0.031 -0.148
 0.020 -0.001 -0.177
 0.024  0.015 -0.158
-0.033 -0.029 -0.199
-0.108 -0.049 -0.154
-0.035 -0.044 -0.205
-0.047 -0.056 -0.226
-0.012 -0.021 -0.217
-0.038 -0.054 -0.243
-0.027 -0.023 -0.207
-0.050 -0.053 -0.240
-0.023  0.019 -0.165
-0.040 -0.044 -0.256
 0.007  0.007 -0.182
-0.005 -0.041 -0.231
 0.023  0.021 -0.166
-0.010 -0.059 -0.230
 0.021 -0.031 -0.202
 0.026 -0.041 -0.213
 0.036 -0.043 -0.208
 0.050 -0.018 -0.185
 0.026  0.018 -0.098
 0.041 -0.044 -0.204
 0.102  0.074 -0.095
 0.059 -0.036 -0.193
-0.025 -0.035 -0.136
 0.062 -0.008 -0.177
 0.056  0.007 -0.153
 0.056 -0.021 -0.174
 0.058 -0.003 -0.160
 0.053 -0.024 -0.184
 0.073  0.002 -0.148
 0.132  0.072 -0.079
 0.094  0.021 -0.115
 0.121  0.090 -0.023
 0.083 -0.001 -0.144
 0.103  0.036 -0.121
 0.096  0.014 -0.142
 0.107  0.049 -0.139
 0.095  0.020 -0.179
 0.083  0.025 -0.155
 0.084  0.004 -0.176
 0.152  0.152 -0.019
 0.114  0.042 -0.141
 0.085  0.105 -0.050
 0.074  0.019 -0.147
 0.077  0.037 -0.114
 0.061  0.020 -0.143
 0.069  0.069 -0.085
 0.034  0.021 -0.147
 0.047  0.017 -0.136
-0.009 -0.007 -0.138
 0.028  0.007 -0.131
 0.031  0.043 -0.080
 0.010  0.008 -0.122
 0.062  0.110 -0.030
 0.028  0.040 -0.109
-0.067  0.014 -0.068
 0.011  0.027 -0.123
-0.006  0.006 -0.138
 0.055  0.128 -0.033
 0.013  0.047 -0.112
 0.010  0.063 -0.080
-0.016  0.009 -0.105
-0.008  0.029 -0.071
-0.001  0.026 -0.068
-0.047  0.020 -0.032
 0.021  0.033 -0.070
-0.017  0.011 -0.060
 0.005  0.003 -0.083
-0.010  0.011 -0.061
 0.010  0.016 -0.077
 0.012  0.054 -0.045
 0.037  0.063 -0.061
 0.054  0.081 -0.029
 0.034  0.038 -0.053
 0.040  0.059 -0.016
 0.033  0.044 -0.025
-0.027  0.034  0.003
 0.061  0.068 -0.015
 0.041  0.050 -0.010
 0.026 -0.005 -0.070
 0.049  0.026 -0.024
 0.056  0.020 -0.044
 0.049  0.054  0.005
 0.121  0.085  0.006
 0.071  0.039 -0.004
 0.066 -0.004 -0.044
 0.027 -0.049 -0.063
 0.045 -0.038 -0.050
 0.063 -0.026 -0.054
 0.094  0.063  0.038
 0.049 -0.042 -0.077
 0.056  0.011 -0.011
 0.004 -0.085 -0.091
 0.070  0.025  0.009
 0.027 -0.035 -0.049
 0.057  0.021  0.001
 0.034 -0.016 -0.017
 0.028 -0.006  0.003
 0.006 -0.036 -0.013
-0.040 -0.045 -0.000
-0.011 -0.054 -0.042
-0.008 -0.032 -0.025
 0.005  0.010 -0.014
-0.007  0.015 -0.011
-0.020  0.003 -0.016
-0.035 -0.005 -0.011
-0.026  0.005 -0.011
-0.023  0.018 -0.017
 0.035  0.076  0.023
-0.031  0.082  0.079
 0.016  0.059  0.013
 0.003  0.066  0.031
-0.021  0.032 -0.012
-0.058  0.026 -0.007
-0.006  0.042 -0.036
-0.035  0.035 -0.007
-0.026  0.015 -0.042
 0.045  0.168  0.101
 0.009  0.048 -0.030
 0.072  0.189  0.111
 0.057  0.093  0.007
 0.053  0.116  0.035
 0.033  0.086  0.012
 0.053  0.135  0.060
 0.008  0.059 -0.012
 0.028  0.128  0.078
-0.014  0.024 -0.038
-0.017  0.028 -0.023
 0.005  0.028 -0.033
 0.016  0.041 -0.021
 0.038  0.055 -0.021
 0.013  0.017 -0.053
 0.057  0.056 -0.032
 0.043  0.037 -0.051
 0.055  0.061 -0.044
 0.078  0.075 -0.027
 0.102  0.089 -0.009
 0.108  0.088  0.013
 0.102  0.062 -0.010
 0.122  0.108  0.050
 0.120  0.076  0.011
 0.128  0.138  0.090
 0.107  0.057 -0.008
 0.129  0.133  0.086
 0.089  0.045 -0.012
 0.078  0.050  0.007
 0.075  0.032  0.002
 0.078  0.014 -0.022
 0.066  0.017 -0.009
 0.036 -0.001 -0.035
 0.047  0.016 -0.037
 0.050  0.019 -0.037
 0.087  0.101  0.062
 0.062  0.025 -0.030
 0.073  0.059  0.013
 0.043  0.013 -0.015
 0.058  0.075  0.065
 0.030  0.005 -0.012
 0.081  0.088  0.072
 0.043  0.020 -0.013
 0.073  0.108  0.085
 0.032  0.022 -0.024
 0.075  0.119  0.083
 0.023  0.025 -0.015
 0.016  0.040 -0.036
-0.023 -0.006 -0.089
 0.022  0.045 -0.035
 0.021  0.038 -0.028
-0.006  0.042 -0.004
 0.009  0.040 -0.029
 0.007  0.051 -0.018
-0.012  0.051 -0.023
 0.031  0.117  0.033
-0.010  0.044 -0.025
 0.021  0.160  0.102
-0.004  0.026 -0.034
-0.017  0.033 -0.038
 0.014  0.063 -0.021
-0.023  0.006 -0.073
-0.005  0.017 -0.070
-0.041 -0.015 -0.073
-0.005  0.026 -0.035
-0.001  0.018 -0.066
 0.048  0.101  0.014
 0.050  0.073 -0.021
 0.046  0.099  0.007
 0.000  0.021 -0.052
 0.017  0.009 -0.041
-0.028 -0.065 -0.107
 0.013  0.045  0.018
 0.001 -0.009 -0.058
 0.049  0.095  0.044
 0.046  0.037 -0.030
 0.064  0.086  0.029
 0.033  0.016 -0.041
 0.092  0.101  0.041
 0.065  0.062 -0.002
 0.094  0.138  0.053
 0.052  0.070 -0.000
 0.037  0.055 -0.014
 0.037  0.060 -0.009
 0.056  0.106  0.037
 0.076  0.121  0.039
 0.090  0.161  0.075
 0.071  0.129  0.058
 0.072  0.145  0.072
 0.051  0.121  0.042
 0.083  0.175  0.091
 0.064  0.133  0.054
 0.067  0.174  0.127
 0.033  0.081  0.039
 0.030  0.089  0.060
 0.034  0.098  0.077
 0.026  0.077  0.061
 0.062  0.127  0.105
 0.021  0.069  0.076
-0.047  0.043  0.108
-0.009  0.029  0.051
-0.027  0.021  0.056
-0.045 -0.000  0.019
-0.021  0.034  0.046
 0.029  0.137  0.151
-0.013  0.034  0.044
 0.047  0.138  0.152
-0.000  0.039  0.052
 0.016  0.089  0.097
-0.000  0.057  0.050
 0.041  0.129  0.118
 0.006  0.079  0.079
 0.033  0.152  0.157
-0.000  0.049  0.034
 0.002  0.074  0.050
 0.011  0.055  0.024
 0.029  0.123  0.108
-0.035  0.015  0.021
-0.058 -0.023 -0.014
-0.083 -0.063 -0.027
-0.037 -0.020  0.009
-0.041 -0.023  0.005
-0.012  0.004  0.025
 0.010  0.097  0.143
-0.030 -0.048 -0.004
-0.031 -0.064 -0.023
-0.015 -0.055 -0.014
 0.001 -0.054 -0.014
 0.025 -0.026 -0.002
-0.014 -0.091 -0.046
 0.008 -0.057 -0.016
-0.014 -0.096 -0.035
-0.024 -0.088 -0.020
-0.024 -0.093 -0.051
-0.068 -0.109 -0.047
-0.028 -0.094 -0.069
-0.068 -0.068  0.013
-0.008 -0.073 -0.054
-0.078 -0.065  0.001
-0.001 -0.041 -0.031
-0.072 -0.068 -0.004
-0.034 -0.059 -0.037
 0.034  0.097  0.123
-0.024 -0.037 -0.006
-0.007 -0.005  0.021
 0.038  0.086  0.106
 0.016  0.023  0.042
 0.017  0.072  0.097
-0.027 -0.026 -0.013
-0.010  0.033  0.043
-0.032 -0.023 -0.035
-0.002  0.057  0.032
-0.046 -0.015 -0.029
-0.021  0.079  0.085
-0.062 -0.030 -0.027
-0.028  0.045  0.029
-0.020  0.002  0.020
-0.004  0.079  0.101
-0.026 -0.002 -0.006
-0.002  0.055  0.060
-0.028 -0.021 -0.015
 0.012  0.055  0.067
-0.005 -0.027 -0.032
 0.039  0.045  0.023
-0.005  0.029 -0.026
 0.014  0.055 -0.004
-0.008  0.013 -0.051
 0.012  0.054 -0.008
-0.001  0.032 -0.022
 0.010  0.059  0.010
-0.007  0.027 -0.028
-0.015  0.038 -0.016
-0.048 -0.032 -0.067
-0.026  0.030 -0.005
-0.059 -0.054 -0.070
-0.029 -0.012 -0.040
-0.028 -0.016 -0.033
-0.014 -0.015 -0.027
-0.095 -0.051 -0.007
-0.024 -0.036 -0.060
-0.021 -0.010 -0.040
-0.039 -0.032 -0.069
 0.006  0.037 -0.004
-0.015  0.003 -0.038
-0.007  0.049  0.025
-0.050 -0.046 -0.080
-0.024  0.027  0.030
-0.031 -0.033 -0.058
 0.015  0.077  0.040
 0.028  0.063  0.007
 0.058  0.111  0.044
 0.017  0.061  0.004
 0.006  0.044 -0.017
-0.004  0.027 -0.029
 0.031  0.080  0.004
 0.046  0.086  0.009
 0.010  0.052 -0.003
-0.015  0.031 -0.023
-0.018  0.023 -0.022
-0.006  0.036 -0.010
 0.028  0.072 -0.003
 0.019  0.053 -0.014
 0.033  0.065 -0.001
 0.027  0.029 -0.036
 0.013  0.019 -0.059
-0.070  0.001 -0.040
-0.005  0.050 -0.038
 0.002  0.075 -0.007
-0.018  0.030 -0.042
 0.014  0.107  0.020
-0.047  0.032 -0.051
-0.044  0.039 -0.037
-0.048  0.017 -0.059
-0.068  0.002 -0.057
-0.041 -0.004 -0.056
-0.123 -0.060 -0.046
-0.049 -0.032 -0.065
-0.106 -0.011  0.001
-0.050 -0.016 -0.056
-0.107 -0.051 -0.045
-0.097 -0.076 -0.079
-0.134 -0.095 -0.073
-0.126 -0.114 -0.111
-0.143 -0.094 -0.065
-0.068 -0.056 -0.052
-0.089 -0.073 -0.034
-0.099 -0.110 -0.045
-0.053 -0.029  0.024
-0.090 -0.095 -0.036
-0.055 -0.031  0.005
-0.049 -0.049 -0.018
-0.003  0.042  0.085
-0.011 -0.040 -0.028
 0.024 -0.015 -0.024
 0.042 -0.009  0.054
 0.064  0.189 -0.002
 0.036  0.035  0.017
-0.083 -0.086 -0.074
-0.002 -0.052 -0.103
 0.014 -0.021 -0.076
-0.007 -0.060 -0.106
-0.000 -0.025 -0.062
-0.064 -0.130 -0.148
-0.032 -0.081 -0.104
-0.050 -0.105 -0.126
-0.066 -0.087 -0.080
-0.018 -0.065 -0.088
-0.087 -0.074 -0.027
-0.046 -0.110 -0.105
-0.062 -0.122 -0.099
-0.042 -0.102 -0.086
-0.034 -0.067 -0.059
 0.002  0.021  0.022
-0.039 -0.058 -0.069
-0.009  0.003  0.002
-0.050 -0.066 -0.066
-0.025 -0.033 -0.035
-0.041 -0.065 -0.062
-0.028 -0.038 -0.064
 0.002 -0.040 -0.085
 0.020  0.005 -0.051
 0.009 -0.004 -0.046
 0.010  0.012 -0.014
-0.026 -0.046 -0.062
-0.047 -0.041 -0.054
-0.032 -0.029 -0.052
 0.036  0.122  0.065
-0.024  0.013 -0.028
-0.018  0.030 -0.019
-0.065 -0.036 -0.076
-0.090 -0.059 -0.085
-0.069 -0.025 -0.066
-0.083 -0.032 -0.073
-0.035  0.063  0.006
 0.140  0.164  0.000
-0.057 -0.013 -0.048
-0.052 -0.011 -0.055
-0.046  0.011 -0.041
-0.030  0.045 -0.007
-0.014  0.043 -0.007
 0.059  0.138  0.071
 0.037  0.081  0.019
 0.041  0.097  0.051
-0.002  0.028 -0.006
-0.015  0.028 -0.007
-0.002  0.011 -0.023
-0.026 -0.050 -0.069
-0.037 -0.062 -0.084
-0.004  0.005 -0.025
-0.040 -0.027 -0.056
-0.052  0.022  0.063
 0.023  0.059  0.041
 0.032  0.071  0.069
 0.135  0.222  0.207
 0.055  0.040 -0.023
-0.002  0.003 -0.056
 0.043  0.105  0.104
 0.064  0.189  0.201
 0.037  0.100  0.077
 0.005  0.030 -0.012
 0.002  0.025 -0.002
-0.007  0.010 -0.019
 0.036  0.041  0.009
 0.067  0.090  0.036
 0.019  0.014 -0.034
 0.008 -0.000 -0.042
 0.040  0.040 -0.010
 0.063  0.084  0.046
 0.128  0.169  0.103
 0.211  0.339  0.290
 0.106  0.145  0.088
 0.023  0.014 -0.073
 0.077  0.050 -0.072
 0.140  0.122  0.059
 0.167  0.216  0.182
 0.175  0.197  0.134
 0.052  0.073  0.043
 0.006 -0.041 -0.086
-0.069 -0.124 -0.152
-0.066 -0.118 -0.168
-0.005 -0.028 -0.090
 0.054  0.108  0.055
 0.037  0.013 -0.057
 0.101  0.111  0.035
 0.043  0.017 -0.060
 0.010 -0.007 -0.068
-0.011 -0.022 -0.054
 0.058  0.106  0.101
 0.040  0.080  0.065
 0.015  0.046  0.013
-0.025 -0.017 -0.058
-0.106 -0.074 -0.093
-0.059 -0.087 -0.121
-0.061 -0.095 -0.109
-0.046 -0.061 -0.095
-0.007  0.056  0.029
-0.074 -0.099 -0.109
-0.080 -0.113 -0.115
-0.095 -0.107 -0.119
-0.107 -0.127 -0.132
-0.063 -0.066 -0.108
-0.034 -0.016 -0.093
-0.036 -0.023 -0.089
-0.061 -0.039 -0.094
-0.016  0.073  0.046
-0.006  0.073  0.037
 0.031  0.168  0.151
 0.005  0.103  0.107
-0.035  0.042  0.012
 0.009  0.038 -0.026
 0.009  0.037  0.002
 0.055  0.146  0.139
 0.006  0.063  0.013
-0.026  0.009 -0.068
-0.120 -0.119 -0.201
-0.146 -0.145 -0.196
-0.123 -0.147 -0.183
 0.001  0.063  0.082
-0.005  0.003  0.015
-0.044 -0.079 -0.138
-0.108 -0.150 -0.195
-0.091 -0.153 -0.211
-0.067 -0.095 -0.165
-0.070 -0.109 -0.174
-0.036 -0.062 -0.125
-0.074 -0.140 -0.180
-0.093 -0.147 -0.149
-0.099 -0.195 -0.195
-0.088 -0.132 -0.131
-0.054 -0.092 -0.105
-0.093 -0.126 -0.125
-0.075 -0.113 -0.115
-0.081 -0.130 -0.123
-0.032 -0.037 -0.038
-0.061 -0.110 -0.114
-0.030 -0.062 -0.081
-0.022 -0.086 -0.128
-0.007 -0.054 -0.092
-0.068 -0.150 -0.153
-0.070 -0.118 -0.124
-0.115 -0.191 -0.217
-0.060 -0.079 -0.117
-0.101 -0.179 -0.236
-0.042 -0.087 -0.120
-0.057 -0.137 -0.154
-0.025 -0.066 -0.086
-0.032 -0.087 -0.113
-0.095 -0.092 -0.058
 0.011 -0.065 -0.105
 0.010 -0.061 -0.083
-0.014 -0.065 -0.107
-0.032 -0.114 -0.156
 0.021 -0.019 -0.048
 0.001 -0.067 -0.080
 0.075  0.075  0.043
 0.086  0.043 -0.017
 0.100  0.092 -0.015
 0.090  0.084 -0.021
 0.100  0.105  0.010
 0.105  0.084  0.009
 0.106  0.078 -0.009
 0.083  0.073 -0.027
 0.054  0.048 -0.042
 0.107  0.135  0.033
 0.035  0.037 -0.027
 0.015  0.020 -0.037
-0.014 -0.034 -0.073
-0.071 -0.036 -0.025
 0.005 -0.009 -0.051
-0.006 -0.018 -0.056
 0.030  0.047 -0.003
-0.013 -0.019 -0.061
-0.020  0.004 -0.050
-0.041 -0.048 -0.094
-0.122 -0.080 -0.056
-0.008 -0.026 -0.066
-0.015 -0.018 -0.062
 0.003  0.001 -0.058
-0.032 -0.036 -0.071
 0.043  0.056  0.013
 0.045  0.048  0.002
 0.085  0.129  0.076
 0.062  0.042 -0.027
 0.107  0.134  0.078
 0.061  0.031 -0.046
 0.123  0.158  0.060
 0.105  0.083 -0.035
 0.148  0.210  0.084
 0.130  0.202  0.070
 0.171  0.312  0.215
 0.183  0.296  0.242
 0.205  0.344  0.313
 0.148  0.248  0.217
 0.159  0.262  0.196
 0.123  0.196  0.129
 0.046  0.149  0.129
 0.114  0.183  0.158
 0.104  0.179  0.174
 0.128  0.189  0.181
 0.103  0.195  0.170
 0.117  0.254  0.215
 0.039  0.092  0.009
 0.026  0.058 -0.012
-0.015 -0.046 -0.104
 0.010  0.015 -0.025
-0.049 -0.057 -0.091
 0.010  0.047  0.011
-0.031 -0.042 -0.077
 0.018  0.043  0.018
-0.002 -0.009 -0.035
 0.002  0.023 -0.003
-0.037 -0.052 -0.066
-0.082 -0.083 -0.054
-0.064 -0.103 -0.098
-0.029 -0.060 -0.055
-0.017 -0.061 -0.082
-0.051 -0.105 -0.140
-0.029 -0.074 -0.127
-0.025 -0.039 -0.084
 0.039  0.061  0.062
 0.020  0.055  0.091
 0.023  0.019  0.018
-0.055 -0.089 -0.111
-0.099 -0.135 -0.147
-0.095 -0.143 -0.146
-0.048 -0.047 -0.046
-0.056 -0.106 -0.136
 0.065  0.076  0.026
 0.063  0.074  0.028
 0.123  0.149  0.084
 0.089  0.089 -0.001
 0.124  0.208  0.130
 0.057  0.092  0.012
 0.038  0.079  0.019
-0.005  0.072  0.011
-0.040  0.033 -0.033
-0.000  0.128  0.091
-0.046  0.042 -0.020
-0.008  0.080  0.005
-0.143 -0.013  0.023
-0.025  0.028  0.002
-0.072  0.017  0.022
-0.014  0.014 -0.033
 0.040  0.137  0.065
 0.010  0.034 -0.033
-0.048  0.036  0.027
-0.009  0.038  0.015
-0.004  0.042  0.018
-0.036  0.012  0.005
-0.022  0.037  0.028
 0.023  0.142  0.133
-0.034  0.032  0.017
 0.004  0.105  0.107
-0.045  0.001  0.001
-0.035  0.036  0.033
-0.050 -0.006 -0.002
-0.004  0.083  0.082
-0.014  0.027  0.010
-0.003  0.087  0.088
-0.054 -0.007 -0.011
-0.034  0.034  0.041
-0.048  0.009  0.032
-0.029  0.026  0.034
-0.043  0.018  0.025
-0.016  0.033  0.040
-0.031  0.010  0.003
-0.021  0.013 -0.015
-0.044 -0.017 -0.040
 0.017  0.108  0.080
-0.011  0.033  0.005
-0.015  0.069  0.049
-0.041  0.013  0.005
-0.030  0.027  0.016
-0.050  0.000 -0.000
-0.047  0.016  0.003
-0.076 -0.019 -0.020
-0.039 -0.003 -0.009
-0.074 -0.033 -0.012
-0.077 -0.066 -0.055
-0.081 -0.067 -0.066
-0.046 -0.013 -0.019
-0.055 -0.045 -0.046
-0.044 -0.018 -0.016
-0.061 -0.058 -0.056
-0.062 -0.040 -0.048
-0.046 -0.048 -0.051
-0.045 -0.034 -0.034
-0.037 -0.054 -0.061
-0.063 -0.083 -0.095
-0.081 -0.133 -0.176
-0.063 -0.099 -0.164
-0.066 -0.101 -0.152
-0.041 -0.023 -0.054
-0.044 -0.043 -0.065
-0.026 -0.019 -0.038
-0.083 -0.070 -0.060
-0.084 -0.108 -0.110
-0.119 -0.123 -0.094
-0.121 -0.129 -0.115
-0.114 -0.116 -0.105
-0.038  0.023  0.019
-0.078 -0.068 -0.079
-0.052 -0.032 -0.050
-0.116 -0.108 -0.106
-0.071 -0.043 -0.059
-0.073 -0.069 -0.094
-0.090 -0.053 -0.053
-0.044 -0.031 -0.044
-0.054 -0.035 -0.018
-0.051 -0.055 -0.055
-0.023 -0.028 -0.036
-0.010 -0.013 -0.033
 0.040  0.084  0.029
 0.074  0.136  0.088
 0.143  0.249  0.218
 0.110  0.184  0.171
 0.048  0.092  0.080
-0.068 -0.114 -0.159
-0.068 -0.107 -0.196
 0.015  0.004 -0.074
 0.062  0.146  0.177
 0.030  0.082  0.116
 0.023  0.045  0.064
-0.052 -0.087 -0.065
-0.037 -0.015  0.002
-0.071 -0.112 -0.115
-0.056 -0.044 -0.034
-0.086 -0.127 -0.119
-0.047 -0.046 -0.028
-0.068 -0.086 -0.071
-0.041 -0.031 -0.008
-0.064 -0.091 -0.071
-0.055 -0.078 -0.070
-0.086 -0.134 -0.121
-0.081 -0.090 -0.060
-0.015 -0.022 -0.013
-0.059 -0.048 -0.002
-0.065 -0.097 -0.111
-0.076 -0.099 -0.101
 0.039  0.026  0.033
 0.119  0.191  0.210
 0.125  0.206  0.261
 0.078  0.212  0.268
 0.072  0.173  0.203
 0.116  0.195  0.156
-0.022 -0.025 -0.069
 0.022  0.089  0.080
 0.138  0.206  0.159
 0.014  0.102  0.052
 0.003  0.012 -0.096
 0.050  0.081  0.037
-0.003 -0.042 -0.044
 0.052  0.073  0.049
 0.026  0.052  0.064
 0.039  0.068  0.154
-0.065 -0.170  0.010
 0.125  0.046  0.216
 0.134  0.033  0.149
 0.012 -0.115 -0.045
 0.077  0.050  0.068
 0.080  0.058  0.085
 0.158  0.183  0.234
 0.125  0.110  0.193
 0.101  0.049  0.138
 0.059 -0.024  0.015
 0.031 -0.023  0.003
 0.047 -0.041  0.007
 0.044 -0.014  0.023
 0.021 -0.059 -0.029
 0.061  0.025  0.056
 0.048 -0.034 -0.025
 0.121  0.061  0.021
 0.155  0.136  0.083
 0.156  0.164  0.177
 0.101  0.037  0.106
 0.014 -0.049  0.070
 0.039 -0.036  0.039
 0.001 -0.028  0.014
 0.093  0.057  0.082
 0.130  0.065  0.144
 0.197  0.176  0.264
 0.019 -0.032  0.012
 0.021  0.065  0.052
-0.003  0.140  0.076
-0.015  0.077  0.010
-0.038 -0.000 -0.051
-0.076  0.003 -0.105
-0.102 -0.121 -0.277
-0.161 -0.168 -0.303
-0.029  0.046 -0.065
-0.099 -0.076 -0.186
-0.117 -0.070 -0.202
-0.180 -0.206 -0.327
-0.159 -0.170 -0.259
-0.141 -0.154 -0.237
-0.148 -0.098 -0.155
-0.086 -0.105 -0.251
-0.094 -0.126 -0.240
-0.131 -0.201 -0.344
-0.116 -0.194 -0.321
-0.039 -0.092 -0.247
-0.036 -0.067 -0.220
 0.078  0.158  0.034
 0.093  0.165  0.059
 0.145  0.245  0.175
 0.072  0.130  0.086
-0.013 -0.010 -0.103
 0.081  0.072 -0.073
 0.083  0.178  0.152
-0.028  0.058  0.049
 0.042 -0.048  0.049
 0.168  0.143  0.211
 0.204  0.190  0.154
 0.146  0.142  0.078
 0.024  0.044 -0.018
 0.061  0.057 -0.032
 0.069  0.086 -0.006
 0.035  0.022 -0.054
 0.058  0.033 -0.052
 0.058  0.114  0.055
-0.016 -0.020 -0.098
-0.030 -0.036 -0.099
 0.035  0.053  0.001
 0.078  0.073  0.018
 0.106  0.138  0.132
 0.101  0.069  0.158
-0.062 -0.125 -0.136
-0.090 -0.048 -0.074
 0.004  0.124  0.097
-0.062 -0.058 -0.182
-0.095 -0.077 -0.190
-0.023  0.068 -0.010
-0.030  0.035 -0.045
-0.026  0.069 -0.018
-0.078 -0.001 -0.086
-0.016  0.098 -0.010
-0.048  0.034 -0.088
 0.028  0.140  0.039
-0.006  0.047 -0.040
 0.020  0.099  0.004
-0.038  0.015 -0.068
-0.010  0.096  0.061
-0.063 -0.016 -0.056
 0.023  0.114  0.081
-0.038 -0.002 -0.055
-0.030  0.042  0.001
-0.089 -0.054 -0.100
-0.076 -0.064 -0.109
-0.114 -0.158 -0.194
-0.060 -0.066 -0.108
-0.110 -0.149 -0.180
-0.056 -0.022 -0.056
-0.040 -0.040 -0.085
-0.011  0.030 -0.028
-0.053 -0.057 -0.106
-0.057 -0.058 -0.119
-0.064 -0.081 -0.130
-0.111 -0.073 -0.054
-0.074 -0.101 -0.104
-0.084 -0.130 -0.145
-0.106 -0.149 -0.150
-0.143 -0.192 -0.165
-0.088 -0.108 -0.102
-0.087 -0.145 -0.110
-0.047 -0.067 -0.019
-0.054 -0.101 -0.093
-0.035 -0.071 -0.058
-0.059 -0.116 -0.108
-0.048 -0.094 -0.067
-0.056 -0.113 -0.078
-0.042 -0.066 -0.019
-0.018 -0.074 -0.089
-0.075 -0.098 -0.067
-0.011 -0.092 -0.092
-0.044 -0.127 -0.123
-0.021 -0.104 -0.116
-0.015 -0.091 -0.080
 0.017  0.004  0.014
 0.000 -0.051 -0.059
-0.005  0.005  0.007
-0.043 -0.106 -0.118
 0.027 -0.039 -0.034
-0.053 -0.087 -0.065
-0.007 -0.090 -0.131
-0.020 -0.089 -0.139
-0.053 -0.130 -0.165
 0.016 -0.026 -0.050
 0.001 -0.076 -0.085
 0.009 -0.040 -0.021
-0.047 -0.109 -0.121
-0.046 -0.112 -0.145
 0.051 -0.083 -0.190
-0.072 -0.142 -0.174
 0.005 -0.032 -0.064
 0.052  0.034 -0.018
-0.039 -0.135 -0.249
-0.066 -0.179 -0.275
-0.092 -0.205 -0.295
-0.076 -0.167 -0.257
-0.100 -0.225 -0.314
-0.095 -0.218 -0.287
-0.084 -0.209 -0.259
-0.103 -0.185 -0.230
-0.044 -0.144 -0.218
-0.072 -0.146 -0.240
-0.048 -0.105 -0.240
-0.076 -0.179 -0.325
-0.035 -0.071 -0.226
-0.044 -0.115 -0.254
 0.089  0.099 -0.050
 0.087  0.103 -0.003
 0.112  0.150  0.060
 0.053  0.067 -0.039
 0.068  0.110  0.016
 0.038  0.048 -0.060
 0.082  0.086 -0.038
 0.046  0.001 -0.147
 0.067  0.035 -0.124
 0.024 -0.030 -0.188
 0.056  0.016 -0.145
 0.032 -0.035 -0.193
 0.052  0.018 -0.137
 0.023 -0.007 -0.155
 0.010  0.015 -0.063
-0.017 -0.009 -0.086
 0.004  0.038 -0.076
-0.033 -0.029 -0.148
-0.005 -0.009 -0.103
 0.015 -0.008 -0.100
 0.006 -0.008 -0.118
 0.019  0.013 -0.127
 0.011  0.012 -0.142
 0.053  0.062 -0.090
 0.004  0.025 -0.100
 0.057  0.090 -0.042
-0.001  0.030 -0.098
 0.064  0.157  0.052
 0.022  0.071 -0.033
 0.039  0.140  0.053
-0.002  0.045 -0.050
 0.050  0.125  0.028
 0.002  0.043 -0.056
 0.077  0.159  0.048
 0.056  0.095 -0.007
 0.081  0.173  0.079
 0.035  0.058 -0.046
 0.099  0.160  0.058
 0.039  0.078 -0.039
 0.063  0.121  0.003
 0.059  0.108 -0.020
 0.068  0.126 -0.010
 0.051  0.093 -0.049
 0.053  0.096 -0.044
 0.067  0.090 -0.062
 0.006  0.105  0.013
 0.058  0.103 -0.020
 0.042  0.095 -0.005
 0.052  0.068 -0.040
 0.053  0.071 -0.020
 0.127  0.146  0.031
 0.151  0.193  0.087
 0.134  0.163  0.045
 0.102  0.142  0.041
 0.131  0.143  0.014
 0.116  0.127  0.006
 0.130  0.148  0.009
 0.085  0.111  0.025
 0.086  0.163  0.099
 0.023  0.022 -0.064
 0.057  0.053 -0.045
-0.001 -0.034 -0.142
-0.071 -0.058 -0.127
 0.024  0.005 -0.132
 0.006 -0.004 -0.125
 0.001 -0.012 -0.139
-0.007 -0.031 -0.144
 0.023  0.025 -0.091
 0.052 -0.006 -0.140
-0.002 -0.056 -0.172
-0.010 -0.054 -0.175
 0.041  0.034 -0.089
-0.033 -0.039 -0.132
-0.011 -0.049 -0.172
 0.023  0.015 -0.108
-0.015 -0.047 -0.168
 0.025  0.012 -0.115
 0.002 -0.026 -0.160
 0.026  0.013 -0.128
 0.050  0.051 -0.108
 0.015  0.001 -0.158
 0.049  0.125  0.010
 0.029  0.017 -0.117
-0.019 -0.027 -0.156
-0.001 -0.002 -0.130
-0.028 -0.028 -0.162
-0.045 -0.026 -0.152
-0.017 -0.016 -0.140
-0.025 -0.035 -0.156
-0.011  0.027 -0.096
-0.044 -0.077 -0.195
 0.001  0.003 -0.123
-0.039 -0.050 -0.155
-0.006 -0.015 -0.108
-0.055 -0.105 -0.175
