 0.300  0.656  0.358
 0.299  0.665  0.379
 0.303  0.671  0.394
 0.290  0.680  0.421
 0.340  0.712  0.407
 0.301  0.669  0.378
 0.315  0.658  0.384
 0.266  0.629  0.372
 0.363  0.717  0.405
 0.295  0.630  0.351
 0.345  0.668  0.343
 0.290  0.613  0.336
 0.300  0.614  0.359
 0.309  0.647  0.365
 0.239  0.636  0.374
 0.309  0.691  0.406
 0.272  0.675  0.385
 0.249  0.642  0.415
 0.170  0.725  0.534
 0.248  0.645  0.442
 0.179  0.519  0.390
 0.200  0.425  0.324
 0.180  0.420  0.337
 0.222  0.450  0.340
 0.221  0.406  0.314
 0.242  0.400  0.311
 0.204  0.373  0.294
 0.214  0.378  0.297
 0.199  0.359  0.300
 0.271  0.423  0.342
 0.249  0.400  0.337
 0.325  0.483  0.357
 0.282  0.429  0.322
 0.356  0.531  0.371
 0.279  0.439  0.331
 0.351  0.478  0.358
 0.290  0.429  0.333
 0.212  0.385  0.332
 0.280  0.375  0.312
 0.275  0.389  0.319
 0.302  0.402  0.319
 0.312  0.424  0.319
 0.408  0.537  0.374
 0.343  0.442  0.288
 0.413  0.501  0.346
 0.309  0.397  0.275
 0.360  0.465  0.316
 0.279  0.371  0.259
 0.310  0.387  0.269
 0.353  0.410  0.265
 0.416  0.446  0.289
 0.347  0.372  0.242
 0.308  0.330  0.214
 0.318  0.301  0.208
 0.292  0.280  0.201
 0.386  0.379  0.261
 0.347  0.344  0.229
 0.403  0.393  0.271
 0.312  0.283  0.196
 0.333  0.286  0.213
 0.310  0.288  0.213
 0.373  0.366  0.262
 0.358  0.335  0.213
 0.344  0.350  0.213
 0.344  0.351  0.221
 0.315  0.348  0.212
 0.365  0.422  0.223
 0.360  0.437  0.235
 0.407  0.495  0.244
 0.345  0.452  0.222
 0.370  0.461  0.263
 0.304  0.421  0.256
 0.200  0.362  0.270
 0.312  0.401  0.248
 0.304  0.415  0.247
 0.306  0.407  0.231
 0.282  0.371  0.230
 0.367  0.454  0.298
 0.282  0.374  0.240
 0.298  0.383  0.233
 0.283  0.382  0.220
 0.221  0.399  0.274
 0.313  0.419  0.240
 0.280  0.446  0.304
 0.288  0.388  0.219
 0.260  0.363  0.206
 0.293  0.393  0.235
 0.224  0.340  0.206
 0.237  0.361  0.208
 0.225  0.337  0.199
 0.284  0.424  0.258
 0.215  0.309  0.203
 0.201  0.319  0.218
 0.270  0.399  0.258
 0.209  0.336  0.206
 0.224  0.362  0.214
 0.216  0.337  0.204
 0.240  0.404  0.294
 0.215  0.293  0.192
 0.195  0.286  0.194
 0.263  0.403  0.246
 0.185  0.319  0.195
 0.204  0.316  0.201
 0.161  0.279  0.189
 0.205  0.320  0.231
 0.143  0.228  0.189
 0.132  0.220  0.188
 0.181  0.271  0.223
 0.147  0.232  0.200
 0.178  0.280  0.213
 0.155  0.259  0.207
 0.151  0.255  0.203
 0.147  0.229  0.200
 0.132  0.293  0.270
 0.132  0.209  0.186
 0.110  0.174  0.180
 0.178  0.248  0.232
 0.111  0.189  0.170
 0.104  0.215  0.129
 0.084  0.192  0.121
 0.099  0.189  0.118
 0.088  0.178  0.120
 0.118  0.175  0.118
 0.118  0.163  0.132
 0.103  0.146  0.134
 0.168  0.237  0.188
 0.112  0.165  0.130
 0.147  0.187  0.132
 0.108  0.113  0.104
 0.118  0.118  0.110
 0.102  0.094  0.100
 0.109  0.086  0.110
 0.143  0.133  0.101
 0.127  0.136  0.079
 0.139  0.190  0.086
 0.045  0.110  0.011
 0.087  0.135  0.039
 0.056  0.117  0.034
 0.023  0.130  0.054
 0.082  0.149  0.056
 0.006  0.128  0.106
 0.077  0.104  0.037
 0.072  0.092  0.063
 0.118  0.084  0.081
 0.111  0.074  0.071
 0.183  0.159  0.129
 0.109  0.054  0.065
 0.155  0.103  0.094
 0.094  0.073  0.072
 0.026  0.144  0.089
 0.140  0.268  0.083
 0.121  0.327  0.167
 0.162  0.292  0.183
 0.156  0.257  0.273
 0.148  0.272  0.293
 0.129  0.274  0.274
 0.141  0.320  0.271
 0.113  0.317  0.241
 0.048  0.273  0.225
 0.117  0.312  0.225
-0.013  0.209  0.222
 0.090  0.197  0.196
 0.053  0.175  0.150
 0.050  0.242  0.106
 0.023  0.170  0.084
 0.135  0.312  0.246
 0.100  0.247  0.214
 0.150  0.301  0.274
 0.078  0.207  0.210
 0.143  0.308  0.269
 0.088  0.240  0.190
 0.116  0.205  0.182
 0.086  0.151  0.133
 0.091  0.147  0.111
 0.092  0.171  0.130
 0.070  0.236  0.188
 0.086  0.187  0.114
 0.056  0.169  0.090
 0.064  0.142  0.082
 0.030  0.096  0.090
 0.052  0.114  0.089
 0.015  0.078  0.075
 0.104  0.172  0.146
 0.033  0.094  0.079
 0.073  0.140  0.103
 0.055  0.099  0.086
 0.099  0.143  0.100
 0.044  0.093  0.080
 0.016  0.077  0.090
 0.023  0.078  0.083
 0.010  0.070  0.067
 0.038  0.087  0.055
 0.026  0.077  0.060
 0.068  0.138  0.092
-0.002  0.051  0.023
 0.023  0.049  0.018
-0.005  0.017 -0.003
 0.063  0.063  0.019
 0.004  0.006 -0.021
 0.011 -0.003 -0.022
 0.010  0.018 -0.021
-0.039  0.046  0.030
 0.015  0.036 -0.028
 0.065  0.110  0.049
 0.011  0.011 -0.019
 0.011  0.011  0.018
 0.028  0.020  0.020
 0.010  0.001  0.013
 0.062  0.043  0.045
 0.019 -0.005 -0.003
 0.023 -0.003 -0.009
 0.021 -0.023 -0.016
-0.004 -0.028 -0.004
 0.020 -0.025  0.004
 0.035 -0.009  0.019
 0.066  0.014  0.033
 0.041 -0.008  0.042
 0.042 -0.012  0.031
 0.023 -0.012  0.035
 0.095  0.069  0.085
 0.043  0.031  0.053
 0.066  0.065  0.064
 0.036  0.020  0.062
 0.039  0.016  0.051
 0.023 -0.048  0.041
 0.015 -0.053  0.042
 0.051  0.042  0.087
 0.058  0.053  0.153
 0.102  0.028  0.147
-0.030  0.090  0.033
-0.052  0.058  0.007
-0.028 -0.069  0.032
-0.007 -0.016  0.083
 0.033 -0.010  0.077
 0.042 -0.021  0.055
 0.040 -0.084  0.024
-0.005 -0.110  0.013
 0.027 -0.118  0.007
 0.019 -0.097  0.017
 0.088 -0.023  0.082
 0.039 -0.025  0.090
-0.035 -0.015  0.094
 0.028  0.034  0.087
 0.048  0.109  0.080
-0.021  0.014 -0.003
-0.045 -0.005 -0.007
-0.017  0.006  0.014
-0.015  0.004  0.049
 0.078  0.070  0.123
 0.053  0.028  0.122
 0.054  0.031  0.113
 0.035 -0.022  0.065
 0.052 -0.010  0.050
 0.043 -0.022  0.041
 0.022 -0.043 -0.013
 0.081  0.039  0.006
 0.003 -0.065 -0.080
 0.023 -0.052 -0.086
-0.030 -0.108 -0.133
-0.108 -0.102 -0.077
 0.011 -0.064 -0.111
 0.000 -0.053 -0.109
 0.038 -0.026 -0.093
-0.011 -0.073 -0.096
 0.044 -0.012 -0.034
-0.035 -0.105 -0.092
-0.021 -0.095 -0.084
-0.035 -0.109 -0.099
-0.024 -0.089 -0.094
-0.019 -0.074 -0.089
-0.062 -0.118 -0.100
-0.029 -0.090 -0.063
-0.057 -0.139 -0.087
-0.027 -0.082 -0.078
-0.045 -0.103 -0.081
-0.014 -0.082 -0.060
-0.035 -0.087 -0.050
-0.018 -0.070 -0.035
 0.052  0.042  0.031
-0.018 -0.069 -0.055
 0.013 -0.047 -0.036
-0.035 -0.100 -0.054
-0.090 -0.074  0.015
-0.038 -0.092 -0.035
-0.025 -0.055 -0.015
 0.028  0.017  0.036
-0.009 -0.028 -0.001
 0.036  0.017  0.037
-0.000 -0.056  0.001
 0.073  0.031  0.045
 0.007 -0.042 -0.017
-0.004 -0.050 -0.011
 0.025 -0.027 -0.010
 0.035  0.003  0.010
 0.056  0.036  0.014
-0.002 -0.004  0.000
 0.037  0.066  0.068
-0.027 -0.009  0.016
-0.008  0.005  0.023
-0.040 -0.022  0.018
 0.011  0.065  0.093
-0.024  0.010  0.052
-0.009  0.044  0.059
 0.044  0.140  0.106
-0.022  0.038  0.024
 0.026  0.102  0.072
-0.049 -0.013 -0.011
-0.062 -0.031 -0.021
-0.030  0.004  0.001
-0.031  0.008  0.003
-0.009  0.022  0.012
-0.046 -0.015 -0.011
-0.007  0.032  0.030
-0.069 -0.038 -0.023
-0.088 -0.030 -0.003
-0.035 -0.007 -0.003
 0.015  0.000  0.001
-0.055 -0.085 -0.066
-0.060 -0.087 -0.057
 0.008 -0.019 -0.036
-0.027 -0.057 -0.066
-0.018 -0.016 -0.051
-0.021 -0.020 -0.064
-0.120 -0.066 -0.047
-0.019 -0.029 -0.050
-0.030 -0.033 -0.051
-0.069 -0.073 -0.069
-0.035 -0.060 -0.062
-0.074 -0.105 -0.090
-0.064 -0.090 -0.069
-0.017 -0.045 -0.059
-0.018 -0.046 -0.054
 0.039  0.014 -0.012
-0.017 -0.022 -0.039
-0.014 -0.014 -0.034
-0.046 -0.055 -0.041
-0.059 -0.063 -0.026
-0.044 -0.061 -0.026
-0.055 -0.078 -0.055
-0.003 -0.025 -0.031
-0.023 -0.034 -0.053
-0.048 -0.049 -0.062
-0.033 -0.063 -0.071
-0.033 -0.071 -0.063
 0.013 -0.037 -0.051
 0.013 -0.016 -0.040
 0.065  0.048  0.011
-0.001 -0.044 -0.029
-0.035 -0.057 -0.030
-0.032 -0.072 -0.043
-0.020 -0.060 -0.054
 0.035 -0.007 -0.037
 0.006 -0.045 -0.044
 0.026 -0.028 -0.047
-0.000 -0.058 -0.057
-0.084 -0.071 -0.042
 0.024 -0.015 -0.045
 0.003 -0.023 -0.028
 0.023 -0.029 -0.017
 0.023  0.004 -0.012
 0.081  0.084  0.043
-0.011 -0.036 -0.044
 0.016 -0.061 -0.002
 0.014 -0.069  0.031
 0.077  0.055  0.119
-0.004  0.024  0.064
-0.049  0.043  0.039
-0.021  0.069  0.042
-0.028  0.050  0.013
 0.040  0.151  0.069
-0.016  0.073  0.032
 0.041  0.115  0.081
-0.006  0.061  0.047
-0.077  0.043  0.053
 0.037  0.090  0.040
 0.015  0.078  0.025
 0.011  0.071  0.028
-0.022  0.043  0.043
 0.057  0.141  0.104
 0.009  0.081  0.044
 0.053  0.104  0.047
 0.011  0.087  0.077
 0.041  0.117  0.099
 0.021  0.108  0.081
-0.009  0.078  0.073
-0.001  0.065  0.050
-0.003  0.068  0.057
 0.003  0.060  0.047
-0.022  0.057  0.043
 0.056  0.142  0.112
 0.025  0.107  0.093
 0.049  0.148  0.096
 0.023  0.125  0.049
 0.021  0.120  0.040
-0.000  0.082  0.022
-0.007  0.079  0.042
 0.022  0.092  0.058
 0.019  0.091  0.058
 0.071  0.140  0.082
 0.050  0.133  0.074
 0.114  0.211  0.119
 0.043  0.097  0.040
 0.086  0.169  0.101
 0.015  0.072  0.049
 0.069  0.123  0.081
 0.006  0.053  0.043
-0.025  0.036  0.026
 0.015  0.064  0.039
 0.006  0.075  0.026
 0.039  0.088  0.022
-0.003  0.051  0.010
 0.030  0.096  0.046
-0.026  0.030  0.009
 0.011  0.051  0.034
-0.019  0.025  0.012
 0.040  0.097  0.061
 0.024  0.064  0.050
 0.015  0.065  0.049
 0.069  0.149  0.114
 0.006  0.062  0.061
 0.063  0.153  0.119
-0.014  0.047  0.061
 0.005  0.052  0.074
 0.013  0.071  0.072
 0.023  0.071  0.067
 0.047  0.085  0.050
 0.016  0.051  0.035
 0.060  0.115  0.073
-0.014  0.021  0.019
-0.007  0.020  0.015
-0.034  0.008  0.022
 0.022  0.064  0.053
 0.015  0.055  0.071
 0.002  0.055  0.079
 0.054  0.131  0.122
 0.018  0.095  0.088
 0.078  0.173  0.135
 0.025  0.104  0.085
 0.046  0.122  0.078
-0.016  0.074  0.054
-0.345 -0.181 -0.109
-0.019  0.064  0.044
-0.024  0.052  0.035
 0.037  0.123  0.081
 0.008  0.093  0.057
 0.051  0.131  0.075
 0.012  0.096  0.053
 0.026  0.112  0.061
-0.013  0.076  0.055
-0.024  0.073  0.061
-0.016  0.078  0.066
-0.003  0.090  0.084
 0.017  0.121  0.079
-0.017  0.097  0.047
 0.043  0.168  0.103
-0.030  0.071  0.016
 0.027  0.128  0.062
-0.056  0.018 -0.010
-0.104  0.010 -0.006
-0.041  0.043  0.005
-0.035  0.052  0.036
 0.053  0.152  0.097
 0.007  0.110  0.043
 0.039  0.126  0.079
 0.030  0.112  0.077
-0.092  0.049  0.077
-0.017  0.059  0.043
-0.034  0.025  0.018
 0.040  0.094  0.049
-0.016  0.025 -0.008
-0.033  0.038  0.003
-0.004  0.051  0.026
-0.016  0.034  0.035
-0.006  0.034  0.037
-0.011  0.036  0.055
 0.031  0.090  0.069
 0.018  0.065  0.055
 0.023  0.085  0.040
 0.034  0.066  0.020
-0.000  0.022 -0.021
 0.001  0.007 -0.043
-0.034 -0.020 -0.047
 0.030  0.038  0.002
-0.054 -0.039 -0.047
-0.135 -0.050  0.014
-0.022 -0.023 -0.011
-0.011 -0.009  0.004
 0.077  0.101  0.067
 0.033  0.041  0.024
 0.072  0.079  0.040
-0.003 -0.015 -0.033
 0.015 -0.025 -0.032
-0.014 -0.044 -0.058
-0.022 -0.046 -0.066
 0.009 -0.016 -0.046
-0.028 -0.037 -0.077
 0.034  0.041 -0.018
 0.016  0.030 -0.005
 0.061  0.070  0.020
 0.029  0.038  0.003
 0.062  0.066  0.030
 0.012  0.020  0.018
-0.043  0.038  0.084
 0.010 -0.009  0.005
-0.011 -0.026 -0.015
 0.056  0.051  0.025
 0.004 -0.022 -0.041
 0.043  0.024 -0.023
 0.010 -0.011 -0.042
 0.024  0.010 -0.025
 0.003 -0.017 -0.035
 0.007 -0.017 -0.020
 0.034 -0.004 -0.014
 0.019 -0.007  0.004
 0.052  0.034  0.044
 0.025  0.011  0.019
-0.047  0.012  0.049
 0.043  0.013  0.012
 0.036 -0.006  0.016
 0.096  0.064  0.049
 0.053  0.020  0.014
 0.070  0.039  0.038
 0.029  0.015  0.007
-0.096 -0.049 -0.014
-0.003 -0.016 -0.014
-0.012 -0.014 -0.006
 0.035  0.030  0.037
 0.020  0.023  0.039
 0.063  0.051  0.046
 0.053  0.043  0.040
-0.044  0.010  0.051
 0.073  0.062  0.023
 0.103  0.091  0.019
 0.048  0.028 -0.019
 0.013  0.007 -0.029
 0.022  0.016 -0.020
-0.012 -0.021 -0.032
 0.007  0.001 -0.022
 0.012  0.012 -0.007
 0.047  0.050  0.014
 0.061  0.072  0.037
 0.047  0.054  0.031
 0.035  0.038  0.022
 0.011  0.019  0.024
 0.023  0.021  0.014
-0.009 -0.008 -0.003
-0.002 -0.002  0.004
-0.008 -0.002 -0.003
-0.003  0.005 -0.004
 0.017  0.025 -0.009
-0.004 -0.007 -0.035
 0.045  0.040 -0.006
-0.030 -0.061 -0.087
 0.006 -0.029 -0.071
-0.033 -0.068 -0.086
-0.038 -0.071 -0.097
 0.010 -0.032 -0.074
 0.017 -0.000 -0.054
 0.077  0.082  0.004
-0.000 -0.009 -0.066
 0.066  0.064 -0.009
-0.009 -0.012 -0.062
-0.079 -0.041 -0.059
-0.024 -0.028 -0.077
-0.025 -0.045 -0.090
 0.024  0.011 -0.056
-0.023 -0.058 -0.086
-0.005 -0.046 -0.069
-0.036 -0.084 -0.086
-0.008 -0.046 -0.036
-0.003 -0.027 -0.026
-0.016 -0.028 -0.045
 0.024  0.013 -0.039
 0.015 -0.011 -0.054
 0.044  0.013 -0.062
-0.013 -0.049 -0.107
-0.012 -0.040 -0.108
-0.041 -0.068 -0.142
-0.047 -0.065 -0.148
 0.008 -0.006 -0.119
-0.025 -0.036 -0.139
 0.028  0.040 -0.067
-0.025 -0.012 -0.084
-0.012 -0.005 -0.074
-0.018 -0.020 -0.072
-0.016 -0.016 -0.068
 0.022  0.028 -0.043
 0.002  0.014 -0.033
 0.033  0.038 -0.009
-0.030 -0.028 -0.071
-0.055 -0.051 -0.096
-0.049 -0.050 -0.092
-0.039 -0.030 -0.079
-0.025 -0.021 -0.084
-0.044 -0.016 -0.082
 0.037  0.070 -0.010
-0.026 -0.036 -0.088
 0.005 -0.007 -0.084
-0.009 -0.006 -0.091
-0.054  0.006 -0.039
 0.045  0.071  0.008
 0.104  0.140  0.058
 0.038  0.050  0.011
 0.032  0.054  0.016
 0.122  0.159  0.083
 0.098  0.140  0.070
 0.138  0.184  0.098
 0.070  0.115  0.055
 0.089  0.120  0.056
 0.054  0.079  0.035
 0.064  0.142  0.095
 0.059  0.079  0.045
 0.069  0.105  0.059
 0.097  0.143  0.066
 0.070  0.095  0.056
 0.072  0.086  0.035
 0.037  0.055  0.024
 0.060  0.067  0.038
 0.054  0.069  0.037
 0.120  0.161  0.086
 0.066  0.107  0.030
 0.176  0.198  0.128
 0.135  0.156  0.102
 0.097  0.118  0.089
 0.140  0.174  0.127
 0.125  0.162  0.127
 0.178  0.200  0.159
 0.125  0.141  0.133
 0.125  0.126  0.159
 0.117  0.117  0.162
 0.132  0.134  0.163
 0.128  0.133  0.134
 0.134  0.140  0.170
 0.142  0.138  0.158
 0.127  0.122  0.163
 0.233  0.227  0.229
 0.227  0.229  0.212
 0.179  0.205  0.222
 0.210  0.182  0.189
 0.185  0.167  0.161
 0.183  0.146  0.139
 0.162  0.132  0.154
 0.196  0.169  0.190
 0.274  0.243  0.271
 0.265  0.249  0.270
 0.265  0.235  0.249
 0.231  0.196  0.236
 0.230  0.191  0.232
 0.200  0.161  0.207
 0.225  0.175  0.216
 0.188  0.136  0.170
 0.072  0.071  0.139
 0.154  0.082  0.092
 0.105  0.032  0.060
 0.139  0.049  0.065
 0.146  0.079  0.069
 0.184  0.126  0.089
 0.127  0.056  0.053
 0.018 -0.003  0.053
 0.139  0.060  0.059
 0.155  0.081  0.059
 0.223  0.173  0.121
 0.147  0.080  0.062
 0.193  0.109  0.074
 0.119  0.032  0.008
 0.049 -0.017  0.004
 0.112  0.005 -0.014
 0.105  0.025 -0.003
 0.111  0.026 -0.017
 0.062 -0.022 -0.049
 0.070 -0.009 -0.035
 0.009 -0.053 -0.046
 0.023 -0.035 -0.055
 0.006 -0.066 -0.056
 0.019 -0.055 -0.030
 0.042 -0.029 -0.016
-0.022 -0.078 -0.021
 0.015 -0.085 -0.044
 0.003 -0.090 -0.061
 0.087  0.013 -0.008
 0.033 -0.063 -0.059
 0.023 -0.084 -0.077
-0.014 -0.122 -0.099
-0.014 -0.124 -0.095
 0.040 -0.078 -0.068
 0.005 -0.075 -0.105
 0.007 -0.082 -0.115
-0.042 -0.139 -0.153
-0.073 -0.177 -0.175
-0.072 -0.191 -0.188
-0.049 -0.159 -0.174
 0.028 -0.076 -0.120
-0.028 -0.119 -0.148
-0.031 -0.128 -0.129
-0.066 -0.161 -0.138
-0.050 -0.139 -0.118
 0.023 -0.060 -0.064
-0.010 -0.083 -0.100
 0.020 -0.074 -0.074
-0.041 -0.149 -0.132
-0.052 -0.108 -0.075
-0.010 -0.143 -0.132
 0.024 -0.098 -0.105
 0.051 -0.054 -0.071
 0.015 -0.097 -0.087
 0.037 -0.072 -0.066
 0.021 -0.084 -0.055
 0.032 -0.068 -0.049
 0.042 -0.061 -0.055
 0.096 -0.002 -0.009
 0.059 -0.038 -0.017
 0.064 -0.037 -0.004
 0.059 -0.038 -0.023
 0.063 -0.040 -0.027
 0.078 -0.025 -0.027
 0.047 -0.041 -0.032
 0.045 -0.052 -0.036
 0.013 -0.081 -0.047
 0.026 -0.085 -0.054
 0.010 -0.094 -0.054
 0.019 -0.082 -0.065
 0.041 -0.072 -0.070
 0.035 -0.070 -0.071
 0.098 -0.017 -0.034
 0.053 -0.055 -0.076
-0.007 -0.103 -0.105
 0.004 -0.101 -0.072
-0.014 -0.090 -0.080
 0.061 -0.012 -0.018
 0.041 -0.029 -0.030
 0.070 -0.000  0.000
 0.026 -0.043 -0.019
 0.074  0.039  0.053
 0.048 -0.028  0.005
 0.062 -0.001  0.022
 0.126  0.086  0.076
 0.044 -0.026 -0.012
 0.056 -0.019 -0.007
-0.014 -0.105 -0.065
 0.032 -0.025  0.005
 0.016 -0.069 -0.045
 0.032 -0.040 -0.023
 0.117  0.070  0.059
 0.046 -0.015 -0.003
 0.083  0.016  0.019
 0.037 -0.026  0.007
 0.092  0.069  0.093
 0.070  0.018  0.044
 0.074  0.020  0.042
 0.097  0.060  0.058
 0.034 -0.008  0.016
 0.083  0.049  0.055
 0.004 -0.036 -0.007
-0.095 -0.061  0.021
 0.043  0.005  0.002
 0.050  0.017  0.006
 0.073  0.031  0.028
 0.025 -0.016  0.014
 0.063  0.025  0.047
-0.005 -0.038  0.008
-0.074 -0.031  0.053
 0.073  0.039  0.057
 0.056  0.033  0.048
 0.058  0.020  0.036
 0.011 -0.034  0.011
 0.023 -0.019  0.010
-0.050 -0.107 -0.041
-0.047 -0.115 -0.044
-0.048 -0.113 -0.031
-0.046 -0.078 -0.004
-0.023 -0.064  0.013
-0.025 -0.066  0.006
 0.048  0.016  0.054
 0.031 -0.003  0.032
 0.066  0.031  0.059
 0.018 -0.010  0.041
 0.061  0.046  0.093
-0.010 -0.044  0.021
-0.025 -0.057  0.011
 0.050  0.020  0.062
 0.013 -0.014  0.021
 0.019 -0.008  0.045
 0.031 -0.006  0.051
-0.075 -0.051  0.067
 0.023 -0.014  0.056
 0.004 -0.037  0.047
 0.052  0.010  0.075
-0.008 -0.073  0.009
-0.026 -0.102 -0.014
 0.005 -0.086 -0.020
 0.019 -0.062 -0.015
 0.069 -0.003  0.016
 0.030 -0.033 -0.003
 0.100  0.050  0.088
 0.041 -0.036  0.027
 0.083  0.001  0.062
 0.077  0.007  0.077
 0.090  0.021  0.099
 0.115  0.045  0.114
 0.083  0.012  0.096
 0.107  0.031  0.114
 0.048 -0.040  0.067
 0.030 -0.050  0.055
-0.003 -0.082  0.034
-0.003 -0.080  0.028
 0.035 -0.045  0.042
 0.021 -0.051  0.029
 0.058 -0.027  0.042
 0.046 -0.045  0.023
-0.072 -0.094  0.031
 0.027 -0.047  0.033
-0.014 -0.081  0.023
 0.037 -0.025  0.058
-0.003 -0.072  0.025
-0.028 -0.067  0.038
 0.044 -0.018  0.040
 0.099  0.037  0.083
 0.018 -0.056  0.022
-0.021 -0.102 -0.007
 0.055 -0.016  0.047
 0.026 -0.049  0.023
-0.027 -0.056  0.044
 0.076 -0.003  0.050
 0.074 -0.016  0.034
 0.057 -0.036  0.024
 0.029 -0.053  0.021
 0.070 -0.016  0.043
 0.043 -0.036  0.022
 0.103  0.015  0.046
 0.075 -0.009  0.045
 0.047 -0.023  0.031
 0.086  0.009  0.053
 0.024 -0.061 -0.000
 0.004 -0.060  0.007
 0.077 -0.005  0.037
 0.100  0.034  0.073
 0.116  0.042  0.079
 0.095  0.013  0.071
 0.125  0.055  0.097
 0.054 -0.035  0.037
 0.064 -0.016  0.039
 0.072 -0.011  0.021
 0.073 -0.002  0.037
 0.065 -0.007  0.036
 0.027 -0.010  0.037
 0.079  0.038  0.083
 0.056  0.012  0.060
 0.004  0.005  0.083
 0.121  0.053  0.073
 0.082  0.025  0.046
 0.065  0.005  0.019
 0.027 -0.027 -0.001
 0.048 -0.005  0.000
 0.052  0.003 -0.002
-0.050 -0.027  0.017
 0.059  0.003  0.017
 0.041 -0.006  0.027
 0.094  0.063  0.079
 0.056  0.023  0.035
 0.082  0.059  0.059
 0.111  0.069  0.055
 0.090  0.036  0.036
 0.076  0.006  0.003
 0.043 -0.030 -0.006
 0.051 -0.016 -0.008
 0.024 -0.042 -0.024
 0.037 -0.022 -0.013
 0.081  0.027  0.012
 0.074  0.030  0.023
 0.067  0.011  0.020
 0.013 -0.026 -0.024
 0.062  0.019  0.009
 0.050  0.017  0.013
 0.123  0.100  0.053
 0.072  0.028  0.010
 0.041  0.006 -0.001
 0.061  0.040  0.029
 0.000 -0.023 -0.004
 0.017  0.011  0.006
 0.032  0.020  0.026
-0.056  0.014  0.064
-0.002 -0.002 -0.005
 0.054  0.069  0.036
-0.011 -0.031 -0.027
-0.024 -0.048 -0.037
 0.027  0.005 -0.021
 0.021 -0.000 -0.028
-0.067 -0.027  0.002
-0.002  0.003 -0.005
-0.031 -0.007 -0.016
-0.003  0.023  0.011
-0.016  0.007  0.011
 0.030  0.063  0.033
-0.010  0.009  0.007
-0.073 -0.029 -0.004
-0.030 -0.026 -0.026
-0.035 -0.028 -0.018
 0.035  0.056  0.029
 0.022  0.037  0.023
 0.083  0.107  0.085
 0.009  0.033  0.019
 0.014  0.026  0.014
-0.027 -0.007  0.002
-0.027  0.003  0.002
-0.001  0.020 -0.005
 0.006  0.030 -0.001
 0.059  0.095  0.056
-0.006  0.011 -0.005
 0.048  0.077  0.044
-0.026 -0.018 -0.017
-0.019  0.004 -0.002
-0.008  0.020  0.010
 0.015  0.048  0.037
 0.031  0.059  0.033
-0.006  0.027  0.023
 0.029  0.063  0.050
-0.052 -0.044 -0.027
-0.033 -0.023 -0.025
-0.023 -0.016 -0.019
-0.013  0.049  0.042
-0.046 -0.040 -0.035
-0.049 -0.026 -0.018
 0.035  0.068  0.054
-0.008  0.015  0.013
-0.005  0.016  0.012
-0.034 -0.027 -0.005
-0.037 -0.049  0.018
-0.015 -0.046 -0.003
 0.000 -0.034  0.004
 0.053  0.008  0.034
-0.016 -0.059 -0.012
-0.076 -0.094 -0.026
-0.031 -0.069 -0.043
-0.004 -0.047  0.006
 0.034  0.005  0.041
-0.002 -0.017  0.014
-0.005 -0.041  0.010
-0.034 -0.074 -0.018
 0.012 -0.046 -0.005
 0.025 -0.024  0.002
-0.078 -0.058  0.020
 0.008 -0.047 -0.021
-0.003 -0.055 -0.011
 0.012 -0.045 -0.014
 0.013 -0.033 -0.012
 0.053  0.010  0.020
-0.019 -0.077 -0.036
-0.017 -0.074 -0.033
-0.032 -0.095 -0.037
 0.006 -0.051 -0.015
 0.058 -0.001  0.000
 0.035 -0.039 -0.013
 0.086 -0.004  0.049
 0.004 -0.096 -0.008
-0.030 -0.091  0.008
 0.009 -0.065  0.011
 0.015 -0.048  0.024
 0.023 -0.042  0.019
-0.018 -0.091 -0.015
 0.038 -0.035  0.013
 0.004 -0.066 -0.037
 0.046 -0.030 -0.015
 0.014 -0.061 -0.036
-0.099 -0.121 -0.022
-0.000 -0.098 -0.058
-0.014 -0.094 -0.056
 0.062 -0.005  0.013
 0.013 -0.048 -0.013
 0.036 -0.020  0.011
-0.002 -0.064 -0.018
-0.007 -0.018  0.023
 0.006 -0.064 -0.048
 0.014 -0.054 -0.041
 0.043 -0.029 -0.031
 0.013 -0.064 -0.047
 0.066 -0.004 -0.013
 0.007 -0.072 -0.059
 0.001 -0.083 -0.057
 0.007 -0.081 -0.056
-0.006 -0.086 -0.064
 0.010 -0.075 -0.056
-0.014 -0.083 -0.055
 0.042 -0.013  0.005
-0.001 -0.059 -0.034
-0.001 -0.037 -0.021
 0.024 -0.034 -0.027
 0.016 -0.044 -0.036
-0.025 -0.075 -0.050
-0.052 -0.099 -0.059
 0.027 -0.022 -0.012
-0.009 -0.065 -0.050
 0.006 -0.046 -0.049
-0.023 -0.072 -0.056
-0.138 -0.112 -0.026
-0.024 -0.071 -0.045
-0.006 -0.031 -0.023
 0.050  0.035  0.031
-0.026 -0.050 -0.027
-0.016 -0.037 -0.031
-0.096 -0.131 -0.106
-0.099 -0.122 -0.089
-0.058 -0.097 -0.063
-0.048 -0.037 -0.005
-0.060 -0.102 -0.074
-0.064 -0.096 -0.062
-0.017 -0.041 -0.024
-0.036 -0.061 -0.035
-0.016 -0.045 -0.028
-0.023 -0.049 -0.025
 0.046  0.050  0.054
 0.011 -0.022  0.001
-0.037 -0.069 -0.032
-0.032 -0.075 -0.033
-0.046 -0.087 -0.036
-0.012 -0.061 -0.028
-0.021 -0.047 -0.048
-0.092 -0.034 -0.010
-0.007 -0.011 -0.030
-0.020 -0.037 -0.034
-0.018 -0.030 -0.038
-0.026 -0.024 -0.032
 0.025  0.030  0.004
-0.003 -0.008 -0.026
 0.009  0.001 -0.024
-0.023 -0.043 -0.036
-0.040  0.004  0.022
-0.005 -0.030 -0.029
 0.016 -0.008 -0.008
 0.088  0.090  0.052
 0.015 -0.015 -0.021
 0.053  0.044  0.016
-0.010 -0.029 -0.019
-0.022  0.014  0.046
 0.005 -0.019 -0.011
 0.008 -0.015 -0.016
 0.038  0.020  0.003
-0.022 -0.044 -0.040
 0.013 -0.008 -0.009
-0.009 -0.021 -0.013
 0.056  0.047  0.027
 0.063  0.066  0.052
 0.051  0.048  0.052
 0.058  0.043  0.045
 0.016 -0.006  0.010
 0.072  0.048  0.040
 0.075  0.060  0.036
 0.026  0.030  0.033
 0.035  0.010 -0.008
 0.008 -0.015 -0.012
 0.025  0.002  0.002
 0.007 -0.019 -0.010
 0.043  0.017  0.020
 0.014 -0.013  0.001
-0.084 -0.038  0.038
 0.024 -0.004  0.023
 0.038  0.023  0.019
 0.119  0.115  0.090
 0.052  0.023  0.023
 0.086  0.065  0.073
 0.014 -0.024  0.026
-0.011 -0.025  0.059
 0.036 -0.004  0.033
 0.035  0.007  0.030
 0.042  0.001  0.030
 0.003 -0.028  0.023
 0.014 -0.035  0.016
 0.002 -0.040  0.004
 0.060  0.012  0.037
 0.062  0.024  0.046
 0.098  0.054  0.077
 0.036 -0.013  0.027
 0.031 -0.007  0.037
 0.107  0.076  0.072
 0.064  0.037  0.013
 0.086  0.043  0.041
 0.055  0.012  0.023
 0.042  0.005  0.032
 0.023 -0.020  0.015
 0.031 -0.015  0.008
 0.101  0.055  0.048
 0.084  0.030  0.034
 0.124  0.094  0.093
 0.038 -0.005  0.021
 0.094  0.069  0.080
 0.033 -0.004  0.028
-0.029 -0.007  0.065
 0.088  0.040  0.041
 0.054  0.003  0.025
 0.043 -0.020  0.011
 0.010 -0.040  0.003
 0.046  0.003  0.034
 0.057  0.029  0.054
 0.088  0.063  0.072
 0.070  0.048  0.065
 0.051  0.026  0.060
 0.085  0.065  0.092
 0.059  0.022  0.043
 0.085  0.055  0.058
 0.086  0.049  0.049
 0.078  0.038  0.058
 0.064  0.017  0.034
 0.037  0.017  0.026
 0.072  0.045  0.037
 0.042  0.010  0.003
 0.008 -0.031 -0.024
-0.010 -0.047 -0.044
-0.008 -0.057 -0.041
 0.048  0.009 -0.011
 0.033 -0.009 -0.016
 0.087  0.061  0.039
 0.023 -0.033 -0.020
 0.008 -0.033 -0.015
 0.013 -0.021 -0.017
 0.023 -0.021 -0.015
 0.014 -0.024 -0.024
-0.029 -0.073 -0.054
-0.026 -0.075 -0.048
-0.046 -0.087 -0.073
 0.001 -0.066 -0.062
-0.043 -0.100 -0.088
-0.028 -0.086 -0.069
-0.026 -0.076 -0.059
-0.076 -0.065 -0.002
 0.034 -0.015 -0.024
 0.049 -0.004 -0.005
 0.007 -0.029 -0.014
-0.001 -0.044 -0.024
 0.053  0.026 -0.022
-0.017 -0.035 -0.043
-0.007 -0.007  0.010
-0.088 -0.088 -0.056
-0.071 -0.091 -0.059
-0.097 -0.115 -0.086
-0.169 -0.130 -0.069
-0.045 -0.070 -0.063
-0.061 -0.073 -0.058
-0.042 -0.061 -0.031
-0.031 -0.041 -0.014
 0.055  0.051  0.046
-0.001 -0.012 -0.000
-0.011 -0.036 -0.009
-0.060 -0.086 -0.037
 0.007 -0.005  0.026
-0.023 -0.066 -0.032
-0.047 -0.072 -0.045
-0.054 -0.088 -0.051
-0.052 -0.080 -0.046
 0.015 -0.016 -0.008
-0.024 -0.055 -0.036
-0.004 -0.032 -0.021
-0.012 -0.040  0.000
-0.065 -0.025  0.040
 0.021 -0.003 -0.001
 0.052  0.025  0.019
-0.025 -0.057 -0.030
-0.032 -0.055 -0.017
-0.007 -0.034 -0.004
-0.000 -0.028 -0.006
 0.064  0.045  0.049
-0.004 -0.031 -0.021
 0.014 -0.028 -0.017
 0.017 -0.027 -0.002
-0.031 -0.017  0.026
 0.069  0.043  0.058
 0.113  0.104  0.106
 0.033  0.006  0.032
 0.022  0.002  0.040
 0.103  0.100  0.107
 0.062  0.047  0.056
 0.068  0.044  0.043
 0.005 -0.024 -0.007
 0.007 -0.023 -0.002
 0.032 -0.003  0.002
 0.058  0.038  0.032
 0.084  0.054  0.048
 0.060  0.028  0.042
 0.097  0.069  0.072
 0.084  0.056  0.066
 0.137  0.115  0.107
 0.073  0.050  0.064
 0.066  0.042  0.044
 0.031 -0.008  0.014
 0.008  0.036  0.064
 0.076  0.024  0.015
 0.076  0.038  0.028
 0.065  0.017  0.017
 0.036 -0.010  0.003
 0.082  0.050  0.043
 0.034  0.006  0.002
 0.058  0.028  0.023
 0.022 -0.016 -0.007
-0.101 -0.092 -0.024
-0.032 -0.087 -0.071
-0.037 -0.105 -0.071
 0.050 -0.004 -0.008
 0.019 -0.046 -0.053
 0.074  0.003 -0.023
 0.033 -0.038 -0.050
 0.001 -0.056 -0.036
 0.023 -0.052 -0.038
 0.027 -0.044 -0.038
 0.069  0.010 -0.008
 0.012 -0.057 -0.047
 0.016 -0.058 -0.057
-0.027 -0.107 -0.086
 0.002 -0.073 -0.072
 0.027 -0.055 -0.058
 0.020 -0.068 -0.073
 0.045 -0.030 -0.058
-0.001 -0.091 -0.084
 0.037 -0.038 -0.057
 0.025 -0.041 -0.045
-0.085 -0.086 -0.017
 0.001 -0.077 -0.064
-0.020 -0.092 -0.069
 0.036 -0.023 -0.026
-0.018 -0.094 -0.087
 0.028 -0.049 -0.056
-0.005 -0.082 -0.079
 0.018 -0.070 -0.065
 0.006 -0.068 -0.072
 0.035 -0.038 -0.067
 0.054 -0.021 -0.046
 0.029 -0.046 -0.051
 0.035 -0.034 -0.045
 0.025 -0.030 -0.025
 0.103  0.067  0.031
 0.052  0.002 -0.003
 0.051  0.003 -0.023
 0.029 -0.024 -0.038
-0.070 -0.070 -0.028
 0.025 -0.021 -0.036
 0.011 -0.042 -0.040
 0.102  0.054  0.032
 0.056  0.007 -0.017
 0.074  0.031 -0.008
 0.043 -0.015 -0.023
-0.050 -0.026  0.019
 0.040 -0.017 -0.019
 0.040 -0.007 -0.013
 0.094  0.056  0.025
 0.043 -0.015 -0.011
 0.063  0.029  0.014
-0.008 -0.047 -0.037
-0.120 -0.088 -0.029
 0.003 -0.024 -0.030
 0.015  0.007 -0.012
 0.045  0.051  0.024
-0.016 -0.029 -0.032
-0.003 -0.016 -0.022
-0.022 -0.017 -0.025
 0.047  0.085  0.062
 0.005  0.021  0.023
-0.020  0.008  0.011
-0.018  0.013  0.007
-0.029  0.004 -0.000
 0.013  0.047  0.026
-0.034  0.012  0.007
-0.038 -0.000  0.003
-0.070 -0.020 -0.018
 0.003  0.082  0.065
-0.006  0.041  0.033
 0.003  0.060  0.040
 0.008  0.055  0.034
-0.017  0.021  0.015
 0.029  0.073  0.044
-0.038 -0.014 -0.021
-0.130 -0.046 -0.023
-0.008  0.010 -0.017
-0.005  0.029 -0.005
-0.000  0.035  0.002
 0.015  0.047  0.013
-0.033  0.015 -0.007
-0.026  0.024 -0.001
-0.050  0.042 -0.024
-0.034  0.078 -0.012
 0.020  0.139  0.043
-0.061  0.030 -0.049
-0.050  0.029 -0.051
-0.098 -0.018 -0.092
-0.122  0.013 -0.036
-0.095 -0.036 -0.096
-0.091 -0.027 -0.082
-0.038  0.031 -0.040
-0.079 -0.019 -0.067
-0.045  0.037 -0.043
-0.116 -0.051 -0.100
-0.116 -0.055 -0.114
-0.103 -0.034 -0.101
-0.052  0.007 -0.058
-0.076 -0.023 -0.078
-0.090 -0.030 -0.076
-0.045  0.018 -0.028
-0.082 -0.023 -0.063
-0.026  0.034 -0.026
-0.044  0.021 -0.038
-0.042  0.019 -0.040
-0.081 -0.026 -0.050
-0.111 -0.042 -0.043
-0.084 -0.043 -0.075
-0.069 -0.037 -0.079
-0.064 -0.026 -0.072
-0.066 -0.026 -0.056
-0.052 -0.017 -0.061
-0.057 -0.021 -0.051
 0.014  0.067  0.025
-0.033  0.003 -0.023
-0.002  0.045 -0.006
-0.045 -0.004 -0.025
-0.069 -0.040 -0.046
-0.088 -0.073 -0.068
-0.071 -0.046 -0.069
-0.034 -0.011 -0.046
-0.055 -0.036 -0.057
-0.004  0.036 -0.010
-0.028  0.005 -0.040
-0.037 -0.002 -0.026
-0.051 -0.008 -0.023
-0.075 -0.034 -0.046
-0.078 -0.050 -0.052
-0.007  0.050 -0.004
-0.055 -0.013 -0.039
-0.027  0.005 -0.037
-0.049 -0.024 -0.046
-0.047 -0.026 -0.038
-0.021 -0.004 -0.033
-0.022  0.004 -0.018
 0.023  0.061  0.042
-0.055 -0.026 -0.029
-0.121 -0.073 -0.019
-0.036 -0.023 -0.024
-0.033 -0.007 -0.021
 0.007  0.033  0.012
-0.028 -0.008 -0.015
 0.026  0.053  0.004
-0.029 -0.012 -0.041
-0.129 -0.042 -0.024
-0.002  0.007 -0.030
-0.008  0.011 -0.029
 0.015  0.052 -0.005
-0.040 -0.019 -0.047
 0.001  0.020 -0.028
-0.061 -0.056 -0.082
-0.129 -0.076 -0.069
-0.016 -0.011 -0.068
-0.011 -0.004 -0.044
-0.002  0.017 -0.041
-0.017  0.003 -0.036
-0.007 -0.000 -0.029
-0.034 -0.014 -0.024
-0.012 -0.000 -0.005
-0.046 -0.026 -0.016
-0.050 -0.023 -0.022
-0.004  0.010 -0.010
 0.004  0.024  0.005
 0.049  0.088  0.044
-0.016  0.006  0.003
-0.086  0.027  0.063
 0.010  0.032  0.028
 0.032  0.053  0.039
 0.064  0.096  0.060
 0.005  0.016  0.021
 0.024  0.052  0.030
-0.051 -0.025 -0.034
-0.135 -0.045  0.014
-0.027  0.003 -0.022
-0.013  0.014 -0.000
 0.019  0.053  0.027
-0.001  0.032  0.033
 0.034  0.069  0.070
 0.025  0.076  0.065
 0.053  0.091  0.067
-0.003  0.044  0.046
-0.037 -0.001  0.032
-0.026  0.015  0.036
-0.061 -0.029 -0.007
-0.031 -0.007  0.004
-0.023  0.003  0.018
 0.003  0.067  0.092
-0.028 -0.017  0.003
-0.030 -0.015  0.005
 0.045  0.079  0.063
 0.016  0.049  0.040
-0.014  0.028  0.026
-0.031 -0.024 -0.007
-0.048 -0.048 -0.031
-0.018 -0.019 -0.028
-0.022 -0.016 -0.017
 0.030  0.042  0.024
-0.023 -0.028 -0.026
-0.034 -0.030 -0.013
-0.033 -0.031 -0.016
-0.042 -0.017 -0.011
-0.017  0.008  0.034
-0.030 -0.000  0.032
 0.005  0.032  0.049
-0.048 -0.027  0.015
-0.013  0.007  0.011
-0.013 -0.003  0.014
-0.021  0.007  0.012
-0.015  0.001  0.003
-0.046 -0.044 -0.011
-0.018 -0.016  0.010
-0.033 -0.025 -0.017
-0.127 -0.045  0.021
-0.036 -0.017  0.001
-0.052 -0.042 -0.015
-0.048 -0.048 -0.045
-0.048 -0.043 -0.030
 0.004  0.004  0.005
-0.017 -0.033 -0.021
 0.010 -0.019 -0.025
 0.005 -0.029 -0.017
-0.004 -0.040 -0.028
 0.059  0.029  0.018
 0.056  0.022  0.019
 0.095  0.070  0.052
 0.073  0.042  0.048
 0.080  0.041  0.049
 0.081  0.049  0.062
 0.099  0.063  0.078
 0.154  0.115  0.102
 0.110  0.057  0.062
 0.118  0.052  0.056
 0.082  0.006  0.026
 0.072  0.012  0.029
 0.083  0.030  0.023
 0.056  0.003  0.020
 0.094  0.050  0.072
 0.022 -0.033  0.013
 0.017 -0.016  0.030
 0.054  0.007  0.046
 0.050  0.005  0.044
 0.053  0.003  0.049
 0.025 -0.016  0.032
 0.069  0.023  0.051
 0.029 -0.008  0.010
-0.061 -0.057  0.005
 0.013 -0.051 -0.010
-0.017 -0.077 -0.029
-0.011 -0.085 -0.050
 0.003 -0.060 -0.029
 0.070 -0.004  0.027
 0.025 -0.058  0.012
 0.060 -0.008  0.051
 0.003 -0.046  0.006
-0.006 -0.045  0.002
 0.031 -0.020  0.004
 0.023  0.027  0.061
 0.026 -0.033 -0.000
 0.027 -0.035  0.003
 0.114  0.065  0.059
 0.065  0.011  0.015
 0.118  0.072  0.057
 0.053 -0.016  0.001
 0.042 -0.036 -0.014
 0.050 -0.017 -0.008
 0.001  0.005  0.066
 0.048 -0.015  0.011
 0.027 -0.032 -0.006
 0.041 -0.023 -0.003
 0.040 -0.022  0.001
 0.100  0.047  0.043
 0.046 -0.018 -0.000
 0.059 -0.006  0.002
 0.028 -0.032 -0.009
 0.028 -0.035 -0.011
 0.050 -0.024  0.021
 0.031 -0.030  0.044
 0.049  0.004  0.087
 0.023 -0.029  0.077
 0.091  0.044  0.103
 0.034 -0.025  0.046
 0.002 -0.043  0.046
 0.071 -0.009  0.039
 0.066 -0.025  0.039
 0.063 -0.022  0.033
 0.031 -0.061  0.003
 0.058 -0.032  0.030
 0.029 -0.053  0.016
-0.041 -0.061  0.051
 0.046 -0.037  0.061
 0.055 -0.050  0.060
 0.049 -0.076 -0.007
 0.078 -0.052  0.012
 0.120 -0.024  0.022
 0.075 -0.071 -0.042
 0.094 -0.099 -0.030
 0.072 -0.141 -0.045
 0.069 -0.141 -0.047
 0.073 -0.119 -0.037
 0.076 -0.113 -0.010
 0.083 -0.109  0.004
 0.052 -0.137 -0.017
 0.109 -0.060  0.010
 0.057 -0.125 -0.051
 0.093 -0.081 -0.038
 0.062 -0.109 -0.046
 0.043 -0.125 -0.047
 0.018 -0.137 -0.059
 0.006 -0.128 -0.078
 0.002 -0.122 -0.081
-0.039 -0.096 -0.084
-0.008 -0.050 -0.037
-0.029 -0.113 -0.051
 0.023 -0.089 -0.008
 0.008 -0.108 -0.019
 0.033 -0.091 -0.016
 0.003 -0.129 -0.040
-0.031 -0.156 -0.054
-0.048 -0.132 -0.034
-0.033 -0.122 -0.062
 0.014 -0.076 -0.028
-0.048 -0.147 -0.071
 0.016 -0.060 -0.004
-0.039 -0.131 -0.071
-0.022 -0.091 -0.055
-0.013 -0.067 -0.056
-0.088 -0.070 -0.009
 0.000 -0.069 -0.042
-0.030 -0.100 -0.062
-0.021 -0.093 -0.069
-0.023 -0.094 -0.069
 0.017 -0.023 -0.020
-0.042 -0.111 -0.094
-0.024 -0.088 -0.087
-0.043 -0.101 -0.079
-0.052 -0.111 -0.082
-0.021 -0.076 -0.071
-0.041 -0.096 -0.103
-0.016 -0.077 -0.082
-0.074 -0.146 -0.133
-0.051 -0.105 -0.096
-0.083 -0.094 -0.049
-0.137 -0.127 -0.068
-0.112 -0.118 -0.031
-0.138 -0.130 -0.041
-0.100 -0.096 -0.038
-0.095 -0.078 -0.036
-0.081 -0.087 -0.077
-0.108 -0.137 -0.128
-0.098 -0.109 -0.108
-0.149 -0.152 -0.154
-0.124 -0.112 -0.154
-0.155 -0.119 -0.116
-0.262 -0.135 -0.072
-0.109 -0.126 -0.057
-0.094 -0.221 -0.007
-0.077 -0.123  0.029
-0.085 -0.119  0.009
-0.043 -0.061  0.025
-0.035 -0.049 -0.009
 0.012  0.011  0.023
-0.017 -0.038 -0.007
 0.017 -0.000  0.012
 0.003  0.002  0.005
 0.076  0.071  0.056
 0.219  0.191  0.206
 0.240  0.217  0.181
 0.200  0.190  0.175
 0.212  0.210  0.178
 0.148  0.129  0.118
 0.168  0.164  0.083
 0.135  0.127  0.039
 0.172  0.176  0.054
 0.140  0.142  0.035
 0.142  0.149  0.049
 0.147  0.160  0.051
 0.140  0.197  0.151
 0.175  0.198  0.105
 0.164  0.181  0.104
 0.151  0.154  0.092
 0.097  0.105  0.069
 0.104  0.125  0.075
 0.099  0.148  0.074
 0.121  0.187  0.112
 0.027  0.064  0.026
 0.036  0.081  0.027
 0.008  0.067  0.024
 0.067  0.158  0.083
 0.029  0.078 -0.003
 0.008  0.065  0.002
 0.007  0.055 -0.014
 0.018  0.068  0.009
 0.051  0.109  0.010
 0.012  0.063 -0.039
 0.002  0.045 -0.049
-0.007  0.027 -0.052
 0.002  0.056 -0.030
 0.031  0.085 -0.009
 0.023  0.096  0.007
 0.009  0.116  0.068
 0.001  0.152  0.152
 0.047  0.173  0.150
 0.043  0.150  0.079
 0.055  0.140  0.038
 0.020  0.092 -0.006
-0.093  0.043  0.026
 0.023  0.098  0.007
 0.064  0.132  0.082
-0.032  0.054  0.096
-0.054  0.034  0.104
 0.037  0.142  0.144
-0.023  0.054  0.091
-0.012  0.053  0.015
-0.034  0.046 -0.019
-0.011  0.075  0.004
 0.018  0.105  0.043
-0.019  0.043 -0.026
 0.028  0.062 -0.001
-0.038  0.034 -0.053
-0.027  0.021 -0.042
-0.059 -0.023 -0.054
-0.097 -0.032 -0.035
-0.087  0.009  0.063
-0.090  0.033  0.110
-0.051  0.079  0.154
-0.123 -0.041  0.017
-0.101 -0.039 -0.054
-0.100 -0.045 -0.091
-0.185 -0.067 -0.071
-0.101 -0.057 -0.098
-0.098 -0.051 -0.098
-0.101 -0.026 -0.088
-0.093 -0.007 -0.069
-0.039  0.074  0.022
-0.118 -0.040 -0.056
-0.079  0.002 -0.031
-0.127 -0.040 -0.055
-0.136 -0.025 -0.039
-0.109  0.002 -0.045
-0.179 -0.017 -0.007
-0.119 -0.039 -0.077
-0.102 -0.003 -0.029
-0.084  0.013  0.010
-0.124 -0.037 -0.011
-0.109 -0.024 -0.028
-0.121 -0.028 -0.041
-0.053  0.055  0.021
-0.114 -0.053 -0.028
-0.084 -0.026 -0.019
-0.104 -0.036 -0.024
-0.194 -0.045  0.010
-0.135 -0.046 -0.049
-0.161 -0.070 -0.066
-0.142 -0.053 -0.061
-0.135 -0.042 -0.047
-0.079  0.021 -0.009
-0.145 -0.064 -0.073
-0.116 -0.053 -0.079
-0.134 -0.069 -0.098
-0.203 -0.093 -0.090
-0.107 -0.053 -0.083
-0.108 -0.052 -0.070
-0.103 -0.053 -0.063
-0.093 -0.033 -0.042
-0.031  0.052  0.008
-0.083 -0.002 -0.032
-0.081 -0.030 -0.054
-0.101 -0.070 -0.083
-0.106 -0.078 -0.092
-0.090 -0.096 -0.105
-0.094 -0.102 -0.102
-0.050 -0.044 -0.068
-0.085 -0.102 -0.107
-0.072 -0.104 -0.111
-0.063 -0.072 -0.088
 0.014  0.021 -0.026
-0.026 -0.020 -0.041
-0.043 -0.045 -0.050
-0.044 -0.060 -0.058
-0.043 -0.034 -0.054
 0.024  0.039 -0.004
-0.037 -0.053 -0.067
-0.024 -0.039 -0.085
-0.036 -0.047 -0.096
-0.036 -0.040 -0.103
 0.009 -0.015 -0.058
 0.001 -0.026 -0.064
 0.068  0.057  0.009
 0.015 -0.002 -0.029
 0.007 -0.009 -0.011
 0.010 -0.012 -0.024
-0.024 -0.030  0.017
-0.034 -0.041  0.041
-0.054 -0.046  0.047
-0.027 -0.017  0.049
-0.037 -0.036 -0.018
-0.085 -0.067 -0.028
-0.036 -0.060 -0.052
-0.017 -0.024 -0.029
 0.025  0.023 -0.008
-0.006 -0.025 -0.043
 0.015 -0.028 -0.040
-0.007 -0.021 -0.031
 0.009  0.005 -0.016
 0.012  0.014 -0.025
-0.000 -0.001 -0.046
 0.007 -0.010 -0.059
 0.010 -0.006 -0.069
 0.060  0.055 -0.022
 0.025  0.011 -0.044
 0.011 -0.009 -0.064
 0.011 -0.029 -0.070
 0.017 -0.010 -0.060
 0.063  0.047 -0.030
 0.043  0.021 -0.040
 0.099  0.087  0.018
 0.025  0.002 -0.036
 0.033  0.022 -0.028
 0.041  0.035  0.015
 0.046  0.044  0.009
 0.053  0.045 -0.002
 0.027  0.013 -0.003
 0.072  0.065  0.030
 0.012 -0.039 -0.019
 0.024 -0.094 -0.016
 0.038 -0.044 -0.001
 0.027 -0.032 -0.000
 0.045 -0.003  0.016
 0.024 -0.028  0.004
 0.037  0.037  0.017
 0.008  0.038  0.024
 0.030  0.022 -0.039
-0.015 -0.046 -0.105
 0.027  0.022 -0.076
-0.000 -0.015 -0.104
 0.009  0.007 -0.078
 0.025  0.020 -0.059
 0.007  0.002 -0.062
 0.038  0.042  0.012
 0.003  0.028  0.033
-0.059  0.022  0.066
-0.001  0.033  0.056
-0.025  0.019  0.032
-0.031  0.002  0.012
-0.052 -0.008  0.002
-0.014  0.026 -0.013
-0.054 -0.022 -0.062
-0.035  0.013 -0.029
-0.071 -0.015 -0.009
-0.000  0.057  0.102
-0.025  0.002  0.051
-0.046  0.033  0.077
 0.016  0.050  0.100
-0.016  0.003  0.089
-0.030  0.013  0.062
-0.087 -0.046  0.010
-0.030  0.033  0.014
-0.018  0.085  0.019
 0.004  0.102  0.041
-0.038  0.069  0.022
-0.032  0.092  0.039
-0.011  0.102  0.046
-0.007  0.072  0.061
 0.032  0.110  0.109
 0.036  0.109  0.117
 0.073  0.179  0.120
 0.042  0.154  0.080
 0.022  0.131  0.062
 0.022  0.088 -0.036
 0.011  0.056 -0.055
 0.001  0.045 -0.065
-0.047  0.043 -0.019
-0.037  0.047 -0.055
-0.080 -0.011 -0.126
-0.079 -0.026 -0.142
-0.147 -0.100 -0.188
-0.301 -0.182 -0.185
-0.170 -0.121 -0.182
-0.172 -0.082 -0.122
-0.135 -0.041 -0.098
-0.157 -0.072 -0.118
-0.112 -0.039 -0.108
-0.171 -0.107 -0.158
-0.160 -0.079 -0.119
-0.161 -0.082 -0.107
-0.125 -0.014 -0.058
-0.175 -0.098 -0.140
-0.178 -0.090 -0.124
-0.177 -0.100 -0.132
-0.195 -0.111 -0.145
-0.139 -0.063 -0.106
-0.173 -0.095 -0.131
-0.141 -0.064 -0.108
-0.154 -0.062 -0.121
-0.196 -0.082 -0.115
-0.145 -0.085 -0.143
-0.156 -0.087 -0.158
-0.133 -0.057 -0.146
-0.179 -0.107 -0.177
-0.139 -0.066 -0.138
-0.190 -0.115 -0.171
-0.200 -0.082 -0.093
-0.158 -0.100 -0.065
-0.159 -0.086 -0.061
-0.155 -0.099 -0.075
-0.158 -0.110 -0.074
-0.090 -0.037 -0.033
-0.147 -0.099 -0.090
-0.181 -0.122 -0.106
-0.162 -0.130 -0.141
-0.183 -0.150 -0.166
-0.179 -0.136 -0.147
-0.189 -0.154 -0.154
-0.148 -0.111 -0.127
-0.163 -0.118 -0.136
-0.151 -0.081 -0.112
-0.137 -0.072 -0.102
-0.093 -0.037 -0.073
-0.139 -0.096 -0.112
-0.148 -0.076 -0.111
-0.086  0.013 -0.039
-0.148 -0.076 -0.108
-0.123 -0.074 -0.112
-0.161 -0.120 -0.137
-0.142 -0.083 -0.102
-0.100 -0.015 -0.065
-0.102 -0.003 -0.052
-0.054  0.073 -0.029
-0.110 -0.010 -0.110
-0.084  0.009 -0.129
-0.125 -0.030 -0.150
-0.132 -0.036 -0.145
-0.147 -0.056 -0.161
-0.125 -0.018 -0.143
-0.062  0.025 -0.058
-0.107 -0.066 -0.110
-0.083 -0.057 -0.114
-0.073 -0.034 -0.096
-0.069 -0.009 -0.083
-0.058  0.012 -0.082
-0.078 -0.016 -0.094
-0.025  0.038 -0.054
-0.085 -0.027 -0.107
-0.061  0.012 -0.082
-0.066  0.004 -0.070
-0.173 -0.023 -0.046
-0.076 -0.014 -0.092
-0.074 -0.003 -0.081
-0.017  0.082 -0.028
-0.073 -0.010 -0.094
-0.022  0.044 -0.063
-0.073 -0.003 -0.089
-0.167 -0.030 -0.070
-0.078 -0.006 -0.086
-0.075 -0.021 -0.104
-0.087 -0.033 -0.105
-0.080 -0.022 -0.094
-0.007  0.077 -0.022
-0.058  0.015 -0.073
-0.027  0.042 -0.060
-0.061  0.003 -0.088
-0.060  0.007 -0.077
-0.057  0.011 -0.081
-0.067  0.006 -0.094
-0.063 -0.013 -0.111
-0.079 -0.039 -0.112
-0.055 -0.022 -0.097
-0.069 -0.040 -0.113
-0.048 -0.007 -0.095
-0.036  0.004 -0.092
 0.027  0.053 -0.047
-0.032 -0.015 -0.105
-0.041  0.005 -0.092
 0.012  0.083 -0.036
-0.057 -0.027 -0.114
-0.011  0.010 -0.090
-0.052 -0.030 -0.108
-0.156 -0.033 -0.088
-0.066 -0.005 -0.146
-0.116 -0.060 -0.217
-0.126 -0.046 -0.231
-0.086 -0.005 -0.120
-0.097  0.127 -0.120
-0.145  0.102 -0.196
-0.083  0.023 -0.179
-0.114  0.017 -0.140
-0.100  0.054 -0.128
-0.095 -0.009 -0.182
-0.106 -0.077 -0.205
-0.105 -0.048 -0.210
-0.121 -0.003 -0.213
-0.112 -0.013 -0.211
-0.092  0.015 -0.190
-0.028  0.092 -0.149
-0.066  0.042 -0.163
-0.155  0.003 -0.140
-0.076  0.032 -0.141
-0.080  0.025 -0.129
-0.073  0.024 -0.115
-0.078  0.028 -0.108
-0.029  0.089 -0.073
-0.067  0.039 -0.109
-0.043  0.064 -0.097
-0.067  0.033 -0.119
-0.048  0.031 -0.130
-0.053  0.026 -0.134
-0.074  0.064 -0.136
-0.029  0.132 -0.086
-0.089  0.052 -0.128
-0.095  0.082 -0.114
-0.065  0.083 -0.092
-0.062  0.070 -0.082
-0.028  0.108 -0.060
-0.056  0.071 -0.089
-0.008  0.130 -0.032
-0.061  0.065 -0.090
-0.052  0.056 -0.093
-0.058  0.050 -0.086
-0.062  0.059 -0.088
-0.055  0.064 -0.094
-0.071  0.045 -0.093
-0.018  0.085 -0.058
-0.069  0.022 -0.088
-0.122  0.059 -0.035
-0.060  0.045 -0.091
-0.077  0.043 -0.092
-0.076  0.028 -0.106
-0.095  0.012 -0.104
-0.073  0.020 -0.085
-0.092 -0.016 -0.103
-0.164 -0.019 -0.064
-0.071 -0.054 -0.099
-0.063 -0.027 -0.097
-0.019  0.029 -0.058
-0.047  0.003 -0.070
-0.024  0.038 -0.054
-0.027  0.037 -0.062
-0.041  0.007 -0.063
-0.033 -0.001 -0.066
-0.054 -0.041 -0.086
-0.041 -0.024 -0.088
-0.055 -0.026 -0.091
-0.010  0.033 -0.050
-0.062 -0.047 -0.098
-0.026 -0.012 -0.074
-0.040 -0.056 -0.080
-0.020 -0.049 -0.081
-0.035 -0.053 -0.087
-0.045 -0.050 -0.086
-0.030 -0.029 -0.081
-0.058 -0.039 -0.081
-0.036  0.035 -0.050
-0.067  0.015 -0.061
-0.042  0.045 -0.042
-0.045  0.039 -0.037
-0.080  0.012 -0.048
-0.019  0.039 -0.046
-0.018  0.046 -0.039
-0.011  0.051 -0.056
-0.043  0.007 -0.078
-0.018  0.025 -0.054
-0.050 -0.012 -0.065
-0.033 -0.005 -0.053
-0.065 -0.019 -0.077
-0.080 -0.027 -0.073
-0.056 -0.022 -0.064
-0.050 -0.010 -0.037
-0.015  0.026 -0.026
-0.024  0.018 -0.032
 0.042  0.083  0.019
-0.012 -0.012 -0.040
 0.019  0.024 -0.030
-0.003  0.013 -0.035
-0.023  0.018 -0.043
-0.016  0.010 -0.049
 0.019  0.061 -0.000
-0.019  0.001 -0.052
-0.021  0.008 -0.040
 0.000  0.046 -0.016
-0.007  0.001 -0.017
 0.027  0.057  0.005
-0.001  0.031 -0.016
 0.037  0.063  0.007
 0.001  0.045 -0.017
 0.014  0.064  0.006
 0.016  0.057  0.012
 0.012  0.046  0.008
 0.011 -0.024 -0.007
-0.010 -0.071 -0.011
 0.047  0.040  0.033
 0.014  0.032  0.010
 0.021  0.042  0.006
 0.015  0.030  0.002
-0.000  0.020 -0.001
-0.005  0.024  0.005
 0.014  0.121  0.043
 0.027  0.142  0.084
 0.011  0.113  0.087
 0.007  0.023  0.053
-0.052 -0.001 -0.048
-0.063  0.051 -0.094
-0.024  0.120 -0.038
-0.005  0.132  0.043
 0.040  0.141  0.066
 0.013  0.141  0.067
 0.012  0.174  0.059
-0.010  0.127  0.013
 0.035  0.192  0.038
-0.004  0.187  0.029
 0.035  0.210  0.063
 0.018  0.123  0.015
 0.062  0.175  0.049
 0.005  0.091 -0.011
 0.006  0.075 -0.024
-0.015  0.061 -0.032
 0.029  0.132  0.019
-0.035  0.074 -0.006
-0.011  0.117  0.013
-0.057  0.086 -0.015
-0.028  0.102 -0.005
-0.040  0.095 -0.010
-0.008  0.109 -0.012
-0.011  0.108 -0.000
-0.009  0.098  0.009
 0.004  0.095  0.010
-0.015  0.057 -0.008
 0.030  0.124  0.018
-0.031  0.056 -0.063
-0.017  0.072 -0.073
-0.034  0.014 -0.108
-0.016  0.047 -0.129
-0.008  0.054 -0.121
-0.096  0.022 -0.099
-0.014  0.056 -0.122
-0.137 -0.005 -0.131
-0.041  0.007 -0.131
-0.065  0.002 -0.120
-0.061  0.008 -0.117
-0.090 -0.020 -0.134
-0.081 -0.020 -0.132
-0.082 -0.033 -0.134
-0.023  0.041 -0.089
-0.037  0.024 -0.092
 0.042  0.119 -0.019
-0.020  0.045 -0.083
-0.027  0.074 -0.065
-0.043  0.046 -0.087
-0.021  0.085 -0.061
-0.071  0.009 -0.115
-0.100  0.007 -0.115
-0.032  0.056 -0.079
 0.001  0.064 -0.048
-0.013  0.048 -0.028
-0.025  0.036 -0.034
-0.019  0.042 -0.026
-0.036  0.019 -0.046
-0.018  0.017 -0.032
-0.060 -0.011 -0.064
-0.128 -0.051 -0.052
-0.075 -0.015 -0.054
-0.100 -0.007 -0.078
-0.087  0.023 -0.092
-0.109  0.025 -0.143
-0.067  0.076 -0.120
-0.126  0.017 -0.171
-0.096  0.023 -0.147
-0.124 -0.023 -0.160
-0.045  0.049 -0.120
-0.084  0.003 -0.159
-0.095  0.002 -0.159
-0.089  0.008 -0.139
-0.110 -0.030 -0.135
-0.046  0.051 -0.067
-0.090 -0.007 -0.104
-0.044  0.030 -0.046
-0.056  0.051 -0.048
-0.142 -0.015 -0.046
-0.060 -0.019 -0.089
-0.057 -0.111 -0.106
 0.041 -0.039  0.018
-0.001 -0.035  0.027
 0.019  0.038  0.002
-0.011 -0.012 -0.031
-0.059 -0.143 -0.067
-0.018 -0.145 -0.065
-0.013 -0.084 -0.072
-0.008 -0.052 -0.058
-0.011 -0.048 -0.051
-0.000 -0.049 -0.062
-0.009 -0.054 -0.069
 0.017 -0.019 -0.063
-0.035 -0.067 -0.108
-0.013 -0.057 -0.086
-0.030 -0.076 -0.094
-0.026 -0.078 -0.092
-0.004 -0.044 -0.072
-0.015 -0.024 -0.072
 0.008  0.011 -0.039
-0.015 -0.019 -0.064
 0.071  0.065  0.021
 0.015 -0.003 -0.037
 0.044  0.037 -0.020
-0.003 -0.009 -0.047
-0.002 -0.031 -0.059
-0.046 -0.091 -0.095
-0.107 -0.083 -0.039
-0.006 -0.045 -0.066
 0.050 -0.007 -0.044
 0.018 -0.039 -0.065
 0.014 -0.040 -0.066
 0.020 -0.043 -0.066
 0.017 -0.049 -0.072
 0.066  0.038 -0.024
-0.004 -0.043 -0.096
 0.014 -0.031 -0.082
-0.026 -0.071 -0.099
 0.006 -0.047 -0.076
-0.017 -0.060 -0.104
-0.024 -0.048 -0.115
 0.015 -0.000 -0.079
-0.023 -0.051 -0.103
 0.044  0.023 -0.059
 0.016 -0.065 -0.093
 0.042 -0.057 -0.089
 0.028 -0.009 -0.060
 0.058  0.063  0.013
 0.013  0.002  0.008
 0.040 -0.096 -0.049
-0.028 -0.076 -0.150
-0.023  0.110 -0.088
 0.010  0.082 -0.070
 0.016  0.089 -0.015
 0.002  0.097 -0.012
-0.024  0.097 -0.019
 0.023  0.112 -0.018
-0.027  0.068 -0.063
-0.022  0.094 -0.050
-0.034  0.040 -0.051
 0.036  0.106  0.030
-0.005  0.064  0.001
 0.001  0.090  0.020
 0.054  0.169  0.079
-0.002  0.096  0.037
 0.007  0.094  0.032
-0.013  0.071  0.024
-0.002  0.063 -0.006
-0.019  0.058 -0.000
-0.031  0.057 -0.008
-0.020  0.064 -0.013
-0.039  0.038 -0.028
 0.022  0.101  0.022
-0.025  0.037 -0.023
-0.041  0.058 -0.009
-0.016  0.059 -0.026
-0.021  0.049 -0.044
-0.020  0.037 -0.043
-0.040  0.034 -0.052
-0.010  0.074 -0.026
-0.057  0.031 -0.054
-0.079  0.032 -0.039
-0.041  0.041 -0.031
 0.017  0.110  0.025
-0.026  0.024 -0.044
-0.015  0.032 -0.043
 0.039  0.111 -0.001
-0.018  0.038 -0.040
-0.022  0.039 -0.028
-0.016  0.039 -0.031
-0.013  0.045 -0.033
-0.002  0.055 -0.033
 0.040  0.116  0.021
-0.024  0.022 -0.020
-0.032  0.015 -0.026
 0.024  0.075  0.004
-0.019  0.008 -0.057
 0.038  0.083 -0.006
-0.031 -0.009 -0.069
 0.002  0.016 -0.046
-0.055 -0.027 -0.081
-0.052 -0.026 -0.080
-0.061 -0.031 -0.081
-0.081 -0.016 -0.048
-0.026  0.031  0.006
-0.058 -0.053 -0.064
-0.018 -0.007 -0.038
-0.026 -0.024 -0.040
-0.096 -0.033  0.002
-0.017 -0.021 -0.057
-0.123 -0.083 -0.076
-0.063 -0.068 -0.097
-0.078 -0.063 -0.071
-0.066 -0.049 -0.071
-0.012 -0.004 -0.037
-0.042 -0.038 -0.059
-0.025 -0.004 -0.031
 0.032  0.109  0.042
-0.016 -0.011 -0.039
 0.023  0.004 -0.032
-0.016 -0.036 -0.065
-0.089 -0.053 -0.062
-0.000 -0.022 -0.072
 0.029  0.006 -0.052
-0.018 -0.044 -0.062
-0.022 -0.035 -0.051
 0.049  0.042  0.011
 0.022  0.012 -0.019
 0.001  0.006 -0.026
 0.013  0.010 -0.023
-0.069 -0.014  0.011
-0.085 -0.113 -0.125
-0.007 -0.046 -0.073
 0.038  0.022 -0.043
-0.017 -0.027 -0.096
 0.028  0.028 -0.046
-0.035 -0.057 -0.094
-0.027 -0.045 -0.077
-0.027 -0.021 -0.070
-0.022 -0.013 -0.071
-0.011 -0.009 -0.085
-0.036 -0.046 -0.098
 0.001 -0.006 -0.052
-0.017 -0.034 -0.066
 0.000 -0.005 -0.058
-0.031 -0.041 -0.085
-0.103 -0.088 -0.096
-0.009 -0.046 -0.071
-0.016 -0.038 -0.070
-0.015  0.008 -0.076
-0.020  0.029 -0.087
-0.005  0.014 -0.073
-0.026 -0.057 -0.075
 0.019 -0.006 -0.036
-0.035 -0.057 -0.081
-0.001 -0.008 -0.047
-0.007 -0.003 -0.046
-0.108 -0.037 -0.036
 0.004  0.010 -0.072
 0.008 -0.031 -0.063
 0.059  0.053 -0.040
 0.016 -0.032 -0.087
 0.078  0.029 -0.037
 0.007 -0.065 -0.100
-0.067 -0.104 -0.089
 0.017 -0.053 -0.069
 0.004 -0.049 -0.070
 0.019 -0.039 -0.055
 0.003 -0.055 -0.046
 0.051  0.002  0.012
-0.013 -0.065 -0.044
-0.038 -0.069 -0.029
 0.013 -0.028 -0.020
 0.064  0.035  0.019
-0.010 -0.080 -0.047
-0.029 -0.090 -0.068
 0.031 -0.014 -0.012
-0.030 -0.084 -0.072
 0.003 -0.029 -0.041
-0.043 -0.084 -0.065
 0.007 -0.026 -0.017
-0.032 -0.063 -0.043
 0.018  0.020  0.031
-0.005 -0.030 -0.026
-0.004 -0.063  0.007
-0.014 -0.073 -0.016
-0.029 -0.099 -0.066
 0.010 -0.062 -0.047
-0.001 -0.070 -0.076
-0.076 -0.096 -0.072
 0.019 -0.047 -0.075
 0.011 -0.040 -0.047
 0.023 -0.028 -0.035
 0.022 -0.023 -0.027
 0.060  0.027  0.013
 0.012 -0.035 -0.026
 0.039 -0.026 -0.020
 0.010 -0.047 -0.031
-0.094 -0.085 -0.000
 0.017 -0.046 -0.032
 0.042 -0.014 -0.024
 0.065  0.010 -0.005
 0.059  0.012  0.008
 0.053  0.004  0.011
 0.041  0.003  0.011
 0.088  0.066  0.036
 0.033 -0.004 -0.024
 0.049  0.001 -0.009
 0.016 -0.026 -0.018
 0.018 -0.009  0.001
 0.027  0.001  0.003
 0.006 -0.018 -0.027
 0.043  0.026  0.027
 0.001 -0.025 -0.007
 0.038  0.014  0.007
 0.021  0.004  0.005
-0.071 -0.054 -0.024
 0.007 -0.036 -0.028
-0.010 -0.034 -0.039
-0.011 -0.011 -0.024
 0.006  0.033 -0.009
 0.034  0.046  0.038
-0.000 -0.018  0.014
-0.005 -0.026  0.011
-0.005 -0.042  0.003
 0.009 -0.036  0.009
 0.050  0.015  0.036
 0.013 -0.037 -0.009
 0.024 -0.039 -0.030
-0.008 -0.071 -0.055
 0.053 -0.008 -0.019
 0.009 -0.044 -0.028
-0.013 -0.066 -0.034
 0.025 -0.012  0.013
-0.014 -0.053 -0.037
 0.001 -0.036 -0.044
-0.008 -0.032 -0.052
-0.001 -0.040 -0.058
 0.005 -0.032 -0.042
-0.011 -0.027 -0.059
 0.035  0.040 -0.007
-0.020 -0.026 -0.051
-0.002 -0.023 -0.032
-0.013 -0.047 -0.015
-0.013 -0.033  0.003
-0.004 -0.017  0.012
-0.020 -0.036  0.003
 0.036  0.035  0.046
-0.022 -0.033 -0.005
-0.110 -0.087 -0.015
-0.013 -0.056 -0.028
-0.024 -0.054 -0.030
-0.008 -0.026 -0.032
-0.016 -0.039 -0.021
 0.029  0.023  0.038
-0.014 -0.023  0.013
 0.019  0.019  0.048
 0.000 -0.019  0.023
-0.016 -0.044  0.003
-0.043 -0.062 -0.025
-0.031 -0.050 -0.042
-0.084 -0.118 -0.087
-0.066 -0.101 -0.070
-0.066 -0.103 -0.071
-0.064 -0.086 -0.072
-0.040 -0.060 -0.058
-0.059 -0.073 -0.049
-0.042 -0.057 -0.031
-0.055 -0.071 -0.027
-0.019 -0.035 -0.016
-0.052 -0.060 -0.034
-0.050 -0.071 -0.052
-0.076 -0.112 -0.074
-0.181 -0.151 -0.056
-0.059 -0.087 -0.058
-0.019 -0.039 -0.046
-0.024 -0.037 -0.044
-0.039 -0.048 -0.043
-0.023 -0.045 -0.038
-0.021 -0.027 -0.036
 0.038  0.043  0.007
-0.024 -0.050 -0.054
 0.031  0.012 -0.017
-0.040 -0.080 -0.074
-0.042 -0.079 -0.061
-0.061 -0.080 -0.053
-0.087 -0.079 -0.040
-0.035 -0.049 -0.020
-0.125 -0.061  0.018
-0.043 -0.062 -0.030
-0.046 -0.057 -0.044
-0.009 -0.009 -0.018
-0.050 -0.076 -0.059
 0.020  0.007 -0.011
-0.043 -0.088 -0.066
-0.078 -0.092 -0.065
-0.021 -0.055 -0.064
 0.021  0.023 -0.035
-0.014 -0.002 -0.040
 0.033 -0.032  0.039
 0.088  0.051  0.037
 0.012 -0.018 -0.050
 0.020 -0.063 -0.089
 0.007 -0.186 -0.056
-0.071 -0.121  0.015
 0.018 -0.089 -0.030
-0.002 -0.161 -0.091
 0.005 -0.160 -0.087
-0.003 -0.110 -0.066
 0.038 -0.073 -0.012
 0.004 -0.093 -0.037
 0.021 -0.057 -0.034
-0.007 -0.087 -0.059
-0.087 -0.111 -0.046
 0.008 -0.086 -0.065
-0.079 -0.163 -0.179
 0.009 -0.070 -0.076
-0.012 -0.101 -0.086
 0.063 -0.028 -0.023
 0.014 -0.067 -0.058
 0.027 -0.031 -0.046
 0.007 -0.044 -0.058
 0.004 -0.061 -0.049
 0.006 -0.055 -0.046
 0.031 -0.019 -0.035
-0.025 -0.082 -0.088
 0.023 -0.060 -0.061
-0.022 -0.105 -0.086
-0.028 -0.105 -0.082
 0.014 -0.018 -0.050
