 0.277  0.797  0.420
 0.255  0.778  0.415
 0.317  0.848  0.468
 0.225  0.737  0.389
 0.262  0.771  0.428
 0.245  0.758  0.412
 0.268  0.787  0.452
 0.225  0.751  0.493
 0.258  0.703  0.458
 0.219  0.691  0.490
 0.263  0.633  0.461
 0.186  0.626  0.491
 0.178  0.618  0.383
 0.235  0.645  0.375
 0.197  0.615  0.352
 0.222  0.643  0.378
 0.220  0.624  0.369
 0.241  0.641  0.394
 0.250  0.629  0.364
 0.236  0.605  0.337
 0.279  0.635  0.337
 0.232  0.582  0.299
 0.241  0.585  0.301
 0.200  0.538  0.268
 0.209  0.543  0.275
 0.210  0.539  0.278
 0.213  0.538  0.284
 0.236  0.559  0.278
 0.196  0.529  0.262
 0.251  0.597  0.321
 0.172  0.477  0.237
 0.241  0.545  0.275
 0.157  0.427  0.193
 0.197  0.443  0.186
 0.147  0.377  0.147
 0.081  0.322  0.116
 0.080  0.307  0.109
 0.086  0.305  0.133
 0.091  0.306  0.125
 0.084  0.298  0.132
 0.138  0.369  0.184
 0.152  0.401  0.217
 0.197  0.446  0.225
 0.227  0.500  0.241
 0.290  0.588  0.240
 0.254  0.495  0.259
 0.341  0.541  0.345
 0.283  0.438  0.332
 0.344  0.535  0.333
 0.289  0.490  0.224
 0.333  0.568  0.258
 0.226  0.450  0.140
 0.254  0.464  0.161
 0.219  0.439  0.128
 0.210  0.427  0.130
 0.190  0.395  0.127
 0.231  0.432  0.141
 0.162  0.338  0.076
 0.170  0.336  0.082
 0.132  0.283  0.046
 0.126  0.265  0.034
 0.106  0.236  0.008
 0.096  0.221  0.001
 0.104  0.224  0.011
 0.097  0.214  0.012
 0.100  0.207  0.014
 0.087  0.181  0.003
 0.137  0.237  0.046
 0.071  0.150 -0.018
 0.085  0.202  0.041
 0.073  0.133 -0.034
 0.043  0.103 -0.056
 0.096  0.187  0.024
 0.024  0.102 -0.047
 0.063  0.153  0.010
-0.004  0.066 -0.042
 0.003  0.049 -0.054
-0.035  0.013 -0.066
-0.040  0.008 -0.066
 0.010  0.084 -0.003
-0.055  0.002 -0.050
-0.036  0.015 -0.088
-0.082 -0.034 -0.120
-0.052 -0.024 -0.055
-0.013  0.010 -0.029
-0.016  0.002 -0.036
 0.008  0.046  0.001
-0.013 -0.001 -0.030
 0.042  0.043  0.027
-0.007 -0.007  0.025
 0.047  0.068  0.083
-0.013 -0.010  0.016
-0.025 -0.020 -0.000
 0.004  0.007  0.023
 0.003  0.004  0.018
 0.032  0.026  0.016
-0.009  0.004  0.023
-0.049 -0.024  0.004
-0.041 -0.019  0.009
-0.012 -0.005 -0.002
-0.022  0.005  0.023
-0.022  0.004  0.010
 0.039  0.082  0.067
-0.038 -0.016 -0.007
-0.006 -0.000  0.008
-0.030 -0.018 -0.033
-0.015 -0.014 -0.032
-0.003 -0.002 -0.028
-0.011 -0.015 -0.024
 0.033  0.046  0.029
-0.051 -0.042 -0.033
-0.072 -0.058 -0.039
-0.069 -0.053 -0.036
-0.034 -0.026 -0.018
-0.056 -0.046 -0.037
-0.045 -0.052 -0.043
-0.019 -0.035 -0.039
 0.008 -0.010 -0.029
 0.048  0.005 -0.024
 0.013 -0.026 -0.045
-0.001 -0.019 -0.045
 0.008  0.002 -0.007
-0.005 -0.008 -0.007
-0.002 -0.004 -0.006
-0.005 -0.005 -0.002
 0.013  0.002 -0.002
-0.003 -0.004 -0.011
 0.005  0.008 -0.008
 0.008  0.008 -0.008
-0.001 -0.018 -0.035
 0.013 -0.016 -0.045
 0.008 -0.021 -0.039
 0.031 -0.004 -0.047
 0.010 -0.014 -0.043
 0.025 -0.001 -0.044
-0.034 -0.068 -0.092
-0.044 -0.079 -0.091
-0.025 -0.050 -0.075
-0.045 -0.076 -0.093
-0.009 -0.044 -0.081
-0.032 -0.062 -0.089
-0.021 -0.066 -0.088
-0.033 -0.071 -0.104
-0.037 -0.077 -0.094
-0.028 -0.057 -0.073
-0.025 -0.045 -0.063
 0.031  0.038 -0.012
-0.025 -0.041 -0.067
 0.023 -0.006 -0.051
-0.010 -0.049 -0.081
-0.043 -0.061 -0.081
 0.002 -0.044 -0.080
-0.010 -0.049 -0.081
-0.011 -0.047 -0.070
-0.015 -0.048 -0.065
-0.006 -0.028 -0.058
-0.025 -0.056 -0.067
-0.019 -0.054 -0.069
-0.043 -0.071 -0.078
-0.040 -0.061 -0.075
-0.059 -0.064 -0.081
-0.072 -0.079 -0.075
-0.027 -0.021 -0.033
-0.025 -0.012 -0.026
 0.055  0.080  0.040
 0.012  0.022 -0.006
 0.026  0.040  0.013
 0.006  0.019  0.005
-0.010  0.014  0.012
 0.039  0.064  0.042
 0.037  0.052  0.027
 0.014  0.033  0.006
-0.001  0.014 -0.009
 0.012  0.030 -0.000
 0.022  0.038  0.005
 0.103  0.164  0.107
 0.056  0.096  0.050
 0.094  0.140  0.091
 0.030  0.066  0.035
 0.026  0.053  0.027
 0.007  0.027  0.011
 0.027  0.088  0.073
-0.008  0.005 -0.001
-0.011 -0.005 -0.002
-0.003  0.006  0.003
-0.008 -0.002  0.002
 0.053  0.087  0.069
 0.002  0.014  0.016
 0.064  0.085  0.079
 0.009  0.002  0.013
 0.034  0.029  0.027
 0.019  0.019  0.034
-0.001  0.053  0.086
 0.043  0.024  0.033
 0.043  0.013  0.026
 0.045  0.008  0.022
 0.028 -0.016 -0.004
 0.046  0.023  0.023
-0.028 -0.060 -0.029
 0.013 -0.023 -0.001
 0.003 -0.045 -0.024
-0.009 -0.005  0.018
 0.029 -0.023 -0.024
 0.023 -0.028 -0.016
 0.033 -0.009  0.013
 0.027 -0.018  0.024
 0.084  0.062  0.082
 0.039  0.004  0.036
 0.038 -0.008  0.028
 0.030 -0.012  0.022
 0.008  0.011  0.070
 0.013 -0.035  0.016
 0.067  0.024  0.052
 0.012 -0.048 -0.000
 0.023 -0.041 -0.005
 0.077  0.041  0.053
 0.009 -0.054 -0.018
 0.040 -0.022 -0.005
-0.010 -0.079 -0.038
-0.026 -0.095 -0.043
-0.019 -0.100 -0.051
-0.027 -0.106 -0.053
-0.012 -0.078 -0.036
-0.033 -0.092 -0.045
 0.023 -0.011  0.010
-0.003 -0.056 -0.026
 0.043 -0.003  0.015
 0.043  0.018  0.034
 0.035  0.014  0.044
 0.018  0.006  0.033
-0.002 -0.012  0.033
-0.009 -0.017  0.030
-0.022 -0.034  0.010
 0.019 -0.002  0.017
-0.021 -0.046 -0.024
-0.014 -0.046 -0.025
-0.009 -0.045 -0.031
-0.006 -0.053 -0.051
-0.007 -0.063 -0.056
-0.011 -0.068 -0.055
 0.026 -0.014 -0.025
-0.035 -0.075 -0.057
-0.141 -0.117 -0.046
-0.084 -0.101 -0.061
-0.041 -0.070 -0.064
-0.048 -0.078 -0.072
-0.023 -0.056 -0.076
 0.030  0.003 -0.032
-0.019 -0.049 -0.069
-0.004 -0.027 -0.050
-0.020 -0.036 -0.046
-0.037 -0.056 -0.049
-0.039 -0.037 -0.025
-0.053 -0.045 -0.020
-0.014  0.015  0.030
-0.074 -0.077 -0.042
-0.030 -0.018  0.003
-0.034 -0.013  0.003
-0.106 -0.021  0.036
-0.018 -0.000  0.004
-0.015  0.010  0.019
-0.015  0.005  0.010
-0.027 -0.019 -0.009
 0.018  0.036  0.037
-0.044 -0.049 -0.038
-0.031 -0.033 -0.027
-0.060 -0.056 -0.035
-0.058 -0.057 -0.044
-0.067 -0.067 -0.049
-0.062 -0.061 -0.062
-0.062 -0.062 -0.064
-0.070 -0.066 -0.054
-0.045 -0.029 -0.031
-0.067 -0.058 -0.056
-0.045 -0.027 -0.032
-0.081 -0.045 -0.042
-0.072 -0.037 -0.020
-0.107 -0.061 -0.044
-0.196 -0.078 -0.016
-0.094 -0.044 -0.029
-0.087 -0.039 -0.033
-0.080 -0.040 -0.045
-0.066 -0.030 -0.050
 0.020  0.090  0.017
-0.024  0.015 -0.037
-0.002  0.029 -0.032
-0.050 -0.017 -0.057
-0.059 -0.026 -0.054
-0.054 -0.026 -0.050
-0.079 -0.059 -0.082
-0.100 -0.068 -0.089
-0.125 -0.099 -0.110
-0.091 -0.057 -0.079
-0.085 -0.046 -0.057
-0.060 -0.003 -0.020
-0.120 -0.052 -0.043
-0.097 -0.009  0.017
-0.114 -0.009  0.026
-0.113 -0.003  0.035
-0.086  0.008  0.013
-0.081  0.013  0.020
-0.083  0.003 -0.005
-0.097 -0.023 -0.026
-0.089 -0.022 -0.040
-0.090 -0.025 -0.039
-0.048  0.016 -0.010
-0.096 -0.037 -0.056
-0.080 -0.023 -0.044
-0.122 -0.062 -0.072
-0.128  0.002  0.001
-0.121 -0.041 -0.061
-0.135 -0.050 -0.055
-0.098  0.024  0.026
-0.146 -0.050 -0.033
-0.120 -0.031 -0.024
-0.154 -0.061 -0.038
-0.187 -0.043  0.005
-0.141 -0.068 -0.058
-0.136 -0.081 -0.068
-0.112 -0.065 -0.065
-0.103 -0.060 -0.073
-0.024  0.038  0.005
-0.073 -0.048 -0.059
-0.047 -0.034 -0.053
-0.087 -0.086 -0.087
-0.101 -0.108 -0.111
-0.095 -0.122 -0.135
-0.085 -0.116 -0.137
-0.030 -0.038 -0.071
-0.066 -0.096 -0.112
-0.030 -0.033 -0.055
-0.108 -0.143 -0.135
-0.073 -0.100 -0.106
-0.109 -0.124 -0.121
-0.118 -0.137 -0.140
-0.099 -0.115 -0.124
-0.093 -0.117 -0.121
-0.054 -0.057 -0.075
-0.094 -0.121 -0.112
-0.070 -0.095 -0.095
-0.068 -0.077 -0.068
-0.063 -0.081 -0.073
-0.062 -0.079 -0.068
-0.067 -0.087 -0.070
-0.052 -0.073 -0.065
-0.073 -0.097 -0.082
-0.053 -0.084 -0.081
-0.067 -0.088 -0.085
-0.092 -0.099 -0.074
-0.080 -0.107 -0.097
-0.091 -0.118 -0.096
-0.085 -0.109 -0.092
-0.093 -0.119 -0.093
-0.053 -0.065 -0.046
-0.108 -0.131 -0.102
-0.094 -0.119 -0.092
-0.109 -0.126 -0.102
-0.106 -0.120 -0.102
-0.092 -0.106 -0.082
-0.096 -0.125 -0.085
-0.055 -0.072 -0.034
-0.109 -0.142 -0.103
-0.140 -0.152 -0.095
-0.114 -0.132 -0.087
-0.113 -0.127 -0.080
-0.115 -0.127 -0.077
-0.109 -0.124 -0.079
-0.048 -0.039 -0.032
-0.097 -0.126 -0.115
-0.077 -0.098 -0.097
-0.092 -0.106 -0.090
-0.079 -0.092 -0.082
-0.095 -0.109 -0.094
-0.098 -0.097 -0.083
-0.076 -0.064 -0.055
-0.078 -0.060 -0.048
-0.046  0.012  0.014
-0.094 -0.061 -0.051
-0.068 -0.039 -0.044
-0.088 -0.061 -0.059
-0.050  0.003 -0.010
-0.096 -0.066 -0.058
-0.086 -0.055 -0.063
-0.103 -0.065 -0.063
-0.110 -0.073 -0.072
-0.136 -0.081 -0.059
-0.184 -0.124 -0.082
-0.206 -0.144 -0.102
-0.213 -0.156 -0.115
-0.162 -0.104 -0.075
-0.190 -0.131 -0.088
-0.184 -0.131 -0.095
-0.162 -0.104 -0.092
-0.155 -0.102 -0.105
-0.096 -0.011 -0.029
-0.153 -0.105 -0.104
-0.115 -0.065 -0.066
-0.162 -0.113 -0.092
-0.137 -0.097 -0.078
-0.151 -0.112 -0.083
-0.130 -0.096 -0.075
-0.078 -0.041 -0.036
-0.084 -0.042 -0.035
-0.073 -0.024 -0.026
-0.104 -0.052 -0.046
-0.084 -0.045 -0.053
-0.124 -0.073 -0.069
-0.135 -0.078 -0.073
-0.105 -0.052 -0.061
-0.122 -0.060 -0.067
-0.111 -0.043 -0.053
-0.103 -0.026 -0.044
-0.141 -0.069 -0.077
-0.150 -0.079 -0.088
-0.182 -0.104 -0.109
-0.166 -0.089 -0.101
-0.200 -0.111 -0.112
-0.216 -0.112 -0.111
-0.202 -0.077 -0.072
-0.224 -0.099 -0.079
-0.178 -0.031 -0.030
-0.253 -0.124 -0.101
-0.356 -0.155 -0.073
-0.264 -0.131 -0.110
-0.263 -0.131 -0.117
-0.212 -0.047 -0.052
-0.277 -0.135 -0.109
-0.255 -0.121 -0.117
-0.292 -0.156 -0.134
-0.289 -0.149 -0.137
-0.258 -0.115 -0.115
-0.241 -0.093 -0.115
-0.190 -0.032 -0.069
-0.250 -0.101 -0.121
-0.322 -0.125 -0.096
-0.265 -0.095 -0.097
-0.272 -0.104 -0.101
-0.214 -0.015 -0.036
-0.284 -0.102 -0.103
-0.276 -0.092 -0.094
-0.300 -0.102 -0.104
-0.301 -0.097 -0.102
-0.284 -0.071 -0.096
-0.269 -0.056 -0.093
-0.214  0.011 -0.041
-0.263 -0.038 -0.073
-0.255 -0.037 -0.065
-0.281 -0.063 -0.081
-0.278 -0.063 -0.076
-0.260 -0.036 -0.067
-0.284 -0.069 -0.086
-0.268 -0.063 -0.095
-0.291 -0.089 -0.120
-0.322 -0.113 -0.127
-0.290 -0.110 -0.149
-0.290 -0.121 -0.153
-0.237 -0.038 -0.084
-0.262 -0.078 -0.121
-0.224 -0.037 -0.087
-0.235 -0.042 -0.096
-0.249  0.012 -0.026
-0.241 -0.036 -0.091
-0.258 -0.057 -0.105
-0.204  0.010 -0.052
-0.251 -0.049 -0.096
-0.229  0.004 -0.030
-0.242 -0.056 -0.091
-0.244 -0.066 -0.105
-0.235 -0.059 -0.097
-0.254 -0.092 -0.117
-0.225 -0.058 -0.111
-0.266 -0.103 -0.141
-0.266 -0.103 -0.150
-0.253 -0.094 -0.142
-0.242 -0.082 -0.135
-0.178  0.009 -0.055
-0.233 -0.075 -0.114
-0.313 -0.109 -0.105
-0.224 -0.067 -0.109
-0.216 -0.049 -0.114
-0.177  0.002 -0.070
-0.208 -0.037 -0.076
-0.165  0.021 -0.021
-0.217 -0.055 -0.090
-0.238 -0.027 -0.053
-0.215 -0.075 -0.120
-0.220 -0.079 -0.118
-0.190 -0.016 -0.062
-0.249 -0.114 -0.133
-0.205 -0.056 -0.088
-0.286 -0.147 -0.154
-0.286 -0.137 -0.135
-0.268 -0.113 -0.121
-0.270 -0.100 -0.087
-0.211 -0.027 -0.028
-0.239 -0.066 -0.090
-0.191 -0.000 -0.038
-0.243 -0.086 -0.132
-0.215 -0.059 -0.131
-0.199 -0.051 -0.128
-0.200 -0.052 -0.135
-0.198 -0.050 -0.125
-0.217 -0.070 -0.127
-0.193 -0.022 -0.064
-0.251 -0.101 -0.122
-0.309 -0.133 -0.137
-0.246 -0.094 -0.131
-0.222 -0.076 -0.121
-0.206 -0.062 -0.109
-0.224 -0.091 -0.147
-0.188 -0.055 -0.119
-0.238 -0.117 -0.159
-0.242 -0.069 -0.096
-0.222 -0.092 -0.135
-0.208 -0.073 -0.117
-0.156  0.004 -0.047
-0.198 -0.060 -0.087
-0.136  0.024 -0.020
-0.189 -0.056 -0.083
-0.225 -0.078 -0.088
-0.171 -0.044 -0.081
-0.159 -0.029 -0.075
-0.151 -0.010 -0.046
-0.172 -0.043 -0.069
-0.120  0.033 -0.002
-0.181 -0.061 -0.059
-0.270 -0.099 -0.025
-0.180 -0.055 -0.027
-0.171 -0.047 -0.024
-0.119  0.038  0.056
-0.150 -0.025  0.001
-0.128 -0.005  0.006
-0.149 -0.022 -0.009
-0.160 -0.035 -0.013
-0.156 -0.036  0.002
-0.159 -0.036 -0.006
-0.134  0.005  0.042
-0.171 -0.050  0.011
-0.137 -0.012  0.040
-0.132  0.008  0.041
-0.109  0.018  0.053
-0.116  0.012  0.058
-0.124 -0.008  0.036
-0.065  0.076  0.078
-0.119  0.001 -0.017
-0.207 -0.022 -0.009
-0.131 -0.003 -0.035
-0.129  0.002 -0.024
-0.121  0.016 -0.014
-0.131  0.004 -0.028
-0.116  0.013 -0.023
-0.119  0.030 -0.013
-0.095  0.063  0.018
-0.061  0.099  0.049
-0.069  0.081  0.043
-0.045  0.117  0.075
-0.092  0.050  0.023
-0.111  0.036  0.003
-0.118  0.026 -0.006
-0.120  0.019 -0.005
-0.113  0.030  0.002
-0.114  0.022 -0.004
-0.051  0.108  0.047
-0.110  0.027 -0.020
-0.145  0.009 -0.022
-0.124  0.018 -0.032
-0.070  0.071 -0.017
-0.123  0.012 -0.079
-0.130  0.010 -0.101
-0.098  0.051 -0.067
-0.123  0.015 -0.088
-0.135  0.003 -0.099
-0.151 -0.016 -0.113
-0.133 -0.009 -0.110
-0.094  0.038 -0.079
-0.104  0.010 -0.105
-0.070  0.030 -0.091
-0.110 -0.008 -0.106
-0.138 -0.020 -0.100
-0.114 -0.000 -0.088
-0.114 -0.000 -0.091
-0.078  0.041 -0.071
-0.083  0.021 -0.088
-0.060  0.047 -0.055
-0.105  0.003 -0.080
-0.138 -0.004 -0.057
-0.092  0.025 -0.055
-0.089  0.032 -0.030
-0.063  0.075 -0.018
-0.072  0.058 -0.014
-0.045  0.085  0.011
-0.088  0.028 -0.033
-0.112  0.007 -0.048
-0.104 -0.002 -0.050
-0.091  0.020 -0.027
-0.060  0.059 -0.015
-0.085  0.020 -0.032
-0.046  0.092  0.052
-0.092  0.063  0.064
-0.188  0.035  0.114
-0.093  0.080  0.091
-0.095  0.072  0.079
-0.103  0.058  0.062
-0.110  0.046  0.045
-0.050  0.118  0.107
-0.089  0.060  0.066
-0.119  0.035  0.059
-0.085  0.049  0.062
-0.168  0.022  0.089
-0.076  0.045  0.060
-0.071  0.043  0.053
-0.014  0.120  0.105
-0.040  0.065  0.059
-0.027  0.069  0.061
-0.056  0.039  0.054
-0.081  0.005  0.027
-0.098 -0.024  0.016
-0.096 -0.029  0.016
-0.075 -0.002  0.035
-0.076 -0.023  0.016
-0.044  0.013  0.023
-0.082 -0.033  0.007
-0.075 -0.026  0.026
-0.095 -0.041  0.023
-0.086 -0.031  0.029
-0.071 -0.003  0.048
-0.071 -0.005  0.051
-0.037  0.026  0.067
-0.078 -0.027  0.033
-0.118 -0.066  0.008
-0.098 -0.061 -0.003
-0.096 -0.073 -0.007
-0.057 -0.006  0.035
-0.105 -0.076 -0.013
-0.093 -0.058 -0.017
-0.069 -0.042 -0.025
-0.040 -0.012 -0.005
-0.061 -0.029  0.005
-0.070 -0.047  0.001
-0.091 -0.076 -0.004
-0.103 -0.090 -0.001
-0.098 -0.078  0.014
-0.090 -0.073  0.013
-0.049 -0.035  0.027
-0.071 -0.079 -0.001
-0.015 -0.043  0.003
-0.009 -0.047  0.016
-0.003 -0.054  0.006
-0.019 -0.080 -0.001
-0.045 -0.116 -0.017
-0.011 -0.066  0.037
-0.069 -0.144 -0.020
-0.091 -0.151 -0.024
-0.042 -0.115 -0.008
-0.096 -0.105  0.048
-0.101 -0.158 -0.013
-0.114 -0.173 -0.021
-0.054 -0.081  0.041
-0.087 -0.123  0.018
-0.114 -0.123  0.038
-0.063 -0.101  0.042
-0.047 -0.082  0.054
-0.045 -0.068  0.062
-0.055 -0.085  0.042
-0.037 -0.078  0.039
-0.032 -0.067  0.062
 0.017 -0.004  0.116
-0.042 -0.077  0.058
-0.037 -0.077  0.037
 0.015 -0.030  0.076
-0.012 -0.051  0.056
-0.008 -0.047  0.051
-0.002 -0.026  0.061
-0.022 -0.054  0.051
-0.030 -0.066  0.044
-0.049 -0.096  0.021
-0.045 -0.087  0.019
-0.026 -0.063  0.029
-0.028 -0.062  0.037
-0.046 -0.078  0.040
-0.045 -0.087  0.033
-0.026 -0.067  0.050
-0.039 -0.080  0.034
-0.052 -0.077  0.019
-0.058 -0.086  0.009
-0.059 -0.096 -0.005
-0.022 -0.066  0.002
-0.038 -0.080 -0.005
-0.038 -0.076 -0.000
-0.039 -0.075  0.009
-0.047 -0.075  0.013
 0.018  0.025  0.092
-0.022 -0.031  0.035
-0.089 -0.054  0.041
-0.028 -0.032  0.026
-0.036 -0.055  0.009
 0.004  0.001  0.055
-0.034 -0.056  0.001
-0.025 -0.042  0.006
-0.018 -0.034  0.013
 0.012 -0.006  0.019
-0.042 -0.044  0.008
-0.044 -0.047  0.010
 0.008  0.018  0.063
-0.047 -0.039  0.024
-0.020  0.025  0.090
-0.025 -0.021  0.027
-0.031 -0.031  0.014
-0.046 -0.039  0.018
-0.062 -0.052  0.007
-0.021 -0.008  0.043
-0.057 -0.044  0.009
-0.118 -0.050  0.037
-0.023 -0.001  0.052
-0.043 -0.022  0.034
-0.031 -0.006  0.045
-0.009  0.018  0.065
 0.031  0.062  0.090
 0.014  0.056  0.092
-0.009  0.047  0.101
-0.012  0.040  0.087
 0.014  0.056  0.109
 0.046  0.111  0.132
 0.025  0.078  0.112
 0.052  0.106  0.121
 0.016  0.074  0.112
-0.026  0.037  0.102
-0.043  0.017  0.081
-0.049  0.011  0.065
-0.017  0.059  0.101
-0.039  0.021  0.053
-0.008  0.047  0.072
-0.052  0.015  0.042
-0.069 -0.011  0.033
-0.071 -0.015  0.020
-0.048  0.007  0.035
-0.014  0.042  0.056
-0.010  0.037  0.037
 0.033  0.097  0.112
-0.037  0.021  0.066
-0.021  0.039  0.090
-0.025  0.040  0.086
-0.005  0.057  0.069
 0.020  0.074  0.078
 0.031  0.079  0.081
 0.065  0.145  0.135
 0.008  0.066  0.079
 0.026  0.089  0.107
 0.003  0.074  0.110
 0.003  0.060  0.089
 0.022  0.068  0.089
 0.000  0.052  0.079
 0.018  0.096  0.116
-0.040  0.011  0.038
-0.027  0.027  0.031
-0.024  0.032  0.038
-0.026  0.073  0.097
-0.061 -0.000  0.029
-0.071 -0.024  0.014
-0.031  0.035  0.064
-0.069 -0.027  0.016
-0.020  0.021  0.039
-0.025  0.008  0.031
-0.042 -0.003  0.017
-0.024  0.009  0.030
-0.016  0.025  0.036
 0.029  0.084  0.075
 0.023  0.070  0.060
 0.053  0.109  0.074
-0.020  0.013 -0.011
-0.011  0.025 -0.006
-0.017  0.029  0.017
 0.004  0.060  0.050
-0.000  0.064  0.084
-0.013  0.054  0.082
-0.011  0.066  0.081
-0.022  0.045  0.062
 0.001  0.039  0.013
 0.009  0.059  0.046
-0.026  0.085  0.102
 0.027  0.070  0.054
 0.018  0.049  0.029
 0.049  0.084  0.050
 0.025  0.057  0.018
 0.053  0.087  0.049
 0.007  0.062  0.058
-0.075  0.028  0.068
-0.032  0.042  0.068
-0.026  0.046  0.068
 0.046  0.144  0.163
 0.014  0.091  0.112
 0.053  0.135  0.138
-0.004  0.060  0.067
 0.016  0.072  0.066
 0.019  0.077  0.072
 0.029  0.072  0.065
 0.045  0.092  0.084
 0.023  0.083  0.085
 0.041  0.133  0.132
-0.045  0.022  0.051
-0.052  0.026  0.061
-0.064  0.020  0.063
-0.039  0.049  0.066
-0.003  0.095  0.112
-0.000  0.097  0.115
 0.004  0.122  0.142
-0.066  0.034  0.087
-0.054  0.032  0.082
-0.070  0.004  0.050
-0.130 -0.037  0.014
-0.070 -0.024 -0.009
-0.174 -0.063  0.006
-0.103 -0.051 -0.024
-0.109 -0.047 -0.006
-0.060  0.035  0.062
-0.110 -0.028  0.016
-0.068  0.031  0.062
-0.085  0.017  0.047
-0.064  0.035  0.052
-0.035  0.060  0.063
-0.028  0.058  0.055
-0.024  0.058  0.047
-0.057  0.008  0.013
-0.026  0.053  0.037
-0.068 -0.019 -0.020
-0.040  0.005 -0.000
-0.041  0.007  0.015
-0.101 -0.026  0.010
-0.075 -0.022 -0.010
-0.084 -0.031 -0.016
-0.072 -0.027 -0.026
-0.067 -0.035 -0.047
-0.019  0.014 -0.030
-0.050 -0.020 -0.043
-0.034 -0.008 -0.029
-0.040 -0.013 -0.033
-0.033 -0.009 -0.030
-0.003  0.033 -0.008
-0.014  0.016 -0.016
 0.013  0.047 -0.002
-0.019  0.017 -0.018
-0.109 -0.031 -0.023
-0.030  0.015 -0.033
-0.029  0.019 -0.042
 0.006  0.086  0.015
-0.034  0.032 -0.016
-0.008  0.064  0.005
-0.047  0.023 -0.022
-0.120 -0.000 -0.002
-0.034  0.046  0.007
-0.047  0.038  0.008
-0.045  0.044  0.026
-0.053  0.014 -0.008
-0.016  0.050  0.006
-0.026  0.040 -0.003
-0.103  0.008  0.008
-0.051  0.022 -0.011
-0.043  0.032  0.009
-0.033  0.045  0.028
-0.026  0.055  0.023
 0.012  0.102  0.044
-0.017  0.064  0.044
-0.013  0.062  0.051
-0.038  0.038  0.028
-0.040  0.034  0.027
-0.029  0.049  0.032
-0.059  0.014 -0.004
-0.075  0.022 -0.002
-0.118 -0.033 -0.030
-0.107 -0.033 -0.025
-0.089 -0.013 -0.024
-0.055  0.021 -0.008
-0.019  0.074  0.027
-0.037  0.046  0.025
 0.015  0.115  0.091
-0.035  0.049  0.037
-0.044  0.055  0.047
-0.014  0.059  0.034
-0.007  0.063  0.031
-0.052  0.029  0.028
-0.066  0.022  0.034
-0.009  0.094  0.088
-0.051  0.030  0.028
-0.042  0.033  0.016
-0.075 -0.004 -0.014
-0.124  0.006  0.025
-0.080 -0.022 -0.041
-0.072 -0.019 -0.066
-0.002  0.061 -0.003
-0.044  0.002 -0.053
-0.016  0.033 -0.024
-0.049  0.002 -0.040
-0.015  0.032  0.001
-0.030  0.030  0.036
-0.031  0.026  0.031
-0.053 -0.004  0.013
-0.042  0.001  0.014
-0.076 -0.025  0.003
-0.075 -0.017  0.017
-0.056  0.019  0.035
-0.089 -0.029 -0.001
-0.042  0.008  0.039
-0.086 -0.043 -0.012
-0.073 -0.041 -0.021
-0.064 -0.021 -0.007
-0.063 -0.026 -0.025
-0.018  0.019  0.004
-0.085 -0.071 -0.076
-0.090 -0.095 -0.086
-0.121 -0.126 -0.096
-0.132 -0.144 -0.123
-0.100 -0.105 -0.101
-0.116 -0.118 -0.113
-0.097 -0.069 -0.059
-0.127 -0.101 -0.075
-0.115 -0.088 -0.077
-0.110 -0.076 -0.070
-0.084 -0.042 -0.047
-0.046  0.020  0.026
-0.115 -0.073 -0.041
-0.113 -0.085 -0.051
-0.155 -0.120 -0.061
-0.205 -0.098 -0.002
-0.135 -0.082 -0.028
-0.113 -0.046 -0.004
-0.092 -0.005  0.023
-0.113 -0.040 -0.008
-0.065  0.008  0.028
-0.102 -0.044 -0.033
-0.184 -0.065 -0.004
-0.120 -0.064 -0.042
-0.139 -0.090 -0.055
-0.138 -0.087 -0.049
-0.151 -0.102 -0.056
-0.101 -0.052 -0.034
-0.122 -0.067 -0.043
-0.194 -0.106 -0.042
-0.123 -0.074 -0.037
-0.107 -0.054 -0.005
-0.049  0.030  0.059
-0.081 -0.032 -0.008
-0.074 -0.032 -0.009
-0.129 -0.092 -0.062
-0.181 -0.139 -0.107
-0.145 -0.117 -0.107
-0.143 -0.116 -0.114
-0.137 -0.100 -0.104
-0.139 -0.101 -0.102
-0.124 -0.087 -0.064
-0.124 -0.096 -0.050
-0.092 -0.065 -0.036
-0.105 -0.080 -0.057
-0.132 -0.094 -0.053
-0.118 -0.092 -0.067
-0.106 -0.051 -0.034
-0.162 -0.132 -0.091
-0.187 -0.154 -0.090
-0.161 -0.092 -0.054
-0.213 -0.157 -0.099
-0.218 -0.149 -0.079
-0.182 -0.115 -0.046
-0.159 -0.090 -0.037
-0.131 -0.061  0.003
-0.123 -0.066 -0.008
-0.086 -0.040 -0.007
-0.082 -0.032  0.000
-0.034  0.012  0.010
-0.063 -0.015  0.010
-0.063 -0.013  0.007
-0.006  0.060  0.071
-0.050  0.009  0.023
-0.060  0.013  0.023
-0.061  0.015  0.036
-0.074 -0.006  0.017
-0.067  0.003  0.021
-0.076 -0.022  0.006
-0.055  0.004  0.006
-0.070 -0.019 -0.002
-0.032  0.009  0.005
-0.076 -0.024 -0.004
-0.095 -0.047 -0.021
-0.064  0.006  0.017
-0.097 -0.052 -0.047
-0.109 -0.051 -0.047
-0.087 -0.035 -0.043
-0.106 -0.053 -0.067
-0.109 -0.061 -0.084
-0.115 -0.074 -0.100
-0.075 -0.042 -0.080
-0.087 -0.049 -0.085
-0.069  0.019 -0.022
-0.109 -0.059 -0.083
-0.135 -0.082 -0.091
-0.095 -0.026 -0.056
-0.118 -0.061 -0.086
-0.099 -0.047 -0.090
-0.131 -0.071 -0.095
-0.084 -0.008 -0.052
-0.132 -0.063 -0.079
-0.115 -0.050 -0.082
-0.043  0.043 -0.026
-0.088 -0.027 -0.070
-0.077 -0.010 -0.055
-0.116 -0.054 -0.060
-0.056  0.007 -0.023
-0.082 -0.021 -0.042
-0.065 -0.013 -0.046
-0.056 -0.006 -0.050
-0.029  0.060  0.023
-0.073 -0.035 -0.060
-0.081 -0.050 -0.075
-0.046 -0.026 -0.053
-0.078 -0.053 -0.082
-0.080 -0.056 -0.072
-0.066 -0.039 -0.040
-0.050 -0.022 -0.025
-0.004  0.039  0.012
-0.043 -0.008 -0.019
-0.025  0.003 -0.021
-0.059 -0.033 -0.053
-0.049 -0.029 -0.037
-0.037 -0.017 -0.039
-0.028 -0.017 -0.045
 0.018  0.026 -0.008
 0.014  0.033 -0.018
-0.023  0.023  0.018
-0.004  0.021  0.022
-0.032 -0.014 -0.008
-0.007  0.035  0.026
-0.066 -0.045 -0.041
-0.054 -0.039 -0.043
-0.051 -0.033 -0.059
-0.052 -0.036 -0.059
-0.064 -0.041 -0.059
-0.088 -0.069 -0.082
-0.045 -0.026 -0.035
-0.066 -0.040 -0.049
-0.004  0.010 -0.032
-0.045 -0.031 -0.055
-0.075 -0.056 -0.063
-0.085 -0.063 -0.054
-0.132 -0.109 -0.071
-0.115 -0.096 -0.061
-0.107 -0.087 -0.059
-0.057 -0.047 -0.056
-0.037 -0.010 -0.016
-0.069 -0.041 -0.030
-0.060 -0.022 -0.008
-0.082 -0.045 -0.016
-0.056 -0.020 -0.002
-0.063 -0.024 -0.003
-0.041  0.030  0.052
-0.112 -0.067 -0.026
-0.113 -0.086 -0.044
-0.037 -0.009 -0.000
-0.061 -0.064 -0.067
-0.032 -0.037 -0.055
-0.074 -0.077 -0.076
-0.099 -0.081 -0.072
-0.086 -0.068 -0.061
-0.075 -0.046 -0.058
-0.049 -0.009 -0.010
-0.093 -0.060 -0.041
-0.064 -0.015  0.004
-0.133 -0.094 -0.064
-0.201 -0.106 -0.049
-0.109 -0.060 -0.065
-0.105 -0.061 -0.067
-0.110 -0.052 -0.051
-0.131 -0.070 -0.067
-0.125 -0.041 -0.014
-0.196 -0.117 -0.089
-0.148 -0.068 -0.049
-0.165 -0.089 -0.061
-0.158 -0.089 -0.065
-0.180 -0.115 -0.075
-0.226 -0.101 -0.043
-0.165 -0.106 -0.081
-0.144 -0.081 -0.064
-0.171 -0.103 -0.069
-0.208 -0.150 -0.115
-0.148 -0.079 -0.055
-0.141 -0.080 -0.068
-0.158 -0.069 -0.066
-0.096 -0.034 -0.046
-0.124 -0.064 -0.054
-0.138 -0.063 -0.046
-0.125 -0.049 -0.045
-0.046  0.045  0.017
-0.097 -0.028 -0.028
-0.103 -0.026 -0.017
-0.146 -0.060 -0.027
-0.226 -0.104 -0.036
-0.155 -0.075 -0.060
-0.141 -0.071 -0.084
-0.140 -0.074 -0.085
-0.158 -0.096 -0.114
-0.164 -0.104 -0.112
-0.173 -0.120 -0.132
-0.121 -0.073 -0.105
-0.126 -0.072 -0.117
-0.136 -0.075 -0.109
-0.159 -0.091 -0.100
-0.113 -0.014 -0.030
-0.151 -0.053 -0.046
-0.129 -0.022 -0.018
-0.114  0.003 -0.001
-0.145 -0.035 -0.025
-0.102  0.020  0.029
-0.144 -0.041 -0.040
-0.108 -0.007 -0.028
-0.109 -0.007 -0.026
-0.116 -0.020 -0.040
-0.132 -0.030 -0.041
-0.074  0.049  0.021
-0.114 -0.002 -0.023
-0.100  0.013 -0.018
-0.105  0.014 -0.026
-0.140 -0.031 -0.042
-0.077  0.039  0.002
-0.123 -0.026 -0.059
-0.113 -0.009 -0.042
-0.135 -0.033 -0.057
-0.236 -0.086 -0.057
-0.183 -0.075 -0.070
-0.165 -0.050 -0.046
-0.112  0.002 -0.011
-0.091  0.009 -0.022
-0.062  0.053  0.016
-0.129 -0.045 -0.045
-0.118 -0.042 -0.037
-0.145 -0.074 -0.057
-0.143 -0.087 -0.083
-0.168 -0.119 -0.113
-0.212 -0.155 -0.131
-0.146 -0.125 -0.128
-0.119 -0.102 -0.132
-0.053 -0.016 -0.058
-0.100 -0.081 -0.092
-0.097 -0.082 -0.091
-0.117 -0.092 -0.065
-0.117 -0.084 -0.044
-0.093 -0.056 -0.029
-0.072 -0.040 -0.019
-0.034  0.018  0.028
-0.097 -0.052 -0.037
-0.084 -0.051 -0.040
-0.085 -0.049 -0.050
-0.075 -0.046 -0.039
-0.061 -0.023 -0.026
-0.074 -0.043 -0.040
-0.062 -0.023 -0.016
-0.084 -0.057 -0.049
-0.036 -0.011 -0.033
-0.046 -0.018 -0.038
-0.015  0.022 -0.007
-0.025  0.017 -0.001
 0.009  0.055  0.023
-0.043 -0.001 -0.020
-0.128 -0.045 -0.015
-0.059 -0.026 -0.024
-0.050 -0.019 -0.018
-0.000  0.055  0.027
-0.044 -0.009 -0.023
-0.012  0.033  0.019
-0.066 -0.040 -0.053
-0.083 -0.038 -0.062
-0.045 -0.003 -0.043
-0.044  0.006 -0.040
-0.067 -0.001 -0.022
-0.098 -0.012 -0.014
-0.075  0.024  0.016
-0.101 -0.006 -0.015
-0.088  0.021  0.010
-0.083  0.019  0.022
-0.168 -0.016  0.033
-0.083  0.008 -0.006
-0.073  0.017 -0.007
-0.012  0.109  0.073
-0.078  0.021 -0.001
-0.041  0.063  0.050
-0.075  0.012  0.007
-0.057  0.021  0.015
-0.054  0.039  0.036
-0.095  0.042  0.058
-0.057  0.055  0.053
-0.128  0.017  0.054
-0.095  0.022  0.038
-0.099  0.013  0.038
-0.067  0.061  0.064
-0.097  0.013  0.025
-0.079  0.058  0.071
-0.141 -0.035 -0.015
-0.121 -0.028 -0.019
-0.137 -0.040 -0.023
-0.134 -0.038 -0.026
-0.120 -0.003  0.018
-0.135  0.001  0.045
-0.135  0.010  0.057
-0.160 -0.029  0.023
-0.145 -0.023  0.001
-0.127 -0.007  0.002
-0.058  0.073  0.053
-0.117 -0.005 -0.019
-0.123 -0.020 -0.040
-0.128 -0.028 -0.051
-0.134 -0.038 -0.065
-0.105 -0.011 -0.049
-0.124 -0.023 -0.049
-0.140 -0.034 -0.034
-0.135 -0.026 -0.026
-0.131 -0.009 -0.005
-0.113  0.021  0.016
-0.114  0.018  0.005
-0.063  0.093  0.084
-0.120 -0.001 -0.003
-0.085  0.031  0.023
-0.129 -0.018 -0.020
-0.111  0.010 -0.010
-0.081  0.042  0.004
-0.181  0.002  0.009
-0.121  0.011 -0.018
-0.139 -0.006 -0.031
-0.118  0.019 -0.012
-0.109  0.031 -0.012
-0.070  0.084  0.028
-0.118  0.011 -0.021
-0.086  0.044 -0.002
-0.100  0.029  0.007
-0.168  0.020  0.026
-0.082  0.049 -0.000
-0.064  0.049 -0.001
-0.096  0.024 -0.017
-0.098  0.020 -0.011
-0.059  0.076  0.025
-0.054  0.079  0.032
-0.024  0.138  0.080
-0.098  0.032  0.011
-0.069  0.060  0.038
-0.090  0.033  0.011
-0.068  0.055  0.021
-0.060  0.064  0.023
-0.139  0.022  0.033
-0.082  0.042  0.021
-0.083  0.044  0.023
-0.036  0.110  0.076
-0.051  0.093  0.057
-0.025  0.143  0.113
-0.094  0.051  0.054
-0.079  0.064  0.058
-0.094  0.053  0.051
-0.065  0.129  0.117
-0.084  0.069  0.061
-0.098  0.046  0.031
-0.094  0.053  0.038
-0.068  0.066  0.032
-0.009  0.133  0.068
-0.050  0.093  0.023
-0.041  0.108  0.043
-0.055  0.104  0.045
-0.113  0.089  0.042
-0.047  0.117  0.047
-0.049  0.152  0.092
-0.103  0.055  0.009
-0.130  0.030 -0.006
-0.114  0.048  0.008
-0.090  0.066  0.015
-0.073  0.083  0.035
-0.107  0.033  0.012
-0.065  0.087  0.066
-0.100  0.039  0.016
-0.067  0.070  0.036
-0.086  0.051  0.033
-0.114  0.027  0.023
-0.134  0.001  0.010
-0.149 -0.016 -0.011
-0.124  0.006 -0.009
-0.109  0.017 -0.004
-0.103  0.017 -0.017
-0.099  0.007 -0.020
-0.066  0.044  0.001
-0.055  0.033 -0.021
 0.009  0.114  0.043
-0.058  0.025 -0.004
-0.023  0.070  0.054
-0.070  0.008  0.008
-0.033  0.040  0.013
-0.071  0.001 -0.032
-0.069 -0.013 -0.036
-0.096 -0.050 -0.039
-0.109 -0.060 -0.032
-0.044 -0.014 -0.021
-0.032 -0.013 -0.032
-0.020  0.009 -0.011
-0.026  0.005 -0.006
-0.029  0.005  0.005
-0.029  0.008  0.018
 0.044  0.098  0.079
 0.019  0.048  0.032
 0.057  0.091  0.071
-0.005  0.023  0.044
-0.036 -0.014  0.027
-0.030 -0.012  0.013
-0.011  0.006  0.011
 0.019  0.036  0.016
 0.011  0.035  0.001
 0.003  0.030  0.005
-0.002  0.017 -0.001
 0.029  0.061  0.043
-0.009  0.004 -0.006
 0.023  0.042  0.013
 0.004  0.018  0.003
 0.017  0.023  0.003
-0.006  0.005  0.011
-0.025  0.037  0.084
-0.001 -0.004  0.010
 0.000  0.008  0.021
 0.001  0.015  0.025
-0.068  0.011  0.063
-0.015 -0.005  0.019
 0.003  0.004  0.025
-0.015 -0.000  0.041
-0.036 -0.024  0.033
-0.017  0.012  0.055
-0.061 -0.043 -0.009
-0.037 -0.030 -0.005
-0.071 -0.054 -0.038
-0.076 -0.020  0.010
-0.095 -0.073 -0.031
-0.096 -0.060 -0.003
-0.096 -0.054  0.022
-0.105 -0.080 -0.024
-0.067 -0.060 -0.041
-0.073 -0.063 -0.051
-0.136 -0.074 -0.031
-0.020 -0.021 -0.057
-0.013 -0.014 -0.056
 0.043  0.060 -0.000
 0.013  0.036  0.006
 0.037  0.086  0.077
-0.030  0.014  0.043
-0.072 -0.016  0.026
-0.018  0.021  0.028
-0.025  0.013  0.022
-0.055 -0.033 -0.018
-0.060 -0.047 -0.030
-0.020  0.005  0.013
-0.053 -0.041 -0.056
-0.038 -0.014 -0.046
-0.088 -0.069 -0.079
-0.099 -0.087 -0.088
-0.118 -0.100 -0.081
-0.105 -0.080 -0.076
-0.112 -0.081 -0.096
-0.132 -0.093 -0.106
-0.132 -0.093 -0.105
-0.138 -0.107 -0.134
-0.094 -0.070 -0.126
-0.127 -0.088 -0.127
-0.062  0.026 -0.014
-0.131 -0.046 -0.047
-0.155 -0.063 -0.054
-0.165 -0.058 -0.038
-0.163 -0.052 -0.027
-0.131 -0.016  0.023
-0.127 -0.019  0.013
-0.070  0.035  0.028
-0.095  0.009  0.014
-0.148 -0.034 -0.000
-0.127 -0.045 -0.036
-0.138 -0.047 -0.050
-0.083  0.043  0.039
-0.146 -0.021  0.000
-0.125 -0.014 -0.007
-0.184 -0.077 -0.058
-0.244 -0.107 -0.053
-0.175 -0.069 -0.059
-0.178 -0.070 -0.050
-0.195 -0.081 -0.041
-0.231 -0.117 -0.052
-0.197 -0.065 -0.002
-0.230 -0.123 -0.060
-0.193 -0.095 -0.065
-0.212 -0.103 -0.064
-0.268 -0.136 -0.071
-0.241 -0.143 -0.089
-0.230 -0.133 -0.086
-0.162 -0.045 -0.028
-0.171 -0.053 -0.031
-0.125  0.021  0.028
-0.172 -0.030 -0.010
-0.179 -0.038 -0.022
-0.246 -0.100 -0.056
-0.288 -0.133 -0.077
-0.234 -0.097 -0.062
-0.310 -0.133 -0.050
-0.227 -0.101 -0.065
-0.217 -0.090 -0.081
-0.160 -0.015 -0.020
-0.199 -0.060 -0.061
-0.177 -0.019 -0.013
-0.204 -0.036 -0.015
-0.193 -0.031 -0.007
-0.165  0.010  0.033
-0.169  0.009  0.022
-0.124  0.077  0.087
-0.198 -0.007  0.022
-0.203 -0.031 -0.009
-0.209 -0.025  0.006
-0.195  0.002  0.016
-0.177  0.023  0.033
-0.184  0.018  0.023
-0.152  0.073  0.082
-0.183  0.027  0.047
-0.183  0.035  0.052
-0.160  0.054  0.063
-0.162  0.050  0.063
-0.186  0.029  0.053
-0.203  0.012  0.050
-0.143  0.064  0.082
-0.182  0.015  0.040
-0.138  0.055  0.053
-0.171  0.014  0.008
-0.146  0.029  0.018
-0.166  0.005 -0.006
-0.159  0.018  0.006
-0.177  0.009  0.013
-0.195 -0.010 -0.000
-0.159  0.043  0.038
-0.223 -0.031 -0.035
-0.235 -0.054 -0.056
-0.252 -0.048 -0.038
-0.235 -0.031 -0.023
-0.226 -0.026 -0.022
-0.228 -0.028 -0.037
-0.222 -0.022 -0.024
-0.189  0.002 -0.020
-0.107  0.089  0.033
-0.104  0.106  0.057
-0.076  0.134  0.090
-0.105  0.110  0.081
-0.178  0.076  0.083
-0.093  0.120  0.072
-0.073  0.130  0.061
-0.068  0.139  0.074
-0.104  0.098  0.055
-0.104  0.094  0.066
-0.092  0.092  0.094
-0.060  0.137  0.139
-0.066  0.122  0.143
-0.049  0.122  0.147
 0.013  0.189  0.183
-0.038  0.096  0.106
-0.058  0.057  0.066
-0.078  0.033  0.048
-0.074  0.015  0.026
-0.036  0.038  0.016
-0.059  0.022  0.009
-0.054  0.019  0.013
-0.069  0.003  0.011
-0.064  0.002  0.001
-0.077 -0.013 -0.005
-0.080 -0.026 -0.018
-0.036  0.024  0.023
-0.050 -0.008  0.008
-0.032  0.039  0.053
-0.071 -0.020  0.016
-0.031  0.022  0.053
-0.064 -0.007  0.033
-0.047 -0.001  0.041
-0.072 -0.049 -0.001
-0.147 -0.084  0.000
-0.063 -0.053  0.006
-0.056 -0.047  0.007
-0.021  0.000  0.051
-0.051 -0.047  0.012
-0.004  0.009  0.045
-0.053 -0.053 -0.008
-0.042 -0.043 -0.012
-0.050 -0.043  0.002
-0.039 -0.020  0.015
-0.004 -0.005  0.038
-0.014 -0.013  0.053
 0.036  0.056  0.106
 0.007 -0.007  0.068
 0.014 -0.008  0.064
 0.010 -0.006  0.043
 0.000 -0.011  0.032
-0.010 -0.019  0.023
-0.036 -0.053  0.002
-0.037 -0.050 -0.004
-0.059 -0.071 -0.014
-0.024 -0.032  0.010
-0.047 -0.043  0.009
-0.106 -0.067  0.009
-0.057 -0.050  0.005
-0.073 -0.056  0.011
-0.070 -0.040  0.019
-0.069 -0.034  0.006
-0.040  0.018  0.019
-0.090 -0.014 -0.019
-0.084 -0.013 -0.025
-0.108 -0.047 -0.049
-0.099 -0.040 -0.042
-0.094 -0.030 -0.042
-0.081 -0.028 -0.049
-0.052  0.018 -0.012
-0.087 -0.042 -0.063
-0.053 -0.016 -0.040
-0.107 -0.066 -0.070
-0.046  0.036  0.020
-0.100 -0.032 -0.033
-0.126 -0.063 -0.047
-0.123 -0.045 -0.025
-0.125 -0.043 -0.013
-0.095 -0.007  0.010
-0.119 -0.013  0.002
-0.142  0.012  0.044
-0.103 -0.019 -0.012
-0.121 -0.039 -0.034
-0.095 -0.004 -0.000
-0.097 -0.002 -0.007
-0.048  0.045  0.024
-0.089  0.005  0.011
-0.076  0.006  0.001
-0.103 -0.030 -0.021
-0.125 -0.067 -0.046
-0.133 -0.069 -0.055
-0.131 -0.064 -0.066
-0.069  0.015 -0.017
-0.124 -0.072 -0.069
-0.095 -0.049 -0.049
-0.147 -0.084 -0.063
-0.174 -0.047 -0.016
-0.187 -0.113 -0.093
-0.156 -0.098 -0.082
-0.077  0.010 -0.020
-0.146 -0.082 -0.132
-0.146 -0.080 -0.165
-0.173 -0.105 -0.190
-0.173 -0.101 -0.199
-0.138 -0.054 -0.141
-0.130 -0.049 -0.076
-0.110 -0.008 -0.032
-0.180 -0.095 -0.096
-0.170 -0.063 -0.059
-0.176 -0.041 -0.033
-0.132  0.042  0.050
-0.207 -0.041  0.004
-0.224 -0.060 -0.016
-0.224 -0.074 -0.027
-0.221 -0.085 -0.043
-0.164 -0.010  0.014
-0.213 -0.067 -0.042
-0.188 -0.041 -0.015
-0.235 -0.090 -0.060
-0.201 -0.075 -0.064
-0.207 -0.082 -0.076
-0.198 -0.072 -0.070
-0.149 -0.007 -0.039
-0.128  0.016 -0.035
-0.099  0.075  0.032
-0.169 -0.027 -0.048
-0.149 -0.012 -0.039
-0.186 -0.048 -0.065
-0.176 -0.036 -0.057
-0.181 -0.039 -0.061
-0.210 -0.067 -0.076
-0.222 -0.085 -0.093
-0.254 -0.131 -0.136
-0.229 -0.120 -0.150
-0.230 -0.119 -0.145
-0.184 -0.080 -0.135
-0.185 -0.079 -0.127
-0.202 -0.095 -0.121
-0.204 -0.101 -0.116
-0.218 -0.120 -0.123
-0.168 -0.057 -0.064
-0.221 -0.115 -0.110
-0.216 -0.092 -0.087
-0.202 -0.081 -0.067
-0.192 -0.073 -0.052
-0.157 -0.040 -0.029
-0.164 -0.054 -0.041
-0.130 -0.026 -0.027
-0.145 -0.052 -0.048
-0.087  0.026  0.005
-0.141 -0.059 -0.056
-0.154 -0.082 -0.060
-0.088 -0.013 -0.011
-0.120 -0.042 -0.041
-0.157 -0.046 -0.012
-0.099 -0.022 -0.010
-0.107 -0.026 -0.007
-0.109 -0.024 -0.000
-0.119 -0.043 -0.015
-0.078 -0.003 -0.001
-0.093 -0.022 -0.010
-0.160 -0.056 -0.025
-0.099 -0.032 -0.029
-0.126 -0.061 -0.046
-0.136 -0.073 -0.058
-0.145 -0.086 -0.079
-0.100 -0.045 -0.055
-0.109 -0.058 -0.079
-0.083 -0.033 -0.066
-0.075 -0.036 -0.075
-0.028  0.001 -0.043
-0.078 -0.044 -0.055
-0.113 -0.068 -0.085
-0.061  0.016 -0.004
-0.106 -0.042 -0.044
-0.097 -0.035 -0.043
-0.167 -0.111 -0.096
-0.245 -0.119 -0.033
-0.171 -0.098 -0.043
-0.182 -0.108 -0.051
-0.132 -0.026  0.011
-0.169 -0.083 -0.045
-0.125 -0.035 -0.015
-0.166 -0.092 -0.061
-0.231 -0.138 -0.081
-0.188 -0.114 -0.075
-0.181 -0.108 -0.087
-0.156 -0.072 -0.071
-0.180 -0.106 -0.096
-0.136 -0.053 -0.045
-0.180 -0.102 -0.069
-0.213 -0.118 -0.070
-0.171 -0.092 -0.061
-0.142 -0.059 -0.037
-0.122 -0.025 -0.028
-0.107 -0.015 -0.030
-0.038  0.062  0.020
-0.076  0.013 -0.014
-0.050  0.046  0.005
-0.135 -0.048 -0.056
-0.126 -0.038 -0.052
-0.117 -0.003 -0.020
-0.089  0.038  0.016
-0.084  0.046  0.024
-0.050  0.089  0.083
-0.044  0.093  0.103
-0.033  0.100  0.110
 0.037  0.194  0.198
 0.001  0.163  0.195
 0.031  0.184  0.208
 0.052  0.193  0.202
 0.008  0.176  0.204
 0.073  0.197  0.208
 0.029  0.221  0.265
 0.033  0.162  0.189
 0.021  0.150  0.173
 0.035  0.184  0.210
 0.018  0.152  0.181
-0.006  0.146  0.179
 0.023  0.178  0.204
 0.045  0.200  0.221
 0.007  0.152  0.182
-0.003  0.142  0.198
-0.024  0.104  0.164
 0.002  0.141  0.186
 0.012  0.146  0.163
-0.017  0.137  0.149
 0.041  0.168  0.157
-0.031  0.143  0.168
 0.005  0.155  0.160
-0.010  0.148  0.168
 0.029  0.200  0.195
 0.049  0.214  0.185
 0.065  0.239  0.207
 0.022  0.172  0.162
 0.065  0.229  0.217
 0.020  0.163  0.167
 0.021  0.168  0.176
 0.012  0.145  0.153
-0.002  0.119  0.112
-0.027  0.098  0.122
-0.043  0.092  0.127
-0.007  0.120  0.136
 0.047  0.181  0.176
 0.087  0.222  0.202
 0.142  0.280  0.238
 0.063  0.204  0.206
 0.021  0.171  0.178
 0.002  0.162  0.176
-0.026  0.121  0.133
-0.006  0.132  0.122
-0.014  0.125  0.125
-0.029  0.107  0.133
-0.068  0.066  0.103
-0.096  0.038  0.086
-0.096  0.044  0.092
-0.116  0.023  0.078
-0.082  0.040  0.068
-0.067  0.036  0.064
-0.030  0.052  0.071
-0.084 -0.015  0.014
-0.088 -0.037 -0.002
-0.113 -0.049  0.010
-0.118 -0.046  0.020
-0.069 -0.001  0.038
-0.020  0.035  0.043
 0.014  0.080  0.082
-0.008  0.044  0.052
 0.010  0.079  0.084
-0.029  0.033  0.050
-0.010  0.033  0.021
-0.016  0.027 -0.009
-0.070 -0.001 -0.012
-0.052 -0.016 -0.045
-0.070 -0.030 -0.057
-0.043  0.014 -0.006
-0.040  0.014 -0.010
-0.012  0.045 -0.001
-0.046  0.029  0.002
-0.095 -0.002  0.000
-0.104 -0.025 -0.000
-0.117 -0.034 -0.009
-0.079  0.012  0.002
-0.073 -0.004 -0.026
-0.054  0.010 -0.041
-0.115 -0.046 -0.054
-0.192 -0.089 -0.048
-0.198 -0.093 -0.054
-0.193 -0.084 -0.066
-0.150 -0.016 -0.036
-0.181 -0.046 -0.057
-0.141  0.005 -0.011
-0.187 -0.036 -0.023
-0.199 -0.028 -0.014
-0.155  0.003 -0.007
-0.071  0.073  0.022
-0.141  0.004 -0.024
-0.161 -0.021 -0.042
-0.146  0.023  0.034
-0.152  0.033  0.051
-0.096  0.097  0.105
-0.113  0.090  0.112
-0.069  0.116  0.109
-0.099  0.071  0.051
-0.108  0.052  0.027
-0.130  0.035  0.017
-0.079  0.074  0.025
-0.124  0.027 -0.004
-0.139  0.024 -0.004
-0.138  0.029  0.010
-0.132  0.027  0.027
-0.054  0.121  0.112
-0.059  0.101  0.083
-0.005  0.151  0.108
-0.040  0.108  0.078
-0.075  0.059  0.043
-0.115  0.007 -0.006
-0.118  0.001 -0.028
-0.116 -0.002 -0.037
-0.129 -0.014 -0.064
-0.131 -0.005 -0.025
-0.151 -0.029 -0.026
-0.111  0.006  0.010
-0.093  0.033  0.034
-0.068  0.053  0.050
-0.091  0.031  0.047
-0.106  0.010  0.030
-0.155 -0.034  0.001
-0.240 -0.053  0.028
-0.183 -0.067 -0.036
-0.170 -0.054 -0.032
-0.170 -0.045 -0.033
-0.177 -0.052 -0.038
-0.158 -0.024 -0.006
-0.185 -0.056 -0.021
-0.140 -0.024 -0.012
-0.150 -0.041 -0.036
-0.188 -0.069 -0.053
-0.205 -0.095 -0.088
-0.214 -0.107 -0.094
-0.202 -0.081 -0.067
-0.145 -0.029 -0.043
-0.059  0.059  0.004
-0.098 -0.001 -0.042
-0.070  0.025 -0.021
-0.113 -0.008 -0.021
-0.149 -0.010  0.008
-0.096  0.010 -0.009
-0.065  0.034 -0.016
-0.050  0.049 -0.012
-0.076  0.014 -0.027
-0.098 -0.003 -0.027
-0.107 -0.020 -0.028
-0.068  0.032  0.005
-0.086 -0.010 -0.051
-0.029  0.038 -0.007
-0.057  0.015 -0.000
-0.057  0.030  0.017
-0.112 -0.012  0.001
-0.174 -0.030  0.017
-0.085  0.028  0.037
-0.006  0.100  0.076
-0.078  0.025  0.023
-0.099 -0.016 -0.020
-0.128 -0.032 -0.016
-0.104 -0.013 -0.013
-0.050  0.057  0.038
-0.047  0.051  0.039
-0.044  0.068  0.063
-0.084  0.004  0.019
-0.018  0.090  0.091
-0.058  0.023  0.018
-0.018  0.050  0.002
-0.035  0.031 -0.016
-0.010  0.049 -0.005
-0.064 -0.009 -0.036
-0.058 -0.005 -0.030
-0.037  0.017  0.002
 0.013  0.071  0.033
 0.050  0.106  0.053
 0.023  0.078  0.031
-0.012  0.034  0.019
-0.068 -0.027 -0.016
-0.101 -0.047 -0.021
-0.113 -0.066 -0.051
-0.063 -0.019 -0.046
-0.045  0.008 -0.021
 0.008  0.063  0.026
-0.034 -0.022  0.025
-0.039 -0.021  0.065
-0.008  0.010  0.082
 0.031  0.048  0.090
 0.059  0.086  0.096
 0.033  0.073  0.083
 0.026  0.057  0.065
 0.017  0.041  0.045
 0.025  0.047  0.027
-0.004  0.021 -0.004
-0.082 -0.005  0.002
-0.023 -0.004 -0.026
-0.068 -0.048 -0.040
-0.136 -0.108 -0.070
-0.085 -0.042  0.000
-0.031  0.018  0.035
-0.066 -0.005  0.004
-0.163 -0.077 -0.036
-0.125 -0.081 -0.064
-0.140 -0.092 -0.068
-0.135 -0.075 -0.048
-0.104 -0.040 -0.034
-0.013  0.065  0.029
-0.052  0.017  0.000
 0.007  0.097  0.062
-0.026  0.049  0.041
-0.037  0.045  0.048
-0.152  0.009  0.075
-0.132 -0.026  0.024
-0.150 -0.031 -0.002
-0.095  0.018  0.016
-0.085  0.030  0.032
-0.091  0.027  0.031
-0.128 -0.005  0.020
-0.128 -0.005  0.021
-0.119  0.007  0.022
-0.088  0.034  0.039
-0.018  0.099  0.083
-0.057  0.074  0.073
-0.091  0.046  0.062
-0.123  0.035  0.072
-0.141  0.018  0.059
-0.159  0.003  0.006
-0.182 -0.037 -0.051
-0.158  0.008 -0.012
-0.215 -0.070 -0.064
-0.244 -0.093 -0.073
-0.282 -0.127 -0.091
-0.261 -0.101 -0.056
-0.267 -0.102 -0.056
-0.202 -0.041 -0.019
-0.236 -0.075 -0.036
-0.259 -0.098 -0.052
-0.262 -0.104 -0.063
-0.271 -0.123 -0.085
-0.268 -0.128 -0.107
-0.254 -0.113 -0.095
-0.286 -0.138 -0.110
-0.282 -0.142 -0.116
-0.254 -0.109 -0.096
-0.266 -0.119 -0.111
-0.227 -0.083 -0.086
-0.243 -0.101 -0.097
-0.234 -0.094 -0.081
-0.294 -0.149 -0.113
-0.278 -0.137 -0.106
-0.291 -0.154 -0.115
-0.284 -0.157 -0.146
-0.219 -0.096 -0.129
-0.202 -0.106 -0.143
-0.167 -0.073 -0.110
-0.207 -0.109 -0.124
-0.233 -0.126 -0.129
-0.204 -0.106 -0.121
-0.184 -0.081 -0.123
-0.167 -0.062 -0.097
-0.185 -0.087 -0.110
-0.209 -0.105 -0.103
-0.164 -0.065 -0.096
-0.102  0.005 -0.056
-0.117 -0.016 -0.058
-0.169 -0.054 -0.070
-0.245 -0.116 -0.128
-0.209 -0.068 -0.108
-0.236 -0.097 -0.125
-0.228 -0.085 -0.107
-0.261 -0.115 -0.117
-0.339 -0.155 -0.109
-0.239 -0.095 -0.091
-0.197 -0.050 -0.056
-0.155 -0.014 -0.032
-0.164 -0.033 -0.054
-0.135 -0.000 -0.030
-0.217 -0.103 -0.104
-0.192 -0.082 -0.098
-0.172 -0.056 -0.087
-0.160 -0.056 -0.090
-0.155 -0.046 -0.086
-0.171 -0.067 -0.108
-0.102  0.006 -0.038
-0.104 -0.009 -0.052
-0.078  0.017 -0.012
-0.104 -0.005 -0.017
-0.174 -0.048  0.003
-0.071  0.022  0.061
-0.074  0.005  0.079
-0.096 -0.004  0.071
-0.121 -0.002  0.016
-0.174 -0.012 -0.049
-0.196 -0.081 -0.057
-0.173 -0.091 -0.046
-0.183 -0.113 -0.051
-0.212 -0.117 -0.052
-0.185 -0.109 -0.059
-0.204 -0.075  0.003
-0.204 -0.144 -0.060
-0.157 -0.111 -0.000
-0.101 -0.024  0.035
-0.169 -0.093 -0.046
-0.180 -0.099 -0.085
-0.209 -0.115 -0.131
-0.204 -0.102 -0.131
-0.202 -0.101 -0.116
-0.169 -0.059 -0.083
-0.124  0.012 -0.023
-0.190 -0.063 -0.065
-0.171 -0.051 -0.037
-0.145 -0.032 -0.001
-0.104  0.010  0.024
-0.154 -0.035  0.008
-0.175 -0.054  0.003
-0.174 -0.042  0.023
-0.196 -0.064  0.011
-0.159 -0.027  0.026
-0.182 -0.042  0.025
-0.221 -0.054  0.035
-0.209 -0.057  0.019
-0.237 -0.096 -0.013
-0.224 -0.086 -0.003
-0.224 -0.094 -0.031
-0.189 -0.068 -0.040
-0.200 -0.084 -0.057
-0.200 -0.090 -0.081
-0.186 -0.063 -0.096
-0.225 -0.092 -0.109
-0.185 -0.037 -0.067
-0.151 -0.009 -0.051
-0.127  0.023 -0.026
-0.135  0.027 -0.011
-0.168  0.006 -0.022
-0.184 -0.032 -0.013
-0.152 -0.028 -0.004
-0.132  0.002  0.012
-0.148 -0.011  0.017
-0.139  0.003  0.032
-0.178 -0.050 -0.009
-0.161 -0.041 -0.008
-0.177 -0.057 -0.027
-0.179 -0.064 -0.053
-0.194 -0.085 -0.068
-0.216 -0.115 -0.102
-0.180 -0.059 -0.049
-0.235 -0.124 -0.103
-0.251 -0.146 -0.138
-0.235 -0.139 -0.151
-0.165 -0.063 -0.083
-0.220 -0.115 -0.113
-0.221 -0.092 -0.091
-0.161 -0.007 -0.017
-0.200 -0.057 -0.044
-0.166 -0.022 -0.042
-0.197 -0.039 -0.040
-0.292 -0.096 -0.060
-0.259 -0.098 -0.071
-0.266 -0.111 -0.078
-0.219 -0.044 -0.032
-0.259 -0.094 -0.062
-0.161 -0.007  0.024
-0.196 -0.046 -0.000
-0.279 -0.095 -0.016
-0.207 -0.066 -0.019
-0.228 -0.088 -0.027
-0.177 -0.011  0.030
-0.239 -0.088 -0.034
-0.245 -0.087 -0.036
-0.220 -0.081 -0.049
-0.244 -0.107 -0.075
-0.242 -0.099 -0.065
-0.241 -0.090 -0.054
-0.183 -0.031 -0.012
-0.202 -0.045 -0.024
-0.127  0.032  0.025
-0.186 -0.044 -0.031
-0.185 -0.047 -0.029
-0.177 -0.043 -0.015
-0.173 -0.029  0.006
-0.141 -0.007  0.006
-0.158 -0.020 -0.015
-0.256 -0.052  0.005
-0.235 -0.092 -0.047
-0.269 -0.116 -0.054
-0.213 -0.050 -0.009
-0.257 -0.115 -0.084
-0.229 -0.085 -0.080
-0.228 -0.076 -0.061
-0.285 -0.079 -0.014
-0.184 -0.040  0.009
-0.179 -0.036  0.027
-0.111  0.051  0.098
-0.145 -0.002  0.042
-0.138 -0.007  0.013
-0.181 -0.028 -0.027
-0.194 -0.017 -0.004
-0.156  0.022  0.013
-0.164  0.026 -0.013
-0.117  0.118  0.025
-0.145  0.032 -0.031
-0.172  0.022 -0.047
-0.216 -0.010 -0.094
-0.286 -0.047 -0.114
-0.248 -0.047 -0.130
-0.201  0.013 -0.076
-0.229 -0.034 -0.104
-0.215  0.003 -0.105
-0.192  0.024 -0.091
-0.215 -0.015 -0.115
-0.131  0.080 -0.016
-0.122  0.064 -0.002
-0.088  0.094  0.005
-0.099  0.102  0.008
-0.070  0.119  0.036
-0.091  0.110  0.059
-0.040  0.178  0.112
-0.036  0.145  0.076
-0.042  0.128  0.059
-0.053  0.115  0.057
-0.062  0.100  0.054
-0.018  0.155  0.104
-0.043  0.112  0.062
-0.006  0.141  0.064
-0.043  0.110  0.052
-0.070  0.094  0.058
-0.091  0.073  0.056
-0.073  0.072  0.038
-0.051  0.080  0.019
-0.058  0.063 -0.006
-0.033  0.097  0.018
-0.069  0.051 -0.016
-0.035  0.078 -0.009
-0.047  0.060 -0.043
-0.095  0.044 -0.035
-0.088  0.026 -0.052
-0.089  0.047 -0.043
-0.093  0.031 -0.011
-0.031  0.038  0.030
 0.055  0.144  0.080
 0.012  0.112 -0.004
 0.034  0.175  0.055
-0.022  0.132  0.008
-0.003  0.139  0.006
 0.013  0.155 -0.004
 0.028  0.176 -0.010
 0.050  0.181  0.005
 0.023  0.230  0.089
 0.074  0.209  0.046
 0.091  0.227  0.060
 0.079  0.201  0.048
 0.041  0.157  0.034
 0.073  0.195  0.074
 0.014  0.132  0.049
 0.003  0.120  0.031
 0.005  0.107 -0.001
 0.068  0.187  0.043
-0.012  0.078 -0.063
-0.018  0.053 -0.095
-0.070  0.020 -0.082
-0.067  0.026 -0.074
-0.015  0.089 -0.021
-0.056  0.037 -0.039
-0.044  0.067 -0.005
-0.056  0.046 -0.016
-0.007  0.093 -0.009
-0.044  0.055 -0.040
-0.031  0.075 -0.014
-0.077  0.033 -0.024
-0.137  0.023 -0.001
-0.037  0.078  0.010
-0.018  0.102  0.036
-0.039  0.069  0.023
-0.055  0.055  0.019
 0.025  0.146  0.075
-0.004  0.106  0.034
 0.035  0.157  0.072
-0.015  0.100  0.030
 0.001  0.113  0.050
-0.033  0.088  0.042
-0.101  0.045  0.040
-0.052  0.042  0.004
-0.121 -0.001 -0.008
-0.093 -0.014 -0.026
-0.056  0.052  0.031
-0.087  0.008 -0.004
-0.057  0.027 -0.012
-0.028  0.056 -0.004
-0.059  0.014 -0.041
-0.048  0.049 -0.007
-0.094  0.003 -0.028
-0.079  0.029 -0.005
-0.095  0.024 -0.016
-0.076  0.046  0.000
-0.100  0.024  0.007
-0.099  0.023  0.001
-0.164 -0.047 -0.034
-0.182 -0.057 -0.057
-0.166 -0.039 -0.039
-0.169 -0.035 -0.024
-0.147  0.004  0.032
-0.192 -0.032  0.023
-0.151  0.018  0.045
-0.177 -0.025  0.011
-0.197 -0.037  0.001
-0.242 -0.083 -0.018
-0.344 -0.122 -0.004
-0.256 -0.104 -0.049
-0.201 -0.039 -0.009
-0.155  0.028  0.039
-0.177 -0.005  0.008
-0.143  0.060  0.077
-0.195 -0.005  0.022
-0.138  0.042  0.040
-0.141  0.032  0.036
-0.150  0.017  0.029
-0.201 -0.033  0.015
-0.229 -0.054  0.005
-0.225 -0.068 -0.033
-0.207 -0.052 -0.031
-0.219 -0.057 -0.041
-0.247 -0.086 -0.048
-0.188 -0.008  0.026
-0.219 -0.056 -0.026
-0.179 -0.026 -0.022
-0.174 -0.020 -0.013
-0.224 -0.052 -0.022
-0.216 -0.052 -0.031
-0.215 -0.055 -0.042
-0.218 -0.067 -0.085
-0.239 -0.100 -0.099
-0.244 -0.126 -0.106
-0.265 -0.167 -0.107
-0.219 -0.105 -0.056
-0.234 -0.122 -0.083
-0.180 -0.067 -0.042
-0.228 -0.104 -0.050
-0.240 -0.123 -0.063
-0.250 -0.126 -0.041
-0.156 -0.030  0.015
-0.169 -0.051  0.008
-0.191 -0.067 -0.002
-0.207 -0.077 -0.011
-0.228 -0.096 -0.024
-0.174 -0.040  0.014
-0.192 -0.067 -0.024
-0.183 -0.050 -0.023
-0.206 -0.073 -0.056
-0.185 -0.056 -0.033
-0.170 -0.048 -0.057
-0.166 -0.046 -0.073
-0.152 -0.035 -0.086
-0.140 -0.036 -0.083
-0.145 -0.034 -0.070
-0.114  0.007 -0.008
-0.058  0.067  0.036
-0.024  0.096  0.057
 0.031  0.157  0.111
-0.052  0.060  0.037
-0.038  0.094  0.057
-0.102  0.023  0.019
-0.096  0.029  0.011
-0.086  0.018 -0.001
-0.166 -0.002  0.058
-0.147 -0.049  0.045
-0.114  0.037  0.021
-0.128  0.044  0.032
-0.116  0.062  0.011
-0.102  0.078  0.019
-0.114  0.057  0.013
-0.107  0.074  0.049
-0.157  0.021  0.011
-0.126  0.040  0.015
-0.151  0.026 -0.002
-0.172  0.030  0.009
-0.176  0.010 -0.024
-0.254 -0.020 -0.006
-0.161 -0.007 -0.049
-0.148 -0.006 -0.064
-0.084  0.073 -0.005
-0.066  0.094  0.016
-0.017  0.158  0.080
-0.091  0.058  0.009
-0.104  0.049  0.009
-0.098  0.044  0.017
-0.096  0.036 -0.011
-0.112  0.043 -0.015
-0.115  0.045  0.007
-0.119  0.059  0.038
-0.127  0.063  0.045
-0.066  0.142  0.108
-0.091  0.089  0.054
-0.095  0.104  0.068
-0.157  0.009  0.040
-0.140  0.031  0.061
-0.174 -0.023 -0.014
-0.222 -0.040 -0.045
-0.166  0.007 -0.064
-0.100  0.108  0.009
-0.193 -0.004 -0.067
-0.205 -0.026 -0.088
-0.153  0.051 -0.019
-0.194 -0.008 -0.057
-0.198 -0.012 -0.041
-0.211 -0.014 -0.018
-0.151  0.048 -0.000
-0.115  0.085  0.023
-0.128  0.071  0.014
-0.146  0.046 -0.002
-0.167  0.011 -0.020
-0.150  0.010 -0.037
-0.150 -0.014 -0.082
-0.105  0.065 -0.004
-0.158 -0.011 -0.060
-0.145  0.014 -0.025
-0.257 -0.034 -0.003
-0.189 -0.018 -0.030
-0.235 -0.071 -0.066
-0.187 -0.019 -0.040
-0.220 -0.062 -0.073
-0.236 -0.070 -0.072
-0.248 -0.095 -0.076
-0.248 -0.099 -0.065
-0.240 -0.097 -0.089
-0.215 -0.083 -0.096
-0.146  0.013 -0.020
-0.182 -0.046 -0.051
-0.155 -0.018 -0.027
-0.181 -0.046 -0.043
-0.241 -0.075 -0.062
-0.191 -0.066 -0.076
-0.170 -0.057 -0.074
-0.224 -0.087 -0.068
-0.204 -0.078 -0.068
-0.122 -0.001 -0.031
-0.177 -0.078 -0.095
-0.179 -0.079 -0.073
-0.209 -0.098 -0.067
-0.186 -0.069 -0.057
-0.149 -0.029 -0.031
-0.181 -0.066 -0.046
-0.148 -0.022  0.008
-0.182 -0.065 -0.031
-0.145 -0.033 -0.030
-0.135 -0.016 -0.015
-0.244 -0.056  0.006
-0.208 -0.078 -0.041
-0.230 -0.094 -0.049
-0.156  0.004  0.019
-0.182 -0.049 -0.028
-0.170 -0.047 -0.022
-0.219 -0.086 -0.026
-0.193 -0.034  0.017
-0.230 -0.094 -0.036
-0.229 -0.103 -0.057
-0.244 -0.106 -0.049
-0.279 -0.149 -0.067
-0.242 -0.094 -0.010
-0.249 -0.110 -0.027
-0.195 -0.060  0.002
-0.215 -0.073 -0.005
-0.267 -0.060  0.041
-0.201 -0.068 -0.019
-0.171 -0.051 -0.027
-0.170 -0.056 -0.037
-0.177 -0.080 -0.052
-0.183 -0.085 -0.042
-0.162 -0.061 -0.027
-0.134 -0.038 -0.017
-0.133 -0.036 -0.030
-0.163 -0.067 -0.048
-0.194 -0.105 -0.066
-0.196 -0.105 -0.071
-0.164 -0.076 -0.058
-0.139 -0.039 -0.020
-0.178 -0.094 -0.057
-0.142 -0.036 -0.001
-0.174 -0.101 -0.066
-0.115 -0.055 -0.051
-0.154 -0.107 -0.083
-0.129 -0.067 -0.040
-0.172 -0.105 -0.052
-0.149 -0.075 -0.038
-0.169 -0.089 -0.048
-0.160 -0.074 -0.046
-0.210 -0.118 -0.068
-0.181 -0.078 -0.028
-0.194 -0.103 -0.056
-0.153 -0.065 -0.046
-0.176 -0.089 -0.066
-0.157 -0.073 -0.044
-0.217 -0.129 -0.069
-0.213 -0.121 -0.063
-0.192 -0.088 -0.029
-0.167 -0.061 -0.037
-0.179 -0.080 -0.053
-0.183 -0.091 -0.083
-0.246 -0.160 -0.141
-0.247 -0.159 -0.147
-0.274 -0.179 -0.163
-0.198 -0.078 -0.086
-0.182 -0.097 -0.092
-0.150 -0.051 -0.055
-0.138 -0.036 -0.030
-0.160 -0.048 -0.028
-0.178 -0.050 -0.001
-0.187 -0.056 -0.010
-0.145 -0.003  0.015
-0.177 -0.056 -0.050
-0.143 -0.019 -0.025
-0.186 -0.071 -0.051
-0.192 -0.077 -0.053
-0.219 -0.095 -0.061
-0.217 -0.094 -0.077
-0.168 -0.043 -0.055
-0.169 -0.049 -0.058
-0.201 -0.075 -0.071
-0.224 -0.088 -0.069
-0.199 -0.038 -0.005
-0.205 -0.063 -0.048
-0.175 -0.048 -0.061
-0.184 -0.055 -0.075
-0.206 -0.098 -0.098
-0.251 -0.137 -0.117
-0.223 -0.072 -0.051
-0.245 -0.115 -0.096
-0.224 -0.084 -0.066
-0.211 -0.063 -0.041
-0.231 -0.076 -0.040
-0.224 -0.064 -0.022
-0.214 -0.043  0.006
-0.130  0.055  0.062
-0.161  0.001  0.002
-0.177 -0.025 -0.022
-0.223 -0.059 -0.032
-0.261 -0.072 -0.028
-0.225 -0.049 -0.038
-0.191 -0.029 -0.055
-0.244 -0.076 -0.074
-0.266 -0.098 -0.075
-0.290 -0.107 -0.070
-0.252 -0.067 -0.042
-0.147  0.045 -0.000
-0.194 -0.021 -0.046
-0.150  0.038  0.012
-0.191 -0.000 -0.010
-0.220  0.008  0.010
-0.144  0.048  0.010
-0.159  0.035  0.004
-0.177  0.027  0.004
-0.188  0.015  0.000
-0.107  0.106  0.058
-0.147  0.047  0.004
-0.157  0.036 -0.002
-0.214 -0.020 -0.027
-0.171  0.038  0.023
-0.197  0.004 -0.003
-0.176  0.026  0.005
-0.157  0.064  0.032
