-0.403 -1.752 -0.532
-0.452 -1.766 -0.537
-0.392 -1.716 -0.544
-0.407 -1.742 -0.574
-0.416 -1.760 -0.588
-0.463 -1.803 -0.632
-0.460 -1.713 -0.614
-0.520 -1.635 -0.544
-0.357 -1.592 -0.552
-0.321 -1.560 -0.518
-0.321 -1.598 -0.516
-0.318 -1.491 -0.505
-0.326 -1.445 -0.476
-0.617 -1.548 -0.476
-0.575 -1.706 -0.619
-0.630 -1.807 -0.674
-0.663 -1.854 -0.693
-0.574 -1.728 -0.686
-0.468 -1.603 -0.652
-0.327 -1.515 -0.462
-0.170 -1.742 -0.508
-0.279 -2.041 -0.595
-0.436 -1.980 -0.585
-0.524 -1.823 -0.550
-0.650 -1.756 -0.461
-0.457 -1.677 -0.487
-0.445 -1.746 -0.541
-0.417 -1.690 -0.518
-0.146 -1.450 -0.418
-0.115 -1.124 -0.358
-0.335 -1.070 -0.346
-0.309 -1.154 -0.499
-0.323 -1.184 -0.537
-0.373 -1.212 -0.586
-0.377 -1.206 -0.599
-0.332 -1.126 -0.559
-0.345 -1.120 -0.569
-0.308 -1.043 -0.544
-0.527 -1.105 -0.500
-0.367 -1.113 -0.576
-0.350 -1.105 -0.565
-0.324 -1.092 -0.534
-0.318 -1.072 -0.502
-0.327 -1.105 -0.502
-0.278 -1.029 -0.481
-0.329 -1.068 -0.558
-0.318 -1.017 -0.548
-0.340 -1.052 -0.610
-0.374 -1.061 -0.665
-0.444 -1.050 -0.647
-0.379 -1.001 -0.629
-0.373 -0.963 -0.584
-0.531 -0.978 -0.503
-0.279 -0.872 -0.495
-0.212 -0.775 -0.423
-0.256 -0.803 -0.413
-0.137 -0.739 -0.407
-0.111 -0.631 -0.333
-0.082 -0.711 -0.350
-0.059 -0.675 -0.354
-0.075 -0.674 -0.355
-0.126 -0.679 -0.338
-0.128 -0.622 -0.298
-0.134 -0.622 -0.269
-0.162 -0.665 -0.281
-0.120 -0.656 -0.292
-0.070 -0.648 -0.276
-0.099 -0.668 -0.294
-0.128 -0.704 -0.325
-0.102 -0.688 -0.303
-0.101 -0.676 -0.297
-0.076 -0.657 -0.262
-0.124 -0.653 -0.239
-0.069 -0.649 -0.291
-0.089 -0.644 -0.291
-0.204 -0.695 -0.276
-0.101 -0.638 -0.242
-0.053 -0.550 -0.168
-0.140 -0.506 -0.087
-0.050 -0.527 -0.152
-0.026 -0.434 -0.068
-0.174 -0.445 -0.016
-0.017 -0.457 -0.113
 0.005 -0.456 -0.119
 0.005 -0.479 -0.142
 0.013 -0.484 -0.167
 0.013 -0.460 -0.175
-0.023 -0.486 -0.205
-0.047 -0.515 -0.238
-0.033 -0.502 -0.198
-0.042 -0.528 -0.218
-0.037 -0.506 -0.201
-0.012 -0.464 -0.188
-0.051 -0.491 -0.205
-0.060 -0.453 -0.150
-0.036 -0.400 -0.129
-0.016 -0.361 -0.111
-0.003 -0.381 -0.104
 0.087 -0.249 -0.038
 0.147 -0.256 -0.034
 0.119 -0.394 -0.118
 0.142 -0.293 -0.078
 0.020 -0.286 -0.102
-0.071 -0.317 -0.066
-0.099 -0.360 -0.090
-0.120 -0.378 -0.110
-0.117 -0.449 -0.152
-0.120 -0.459 -0.166
-0.031 -0.456 -0.181
 0.043 -0.384 -0.132
-0.009 -0.410 -0.116
 0.040 -0.354 -0.071
 0.016 -0.375 -0.075
-0.043 -0.388 -0.078
 0.048 -0.337 -0.061
 0.037 -0.325 -0.040
 0.024 -0.318 -0.038
 0.008 -0.352 -0.102
-0.016 -0.369 -0.135
-0.162 -0.424 -0.125
-0.013 -0.398 -0.171
 0.003 -0.342 -0.123
-0.065 -0.302 -0.056
 0.008 -0.331 -0.123
-0.022 -0.324 -0.100
-0.056 -0.354 -0.112
-0.043 -0.327 -0.087
-0.036 -0.364 -0.035
-0.040 -0.391 -0.031
-0.057 -0.399 -0.045
-0.075 -0.430 -0.074
-0.075 -0.435 -0.093
-0.070 -0.429 -0.107
-0.054 -0.400 -0.104
-0.081 -0.387 -0.114
-0.095 -0.402 -0.127
-0.087 -0.390 -0.106
-0.117 -0.429 -0.143
-0.095 -0.409 -0.154
-0.061 -0.363 -0.128
-0.087 -0.385 -0.142
-0.101 -0.397 -0.162
-0.073 -0.381 -0.157
-0.069 -0.369 -0.140
-0.079 -0.315 -0.137
-0.081 -0.267 -0.116
-0.061 -0.253 -0.110
-0.043 -0.228 -0.090
-0.057 -0.220 -0.076
-0.002 -0.199 -0.072
 0.005 -0.191 -0.075
 0.024 -0.170 -0.063
-0.019 -0.181 -0.071
-0.057 -0.202 -0.088
-0.052 -0.194 -0.077
-0.104 -0.264 -0.135
-0.141 -0.284 -0.159
-0.136 -0.280 -0.162
-0.128 -0.278 -0.156
-0.093 -0.219 -0.109
-0.116 -0.171 -0.048
-0.086 -0.249 -0.143
-0.055 -0.179 -0.093
-0.194 -0.189 -0.041
-0.071 -0.220 -0.131
-0.040 -0.172 -0.080
-0.086 -0.196 -0.101
-0.047 -0.179 -0.112
-0.086 -0.202 -0.133
-0.045 -0.157 -0.110
-0.051 -0.154 -0.073
-0.071 -0.199 -0.100
-0.054 -0.178 -0.086
-0.055 -0.171 -0.089
-0.040 -0.143 -0.069
-0.096 -0.144 -0.046
-0.013 -0.110 -0.033
-0.025 -0.089 -0.001
-0.128 -0.143 -0.015
-0.049 -0.116 -0.023
-0.039 -0.082  0.007
-0.182 -0.138  0.013
-0.028 -0.086 -0.004
-0.009 -0.062  0.013
-0.022 -0.096 -0.038
-0.001 -0.084 -0.056
 0.013 -0.062 -0.036
-0.018 -0.069 -0.047
 0.014 -0.006 -0.041
 0.007  0.039 -0.018
-0.089  0.018  0.020
-0.099 -0.038  0.020
-0.066  0.033  0.062
 0.004  0.093  0.088
-0.024  0.021  0.010
-0.026  0.045  0.039
-0.050  0.089  0.096
-0.052  0.006  0.013
-0.022  0.044  0.049
-0.051  0.000  0.014
 0.001  0.036  0.026
 0.002  0.055  0.041
 0.045  0.067  0.059
 0.053  0.065  0.068
 0.058  0.066  0.055
 0.060  0.053  0.054
-0.016 -0.005  0.011
-0.073 -0.055 -0.026
-0.104  0.010  0.014
-0.127 -0.031  0.014
-0.091 -0.046  0.041
-0.175 -0.037  0.077
 0.102 -0.017  0.005
 0.194 -0.181 -0.008
 0.011 -0.324 -0.086
-0.013 -0.232 -0.110
-0.013 -0.194 -0.090
-0.037 -0.192 -0.077
 0.007 -0.161 -0.077
 0.013 -0.111 -0.072
 0.020 -0.105 -0.089
-0.010 -0.150 -0.111
-0.031 -0.142 -0.105
-0.021 -0.094 -0.070
-0.237 -0.214 -0.059
-0.053 -0.150 -0.073
-0.026 -0.098 -0.026
-0.023 -0.093 -0.021
 0.020 -0.062 -0.001
 0.063 -0.014  0.012
 0.049 -0.033 -0.007
 0.040 -0.070 -0.028
 0.048 -0.080 -0.035
 0.023 -0.096 -0.033
 0.013 -0.087 -0.019
 0.030 -0.062 -0.012
 0.033 -0.035 -0.008
 0.026 -0.034 -0.008
-0.046 -0.059  0.004
-0.005 -0.053  0.010
 0.026  0.029  0.071
 0.090  0.075  0.075
 0.039  0.031  0.055
 0.048  0.022  0.043
-0.035 -0.052 -0.011
-0.041 -0.010  0.031
-0.022  0.025  0.058
-0.012  0.056  0.078
-0.001  0.038  0.059
 0.053  0.047  0.024
 0.043  0.035  0.014
 0.045  0.018 -0.006
 0.062  0.049  0.034
 0.155  0.045  0.016
 0.034 -0.119 -0.056
-0.051 -0.258 -0.122
 0.057 -0.206 -0.088
 0.119 -0.167 -0.036
 0.103 -0.240 -0.097
 0.120 -0.154 -0.066
 0.074 -0.113 -0.086
 0.029  0.022 -0.045
 0.022  0.185  0.040
 0.072  0.233  0.056
-0.003  0.076 -0.026
 0.036  0.065 -0.005
 0.019  0.044  0.009
 0.060  0.109  0.048
 0.029  0.093  0.029
 0.013  0.050 -0.020
 0.026  0.098  0.024
 0.000  0.058  0.008
 0.015  0.075  0.020
-0.013  0.070  0.022
-0.001  0.067  0.011
 0.014  0.122  0.050
-0.026  0.069  0.017
 0.001  0.101  0.039
-0.031  0.085  0.052
-0.000  0.097  0.045
-0.009  0.105  0.039
-0.066  0.127  0.087
-0.014  0.069  0.005
-0.015  0.056 -0.005
-0.033  0.041 -0.002
-0.026  0.044  0.013
-0.155 -0.012  0.029
-0.013  0.048  0.022
-0.007  0.081  0.053
-0.035  0.041  0.025
-0.046  0.019  0.004
-0.076  0.008  0.017
-0.009  0.028  0.013
-0.010  0.062  0.058
-0.156 -0.008  0.037
-0.038  0.004 -0.009
-0.029  0.032  0.019
-0.047 -0.026 -0.036
-0.040 -0.040 -0.046
-0.000 -0.030 -0.031
-0.024 -0.070 -0.054
-0.027 -0.096 -0.062
-0.084 -0.144 -0.080
-0.022 -0.125 -0.081
-0.002 -0.083 -0.039
-0.021 -0.098 -0.057
 0.001 -0.058 -0.045
 0.042 -0.016 -0.039
 0.013 -0.034 -0.052
 0.001 -0.039 -0.055
-0.011 -0.053 -0.048
-0.014 -0.043 -0.036
-0.009 -0.014 -0.006
-0.003 -0.000  0.009
 0.006  0.005  0.014
-0.016 -0.012  0.004
-0.060 -0.032  0.010
-0.004  0.002  0.026
 0.030  0.030  0.050
 0.020  0.015  0.032
 0.034  0.030  0.036
 0.043  0.031  0.028
 0.018  0.010  0.027
 0.020  0.017  0.042
-0.165 -0.051  0.076
 0.017 -0.011  0.031
 0.014  0.026  0.073
 0.047  0.070  0.089
 0.013  0.001  0.040
 0.012  0.000  0.032
-0.002 -0.003  0.036
 0.006  0.017  0.073
 0.038 -0.000  0.043
 0.041 -0.001  0.030
 0.052  0.025  0.039
 0.061  0.021  0.007
 0.027 -0.013 -0.016
 0.071  0.001 -0.005
 0.047 -0.042 -0.040
 0.043 -0.029 -0.040
 0.039 -0.044 -0.040
-0.003 -0.047 -0.011
 0.012 -0.020  0.007
-0.025 -0.077 -0.017
-0.099 -0.071 -0.038
-0.247 -0.090 -0.115
-0.268  0.099 -0.026
-0.204  0.341  0.126
-0.167  0.542  0.278
-0.095  0.709  0.411
-0.002  0.829  0.508
 0.085  0.923  0.594
 0.177  1.023  0.673
 0.239  1.062  0.723
 0.325  1.109  0.768
 0.376  1.134  0.817
 0.402  1.064  0.774
 0.458  1.035  0.764
 0.504  1.005  0.739
 0.465  0.919  0.686
 0.445  0.848  0.639
 0.441  0.776  0.600
 0.434  0.720  0.567
 0.405  0.651  0.515
 0.365  0.590  0.455
 0.352  0.533  0.399
 0.320  0.475  0.364
 0.156  0.371  0.348
 0.246  0.362  0.317
 0.264  0.362  0.319
 0.242  0.296  0.258
 0.220  0.262  0.211
 0.217  0.218  0.167
 0.155  0.141  0.115
 0.145  0.133  0.110
 0.130  0.053  0.044
 0.111  0.025  0.020
 0.136  0.030  0.003
 0.068 -0.033 -0.058
 0.059 -0.074 -0.084
 0.093 -0.061 -0.054
 0.148 -0.093 -0.033
 0.213 -0.081  0.006
 0.086 -0.116  0.005
 0.190 -0.097 -0.053
 0.194 -0.091 -0.049
 0.173 -0.135 -0.090
 0.179 -0.116 -0.086
 0.161 -0.176 -0.121
 0.128 -0.292 -0.190
 0.110 -0.371 -0.229
 0.056 -0.455 -0.270
-0.009 -0.377 -0.228
-0.189 -0.388 -0.180
-0.080 -0.404 -0.259
-0.074 -0.420 -0.275
-0.081 -0.382 -0.255
-0.047 -0.244 -0.173
-0.065 -0.252 -0.210
-0.270 -0.389 -0.290
-0.308 -0.441 -0.312
-0.470 -0.511 -0.258
-0.290 -0.437 -0.270
-0.268 -0.427 -0.247
-0.275 -0.427 -0.236
-0.280 -0.397 -0.237
-0.317 -0.409 -0.246
-0.270 -0.390 -0.267
-0.228 -0.308 -0.242
-0.142 -0.302 -0.251
-0.182 -0.330 -0.226
-0.155 -0.388 -0.219
-0.094 -0.390 -0.263
-0.173 -0.478 -0.311
-0.226 -0.753 -0.349
-0.287 -0.764 -0.334
-0.296 -0.720 -0.316
-0.214 -0.669 -0.293
-0.209 -0.628 -0.252
-0.207 -0.592 -0.258
-0.166 -0.501 -0.258
-0.147 -0.427 -0.245
-0.152 -0.412 -0.241
-0.150 -0.433 -0.230
-0.069 -0.369 -0.211
-0.082 -0.346 -0.193
-0.123 -0.392 -0.220
-0.079 -0.378 -0.251
-0.043 -0.333 -0.208
-0.107 -0.370 -0.195
-0.037 -0.319 -0.190
-0.039 -0.269 -0.168
-0.048 -0.269 -0.167
-0.039 -0.257 -0.136
-0.030 -0.244 -0.123
-0.020 -0.222 -0.117
-0.035 -0.218 -0.123
-0.037 -0.209 -0.126
-0.005 -0.165 -0.095
-0.000 -0.165 -0.095
 0.027 -0.126 -0.081
 0.030 -0.112 -0.083
-0.014 -0.127 -0.082
-0.033 -0.150 -0.084
-0.163 -0.202 -0.045
-0.007 -0.144 -0.036
 0.016 -0.072  0.022
-0.158 -0.091  0.058
-0.014 -0.091 -0.037
-0.009 -0.039 -0.015
-0.003 -0.114 -0.071
-0.019 -0.110 -0.055
-0.017 -0.064 -0.014
-0.189 -0.099  0.008
-0.087 -0.119 -0.087
-0.062 -0.072 -0.054
-0.096 -0.112 -0.091
-0.077 -0.099 -0.088
-0.074 -0.094 -0.084
-0.066 -0.050 -0.063
-0.183 -0.117 -0.083
-0.077 -0.054 -0.066
-0.058 -0.053 -0.043
-0.063 -0.060 -0.051
-0.077 -0.047 -0.060
-0.074 -0.042 -0.071
-0.123 -0.068 -0.083
-0.050 -0.021 -0.070
-0.009  0.006 -0.042
-0.019 -0.026 -0.062
-0.046 -0.032 -0.080
-0.024 -0.060 -0.110
-0.020 -0.078 -0.135
 0.092  0.070 -0.046
 0.145  0.136  0.029
 0.140 -0.025 -0.065
 0.116 -0.024 -0.070
 0.098  0.013 -0.048
-0.065 -0.067 -0.060
 0.056 -0.021 -0.062
 0.078  0.038  0.018
 0.105  0.050  0.019
 0.078  0.043  0.000
 0.071  0.049 -0.003
 0.007  0.006 -0.028
 0.028  0.046  0.005
 0.089  0.101  0.057
 0.120  0.139  0.062
 0.101  0.144  0.038
 0.112  0.170  0.056
 0.080  0.110  0.012
 0.068  0.097  0.011
 0.089  0.086  0.025
 0.077  0.088  0.030
 0.047  0.050 -0.020
 0.045  0.016 -0.050
 0.054  0.055 -0.011
 0.077  0.074  0.018
 0.102  0.123  0.063
 0.096  0.201  0.132
 0.099  0.317  0.186
 0.041  0.213  0.097
-0.085  0.004 -0.008
-0.103  0.065  0.008
-0.148  0.104  0.060
-0.039  0.055 -0.041
-0.028  0.093 -0.016
-0.061  0.112  0.014
-0.060  0.074 -0.023
-0.029  0.093  0.002
-0.021  0.077  0.000
 0.008  0.114  0.009
 0.032  0.122 -0.007
 0.003  0.105 -0.011
-0.025  0.056 -0.035
-0.125  0.011 -0.032
 0.000  0.053 -0.043
 0.041  0.102  0.010
 0.020  0.062 -0.015
 0.016  0.070  0.004
 0.020  0.083  0.020
-0.006  0.057  0.024
-0.009  0.052  0.019
-0.027  0.038  0.009
 0.031  0.049  0.008
 0.022  0.062  0.015
 0.031  0.047 -0.017
 0.000  0.014 -0.030
 0.006  0.021 -0.022
 0.009  0.026  0.001
 0.014  0.028  0.025
-0.191 -0.013  0.055
-0.052 -0.010 -0.013
 0.007  0.046 -0.000
-0.037  0.002 -0.041
-0.008  0.014 -0.059
 0.015  0.040 -0.039
 0.001  0.012 -0.050
-0.030 -0.012 -0.053
-0.076 -0.049 -0.079
-0.048 -0.045 -0.104
-0.032 -0.019 -0.093
-0.035 -0.036 -0.099
 0.014 -0.001 -0.057
 0.054  0.031 -0.030
 0.017  0.020 -0.042
-0.007  0.009 -0.051
-0.130 -0.061 -0.033
 0.008 -0.014 -0.038
 0.018  0.017 -0.018
-0.009 -0.018 -0.051
-0.028 -0.048 -0.037
 0.011 -0.024 -0.015
 0.018 -0.014 -0.018
-0.002 -0.029 -0.034
 0.027  0.004 -0.022
 0.039  0.046 -0.010
 0.029  0.053 -0.002
 0.027  0.013 -0.011
 0.042 -0.037 -0.043
 0.041 -0.044 -0.039
 0.065 -0.001 -0.023
 0.099  0.063  0.000
 0.054  0.044 -0.002
 0.070  0.046  0.022
 0.068  0.023  0.025
 0.058  0.048  0.025
 0.057  0.043  0.023
 0.059  0.072  0.039
 0.065  0.098  0.041
 0.092  0.095  0.028
 0.075  0.092  0.023
 0.104  0.098  0.030
 0.075  0.130  0.077
 0.044  0.048 -0.006
 0.080  0.108  0.046
-0.108  0.035  0.075
 0.038  0.042  0.002
 0.052  0.046  0.025
-0.005 -0.015 -0.019
-0.020 -0.036 -0.036
-0.012 -0.025 -0.039
-0.002 -0.035 -0.048
 0.020 -0.000 -0.031
-0.016 -0.064 -0.081
 0.010 -0.082 -0.105
-0.004 -0.082 -0.124
 0.009 -0.075 -0.125
 0.027 -0.008 -0.071
 0.027 -0.019 -0.083
 0.047 -0.002 -0.070
 0.062 -0.010 -0.055
 0.053 -0.032 -0.040
 0.044 -0.013 -0.008
 0.001 -0.021  0.009
 0.043 -0.017 -0.000
 0.040 -0.016 -0.012
 0.038 -0.027 -0.019
 0.053 -0.019 -0.008
 0.049 -0.031 -0.031
 0.047 -0.040 -0.033
 0.048 -0.022 -0.025
 0.018 -0.024 -0.009
 0.055  0.039  0.033
 0.039  0.002 -0.012
 0.056  0.029 -0.010
 0.106  0.037 -0.002
 0.108  0.068  0.014
 0.090  0.060  0.012
 0.085  0.086  0.007
 0.079  0.081  0.015
 0.092  0.105  0.044
 0.062  0.063  0.022
 0.060  0.041  0.009
 0.034 -0.021 -0.016
 0.033 -0.014 -0.012
 0.028  0.011 -0.002
-0.015 -0.048 -0.064
-0.027 -0.058 -0.075
-0.023 -0.034 -0.065
 0.009  0.018 -0.038
 0.029  0.046  0.002
 0.040  0.044 -0.035
-0.019  0.019 -0.060
 0.013  0.076 -0.037
-0.042  0.065 -0.048
-0.035  0.031 -0.062
-0.143 -0.096 -0.095
-0.025 -0.047 -0.106
-0.010  0.006 -0.085
-0.074 -0.044 -0.109
-0.105 -0.014 -0.075
-0.112  0.020 -0.037
-0.070  0.057 -0.013
-0.112  0.033 -0.012
-0.046  0.052 -0.016
-0.044  0.064 -0.009
-0.077  0.029 -0.029
-0.068  0.038 -0.019
-0.050  0.047 -0.007
-0.036  0.077  0.023
-0.005  0.152  0.078
-0.167  0.081  0.103
-0.004  0.125  0.045
 0.017  0.176  0.073
 0.002  0.139  0.037
-0.010  0.143  0.051
-0.164  0.099  0.106
-0.021  0.122  0.067
-0.038  0.080  0.036
-0.062  0.068  0.030
-0.053  0.068  0.013
-0.048  0.082  0.012
-0.039  0.083  0.011
-0.024  0.129  0.058
 0.020  0.128  0.044
-0.046  0.071  0.002
-0.035  0.081 -0.002
-0.057  0.053 -0.029
-0.059  0.035 -0.049
-0.041  0.021 -0.045
-0.018  0.047 -0.017
-0.015  0.055  0.001
-0.035 -0.000 -0.036
-0.038  0.004 -0.033
-0.008  0.041 -0.016
-0.022  0.045 -0.003
-0.014  0.046 -0.011
-0.008 -0.037 -0.051
 0.051 -0.016 -0.052
 0.090 -0.008 -0.036
 0.102  0.003 -0.046
 0.129  0.062 -0.013
 0.137  0.118  0.011
 0.058  0.045  0.012
 0.147  0.063  0.004
 0.150  0.092  0.053
-0.013  0.047  0.083
 0.151  0.135  0.071
 0.165  0.169  0.094
 0.053  0.171  0.157
 0.191  0.142  0.083
 0.186  0.148  0.122
 0.217  0.187  0.141
 0.138  0.073  0.040
 0.125  0.078  0.034
 0.070  0.028 -0.001
 0.069  0.003 -0.018
 0.097 -0.001 -0.010
 0.046 -0.067 -0.017
 0.020 -0.094 -0.015
 0.017 -0.090 -0.006
 0.003 -0.057  0.011
-0.031 -0.048  0.021
-0.165 -0.078  0.061
-0.000 -0.053  0.036
 0.004 -0.049  0.017
-0.075 -0.097 -0.014
 0.004 -0.051 -0.026
 0.026 -0.019 -0.010
 0.068  0.009  0.010
 0.028 -0.024  0.013
 0.043 -0.024  0.010
-0.008 -0.070 -0.027
-0.018 -0.079 -0.054
 0.013 -0.075 -0.058
 0.038 -0.040 -0.044
 0.053 -0.001 -0.012
-0.115 -0.087 -0.006
 0.044 -0.002 -0.018
 0.045  0.051  0.003
-0.079  0.028  0.052
 0.059  0.052  0.006
 0.088  0.081  0.036
 0.067  0.040  0.010
 0.055  0.047 -0.013
 0.073  0.073  0.001
 0.077  0.149  0.087
 0.089  0.103  0.024
 0.105  0.141  0.063
-0.052  0.119  0.100
 0.101  0.151  0.079
 0.090  0.106  0.067
-0.036  0.060  0.063
 0.075  0.105  0.063
 0.094  0.077  0.081
 0.021  0.041  0.065
 0.106  0.075  0.043
 0.084  0.077  0.031
 0.048  0.058  0.039
 0.093  0.080  0.062
 0.114  0.120  0.096
 0.062  0.088  0.068
 0.079  0.093  0.062
 0.064  0.063  0.051
 0.072  0.055  0.045
 0.089  0.064  0.053
 0.066  0.017  0.037
 0.092  0.034  0.042
 0.009  0.060  0.103
 0.020 -0.011  0.010
 0.003 -0.007  0.011
 0.043  0.007  0.009
 0.022 -0.008  0.006
 0.043 -0.010  0.013
 0.054  0.035  0.034
-0.137 -0.040  0.036
 0.031  0.000 -0.004
 0.057  0.056  0.034
 0.045  0.003 -0.009
 0.041 -0.006 -0.015
 0.073 -0.004 -0.021
 0.045 -0.011 -0.026
 0.033 -0.008 -0.046
 0.067  0.021 -0.033
 0.063  0.041 -0.018
 0.073  0.044  0.005
 0.094  0.069  0.039
 0.106  0.063  0.051
 0.084  0.072  0.056
 0.103  0.110  0.072
 0.085  0.109  0.080
 0.044  0.084  0.051
-0.069  0.087  0.115
 0.012  0.041  0.035
 0.031  0.057  0.036
-0.005  0.026  0.025
-0.013  0.023  0.015
 0.021  0.077  0.065
 0.008  0.007  0.011
 0.033  0.017  0.026
-0.001 -0.004 -0.004
-0.019 -0.015 -0.027
 0.002  0.036 -0.023
 0.001  0.082 -0.003
-0.026  0.005 -0.024
-0.030 -0.000 -0.008
-0.042 -0.042 -0.027
-0.017 -0.017 -0.016
-0.004  0.078  0.032
-0.007  0.093  0.037
-0.054  0.029  0.002
-0.002  0.057 -0.036
 0.015  0.112 -0.017
 0.020  0.056 -0.076
-0.001  0.012 -0.078
-0.024  0.021 -0.062
-0.022 -0.011 -0.095
 0.005  0.048 -0.058
 0.075  0.106 -0.022
 0.062  0.089 -0.025
 0.063  0.073 -0.028
 0.020  0.055 -0.030
 0.002  0.064 -0.021
-0.143  0.020  0.014
 0.022  0.053 -0.047
 0.037  0.086 -0.001
 0.027  0.065  0.004
 0.033  0.076  0.007
 0.043  0.079  0.002
-0.011  0.018 -0.036
-0.016  0.023 -0.043
-0.034  0.010 -0.042
-0.031  0.005 -0.032
 0.014  0.059  0.021
 0.016  0.038  0.003
-0.008  0.019 -0.019
-0.005  0.013 -0.016
-0.038 -0.008 -0.014
-0.059 -0.023 -0.017
-0.175 -0.047  0.013
-0.046  0.009  0.009
-0.023  0.005  0.012
-0.056 -0.044 -0.053
-0.076 -0.070 -0.091
-0.049 -0.044 -0.086
-0.075 -0.058 -0.085
-0.101 -0.075 -0.093
-0.198 -0.132 -0.082
-0.085 -0.099 -0.088
-0.069 -0.057 -0.060
-0.249 -0.136 -0.060
-0.071 -0.072 -0.088
-0.046 -0.033 -0.054
-0.046 -0.046 -0.064
-0.017 -0.032 -0.031
-0.003 -0.013 -0.014
-0.003  0.000  0.007
 0.019  0.042  0.038
 0.011  0.019  0.020
 0.015  0.015  0.017
 0.039  0.016  0.012
 0.035  0.031  0.013
 0.044  0.029 -0.008
 0.064  0.026 -0.024
 0.044  0.003 -0.026
 0.044  0.008 -0.018
-0.129 -0.081 -0.005
 0.036 -0.035 -0.040
 0.047 -0.000 -0.013
-0.049  0.007  0.034
 0.016 -0.030 -0.038
 0.030  0.011  0.001
-0.018  0.000  0.014
-0.039 -0.016  0.010
-0.042 -0.047 -0.018
-0.046 -0.067 -0.033
-0.084 -0.087 -0.061
-0.105 -0.123 -0.070
-0.115 -0.134 -0.064
-0.042 -0.010  0.013
 0.004 -0.014 -0.014
 0.011  0.012 -0.027
 0.050  0.085  0.024
 0.034  0.090  0.027
 0.037  0.055  0.002
 0.043  0.033 -0.008
-0.006  0.008 -0.012
-0.016 -0.038 -0.009
-0.021 -0.051 -0.014
-0.053 -0.071 -0.034
-0.065 -0.088 -0.057
-0.090 -0.097 -0.056
-0.003 -0.040 -0.031
 0.033  0.040  0.044
 0.008  0.001  0.024
 0.009  0.007  0.027
 0.010 -0.021 -0.000
 0.037 -0.005  0.005
 0.037 -0.004  0.023
-0.097 -0.053  0.046
 0.052 -0.011  0.004
 0.041  0.004  0.018
-0.144 -0.044  0.050
-0.015 -0.054 -0.036
 0.010 -0.044 -0.023
 0.002 -0.042  0.019
 0.017 -0.017  0.049
 0.029  0.020  0.058
 0.048  0.042  0.045
 0.059  0.061  0.045
 0.072  0.054  0.026
 0.037  0.027  0.036
 0.043  0.016  0.036
 0.043  0.017  0.034
 0.003  0.012  0.005
-0.033 -0.033 -0.044
-0.042 -0.047 -0.065
-0.044 -0.066 -0.086
-0.048 -0.014 -0.007
-0.039 -0.069 -0.061
 0.006 -0.030 -0.026
-0.015 -0.039 -0.035
 0.004 -0.020 -0.027
 0.043  0.019 -0.014
 0.056  0.037  0.021
 0.052  0.046  0.045
 0.079  0.062  0.063
 0.049  0.042  0.059
 0.015  0.026  0.055
-0.012  0.030  0.077
 0.024  0.025  0.053
 0.009  0.002  0.036
 0.012 -0.041 -0.016
-0.011 -0.057 -0.037
 0.040 -0.021 -0.012
 0.068 -0.018 -0.016
 0.043 -0.028 -0.014
 0.062  0.015  0.026
 0.061  0.022  0.062
 0.067  0.022  0.068
 0.083  0.023  0.040
 0.047  0.059  0.047
 0.036  0.022  0.051
 0.076  0.088  0.092
 0.058  0.108  0.114
 0.036  0.048  0.068
-0.069 -0.011  0.033
 0.007 -0.014  0.007
 0.050  0.026  0.028
 0.031  0.007  0.014
 0.025 -0.004  0.002
 0.057  0.029  0.017
 0.016 -0.018 -0.007
 0.032 -0.003  0.008
-0.006 -0.025 -0.007
-0.023 -0.039 -0.021
-0.073 -0.103 -0.103
-0.031 -0.057 -0.051
-0.044 -0.057 -0.051
-0.021 -0.022 -0.032
-0.009 -0.025 -0.036
-0.019 -0.007 -0.009
-0.044  0.036  0.045
-0.041 -0.032 -0.031
 0.004 -0.007 -0.031
-0.005 -0.040 -0.034
-0.004 -0.048 -0.032
 0.014 -0.024 -0.020
 0.031 -0.034 -0.036
 0.019 -0.019 -0.038
 0.009 -0.030 -0.044
-0.023 -0.052 -0.056
-0.022 -0.048 -0.040
-0.057 -0.019  0.011
 0.050  0.065  0.050
 0.033  0.050  0.052
-0.012  0.031  0.033
 0.008  0.040  0.011
 0.001  0.018 -0.016
-0.123 -0.004  0.042
 0.013  0.013  0.002
 0.040  0.032  0.030
 0.059  0.058  0.037
-0.015  0.007  0.010
-0.011  0.038  0.035
-0.054  0.001  0.019
-0.059 -0.005  0.010
-0.066 -0.033 -0.005
-0.055 -0.037 -0.004
-0.055 -0.020  0.015
-0.220 -0.080  0.025
-0.079 -0.075 -0.053
-0.057 -0.039 -0.024
-0.091 -0.086 -0.068
-0.063 -0.073 -0.051
-0.025 -0.049 -0.038
-0.034 -0.053 -0.029
-0.046 -0.034 -0.019
-0.007  0.030  0.021
-0.014 -0.009 -0.005
-0.033 -0.046 -0.030
-0.031 -0.061 -0.048
-0.042 -0.109 -0.071
-0.021 -0.070 -0.061
 0.012 -0.041 -0.064
-0.000 -0.037 -0.058
-0.000 -0.055 -0.059
-0.013 -0.042 -0.056
 0.014 -0.019 -0.017
-0.108 -0.067  0.030
-0.051 -0.154 -0.027
-0.044 -0.130  0.012
-0.119 -0.092  0.056
-0.044 -0.124 -0.017
-0.009 -0.083  0.007
-0.054 -0.023  0.070
 0.030 -0.029  0.010
 0.058  0.033  0.054
-0.115 -0.025  0.073
 0.025  0.023  0.062
 0.044  0.063  0.095
 0.043  0.027  0.072
 0.038  0.017  0.057
 0.049  0.002  0.022
-0.003 -0.015  0.004
-0.041 -0.063 -0.021
-0.054 -0.080 -0.021
-0.041 -0.081 -0.019
-0.027 -0.066 -0.014
-0.037 -0.067 -0.022
-0.028 -0.056 -0.043
-0.022 -0.032 -0.037
-0.031 -0.056 -0.047
 0.009 -0.042 -0.036
 0.007 -0.037 -0.023
 0.073  0.040  0.013
 0.080  0.049 -0.007
 0.038 -0.004 -0.048
 0.036  0.001 -0.046
 0.053 -0.005 -0.053
 0.034 -0.003 -0.037
 0.035  0.021 -0.009
-0.086 -0.050  0.014
 0.047  0.004  0.019
 0.036  0.020  0.018
-0.012 -0.007  0.003
 0.004  0.007  0.007
-0.001  0.012  0.020
 0.019  0.003 -0.001
 0.020 -0.005 -0.001
 0.051  0.037  0.019
 0.024  0.010  0.001
 0.013 -0.005 -0.012
 0.038  0.007 -0.013
 0.025  0.032 -0.009
 0.035  0.037 -0.010
-0.094  0.023  0.044
 0.058  0.082  0.014
 0.103  0.123  0.054
 0.081  0.072  0.002
 0.075  0.077 -0.015
 0.105  0.102  0.005
 0.094  0.119  0.030
 0.030  0.076  0.009
 0.037  0.036 -0.017
 0.004  0.017 -0.004
-0.000  0.008 -0.011
 0.024  0.029 -0.005
-0.004  0.004  0.004
-0.017 -0.015 -0.007
-0.139 -0.015  0.039
-0.056 -0.065 -0.070
-0.057 -0.048 -0.059
-0.073 -0.069 -0.078
-0.078 -0.067 -0.072
-0.137 -0.094 -0.055
-0.036 -0.044 -0.035
-0.013  0.021  0.005
-0.026 -0.003 -0.025
-0.036 -0.036 -0.025
-0.000  0.013 -0.020
-0.007  0.027 -0.021
 0.006  0.019 -0.028
 0.010  0.001 -0.034
 0.039  0.047 -0.002
 0.052  0.093  0.019
-0.068  0.065  0.045
 0.064  0.102  0.037
 0.113  0.176  0.099
 0.085  0.145  0.084
 0.070  0.126  0.085
 0.081  0.116  0.069
 0.035  0.084  0.045
 0.039  0.105  0.037
 0.023  0.024  0.003
 0.003  0.022 -0.011
 0.016  0.062  0.026
-0.007 -0.030 -0.021
 0.013 -0.009 -0.002
 0.019  0.016  0.003
-0.001 -0.024 -0.034
-0.005 -0.016 -0.035
 0.021  0.027  0.013
-0.007 -0.007 -0.003
 0.007 -0.027 -0.003
 0.029 -0.019 -0.007
-0.016 -0.042 -0.037
-0.033 -0.026 -0.041
-0.014 -0.019 -0.032
-0.047 -0.049 -0.048
 0.002 -0.006 -0.018
 0.023 -0.022 -0.027
 0.023 -0.011 -0.024
 0.027 -0.004 -0.028
-0.006 -0.027 -0.054
 0.002 -0.021 -0.061
 0.007 -0.053 -0.068
-0.003 -0.047 -0.058
 0.007 -0.001 -0.027
 0.053  0.033 -0.001
 0.050  0.061  0.029
 0.032  0.062  0.041
-0.007  0.042  0.059
 0.077  0.012  0.040
 0.064  0.035  0.048
-0.032  0.017  0.053
 0.025  0.053  0.032
 0.038  0.054  0.038
-0.118 -0.024  0.043
 0.049  0.015  0.016
 0.065  0.082  0.060
-0.058  0.011  0.041
 0.006  0.026  0.014
 0.016  0.050  0.017
-0.006  0.011 -0.027
-0.025 -0.000 -0.027
-0.140  0.007  0.047
 0.006  0.046 -0.015
 0.027  0.129  0.016
 0.023  0.084 -0.038
 0.001  0.067 -0.053
 0.026  0.092 -0.043
-0.013  0.059 -0.045
 0.004  0.073 -0.024
 0.043  0.093 -0.023
 0.058  0.111 -0.004
 0.070  0.138  0.022
 0.037  0.123  0.024
 0.078  0.166  0.063
 0.078  0.167  0.066
 0.040  0.066 -0.008
 0.034  0.016 -0.040
 0.057  0.001 -0.061
 0.041  0.020 -0.047
 0.007 -0.000 -0.061
 0.034  0.021 -0.034
 0.056  0.069  0.009
 0.076  0.121  0.057
 0.054  0.070  0.032
 0.067  0.083  0.053
 0.087  0.096  0.055
 0.053  0.099  0.058
 0.024  0.078  0.040
 0.024  0.039  0.004
 0.033  0.056  0.023
 0.052  0.075  0.058
 0.006  0.020  0.044
 0.063  0.065  0.041
 0.047  0.068  0.031
-0.114 -0.007  0.028
 0.032  0.018 -0.013
 0.055  0.026 -0.007
 0.043 -0.025 -0.032
 0.029 -0.034 -0.035
-0.014 -0.039 -0.033
 0.014 -0.041 -0.046
 0.033  0.013  0.002
-0.024 -0.060 -0.044
-0.027 -0.042 -0.007
-0.002 -0.007  0.028
 0.008 -0.009  0.019
 0.014  0.013  0.019
 0.020  0.052  0.026
 0.065  0.083  0.050
 0.118  0.157  0.111
 0.001  0.105  0.135
 0.123  0.075  0.047
 0.117  0.069  0.043
-0.073 -0.005  0.055
 0.054  0.043  0.017
 0.079  0.075  0.069
 0.092  0.053  0.082
 0.123  0.110  0.135
 0.086  0.076  0.141
 0.127  0.089  0.134
 0.125  0.177  0.158
-0.010  0.136  0.158
 0.013 -0.025 -0.018
 0.045 -0.042 -0.019
 0.032 -0.116 -0.050
 0.065 -0.022 -0.024
 0.117  0.062  0.000
 0.037 -0.007 -0.036
 0.099  0.056  0.004
 0.078 -0.026 -0.023
 0.060 -0.056 -0.024
 0.082 -0.018  0.006
-0.137 -0.105 -0.014
-0.016 -0.055 -0.043
-0.013 -0.050 -0.025
-0.033 -0.062 -0.027
-0.048 -0.025  0.008
 0.006  0.018  0.021
-0.012 -0.024 -0.033
-0.006  0.063  0.044
 0.051  0.069  0.047
 0.032  0.030  0.018
 0.013  0.017  0.014
 0.016 -0.009  0.022
 0.052  0.016  0.040
 0.035  0.019  0.048
 0.031  0.025  0.034
 0.071  0.040  0.027
 0.064  0.065  0.052
-0.085  0.023  0.094
 0.074  0.042  0.043
 0.082  0.068  0.054
-0.097 -0.004  0.055
 0.084  0.070  0.013
 0.104  0.120  0.030
 0.133  0.179  0.067
 0.099  0.111  0.039
 0.099  0.143  0.073
 0.093  0.188  0.117
 0.072  0.113  0.048
 0.065  0.124  0.072
 0.020  0.070  0.037
 0.031  0.070  0.056
 0.083  0.102  0.059
 0.060  0.077  0.034
 0.049  0.067  0.006
 0.055  0.122  0.070
 0.051  0.051  0.007
 0.045  0.049  0.013
 0.034  0.050  0.018
 0.022  0.032  0.023
 0.034  0.043  0.006
 0.038  0.051  0.004
 0.033  0.035 -0.006
 0.005  0.024 -0.005
-0.026 -0.009 -0.030
-0.129 -0.082 -0.059
-0.076 -0.108 -0.098
-0.061 -0.083 -0.060
-0.115 -0.079 -0.015
-0.038 -0.122 -0.129
 0.012 -0.078 -0.092
-0.009 -0.107 -0.099
 0.002 -0.091 -0.078
 0.060 -0.005 -0.003
 0.056 -0.009 -0.008
 0.066 -0.044 -0.041
 0.039 -0.063 -0.053
 0.031 -0.031 -0.049
 0.058 -0.040 -0.049
 0.065 -0.029 -0.043
 0.060 -0.032 -0.024
-0.122 -0.086  0.019
 0.036 -0.012  0.006
 0.044  0.025  0.036
-0.004 -0.038 -0.036
-0.039 -0.108 -0.082
-0.060 -0.157 -0.114
-0.069 -0.161 -0.121
-0.046 -0.118 -0.083
-0.040 -0.139 -0.111
-0.031 -0.151 -0.125
 0.012 -0.107 -0.103
-0.020 -0.099 -0.080
-0.069 -0.136 -0.097
-0.153 -0.161 -0.043
-0.099 -0.223 -0.127
-0.045 -0.155 -0.078
-0.002 -0.125 -0.088
-0.042 -0.158 -0.121
 0.006 -0.068 -0.076
 0.045 -0.025 -0.071
-0.005 -0.111 -0.126
-0.031 -0.195 -0.182
-0.054 -0.191 -0.160
-0.041 -0.111 -0.088
-0.039 -0.104 -0.087
-0.021 -0.083 -0.071
 0.037 -0.000 -0.043
 0.031  0.022 -0.041
 0.018  0.060 -0.039
 0.080  0.109 -0.016
 0.153  0.151  0.067
 0.119 -0.055  0.072
 0.082 -0.246 -0.044
 0.046 -0.219  0.001
-0.003 -0.171  0.008
-0.068 -0.216 -0.042
-0.029 -0.169  0.004
-0.052 -0.210  0.003
-0.040 -0.199 -0.000
 0.014 -0.125  0.030
 0.016 -0.130  0.023
 0.019 -0.110  0.038
 0.020 -0.078  0.063
 0.049 -0.048  0.078
 0.092  0.043  0.107
 0.075  0.047  0.089
 0.047 -0.010  0.057
 0.022 -0.022  0.043
-0.024 -0.086  0.004
-0.039 -0.095  0.005
-0.015 -0.072  0.018
-0.024 -0.121  0.006
-0.047 -0.126  0.023
-0.127 -0.211 -0.026
-0.080 -0.183 -0.053
-0.047 -0.101 -0.024
-0.063 -0.147 -0.068
-0.103 -0.224 -0.122
-0.045 -0.083 -0.066
 0.003  0.029 -0.035
-0.031  0.018  0.001
 0.006  0.029 -0.020
 0.049  0.036 -0.018
 0.039  0.033 -0.021
 0.079  0.059 -0.015
 0.097  0.084  0.001
 0.106  0.101  0.011
 0.087  0.078  0.012
 0.123  0.120  0.030
 0.081  0.104  0.025
 0.078  0.093  0.059
-0.007 -0.027  0.033
-0.013 -0.031  0.059
 0.027 -0.016  0.106
-0.139 -0.155  0.075
-0.026 -0.122  0.025
-0.067 -0.151 -0.004
-0.047 -0.138 -0.021
-0.033 -0.097 -0.002
-0.034 -0.120 -0.015
-0.026 -0.123  0.014
 0.011 -0.039  0.079
 0.012 -0.038  0.063
-0.007 -0.056  0.031
-0.008 -0.049  0.016
-0.055 -0.086 -0.004
-0.081 -0.118 -0.018
-0.044 -0.120 -0.011
-0.067 -0.131 -0.017
-0.042 -0.092 -0.011
-0.005 -0.096 -0.032
-0.058 -0.165 -0.060
-0.065 -0.172 -0.058
-0.029 -0.130 -0.041
-0.024 -0.088 -0.012
 0.023  0.028  0.074
 0.030  0.005  0.057
 0.023 -0.031  0.055
 0.074  0.031  0.095
 0.028  0.003  0.059
 0.028  0.110  0.071
 0.048  0.177  0.073
 0.021  0.092  0.033
-0.003  0.009  0.001
 0.008  0.043  0.003
-0.030  0.003 -0.010
-0.046  0.000  0.013
-0.035  0.029  0.038
-0.009  0.129  0.092
 0.007  0.166  0.099
 0.040  0.143  0.078
 0.050  0.079  0.058
 0.051  0.144  0.100
 0.075  0.127  0.096
 0.074  0.101  0.079
 0.035  0.031  0.019
 0.011 -0.059 -0.056
-0.070 -0.223 -0.149
-0.054 -0.125 -0.111
 0.030 -0.097 -0.128
 0.087  0.073 -0.021
 0.099  0.101 -0.006
 0.124  0.145  0.012
-0.011 -0.043 -0.067
-0.046  0.098  0.010
-0.051  0.163  0.024
-0.046  0.191  0.050
-0.088  0.145 -0.009
 0.001  0.194  0.019
-0.008  0.262  0.029
-0.171  0.168  0.044
-0.255  0.031 -0.170
-0.065  0.148 -0.172
-0.020  0.158 -0.161
-0.051  0.176 -0.152
-0.033  0.220 -0.109
 0.001  0.186 -0.124
 0.013  0.175 -0.117
 0.010  0.154 -0.106
-0.010  0.110 -0.101
-0.036  0.091 -0.117
-0.005  0.110 -0.109
-0.001  0.102 -0.104
 0.033  0.153 -0.049
 0.041  0.136 -0.029
 0.075  0.150 -0.013
 0.088  0.156 -0.002
 0.011  0.130 -0.049
-0.029  0.190 -0.022
 0.055  0.391  0.151
 0.252  0.698  0.357
 0.449  1.058  0.590
 0.714  1.445  0.871
 0.941  1.761  1.120
 1.193  2.083  1.375
 1.411  2.254  1.536
 1.526  2.348  1.643
 1.610  2.435  1.715
 1.658  2.500  1.806
 1.530  2.374  1.792
 1.620  2.326  1.728
 1.537  2.186  1.645
 1.530  2.082  1.564
 1.442  1.944  1.480
 1.376  1.820  1.386
 1.353  1.701  1.299
 1.252  1.529  1.139
 1.123  1.329  1.026
 1.073  1.249  0.972
 0.975  1.094  0.863
 0.908  1.010  0.814
 0.821  0.925  0.765
 0.772  0.817  0.686
 0.681  0.588  0.588
 0.606  0.450  0.500
 0.554  0.429  0.486
 0.552  0.568  0.510
 0.590  0.657  0.558
 0.520  0.588  0.498
 0.445  0.479  0.454
 0.366  0.322  0.370
 0.276  0.137  0.242
 0.232  0.036  0.156
 0.172 -0.035  0.092
 0.100 -0.050  0.080
 0.070 -0.116  0.023
-0.001 -0.300 -0.054
-0.090 -0.449 -0.152
-0.179 -0.719 -0.313
-0.199 -0.676 -0.329
-0.255 -0.626 -0.322
-0.353 -0.644 -0.363
-0.374 -0.635 -0.417
-0.464 -0.657 -0.465
-0.521 -0.599 -0.376
-0.517 -0.633 -0.473
-0.512 -0.652 -0.488
-0.566 -0.705 -0.520
-0.700 -0.868 -0.611
-0.763 -1.010 -0.690
-0.839 -1.087 -0.738
-0.836 -1.090 -0.780
-0.817 -1.126 -0.827
-0.837 -1.170 -0.858
-0.802 -1.050 -0.828
-0.777 -0.997 -0.823
-0.811 -1.051 -0.820
-0.684 -1.039 -0.798
-0.641 -1.095 -0.778
-0.651 -1.156 -0.812
-0.686 -1.088 -0.704
-0.584 -1.085 -0.752
-0.545 -1.075 -0.753
-0.518 -1.034 -0.689
-0.423 -0.839 -0.574
-0.459 -0.702 -0.542
-0.557 -0.592 -0.544
-0.575 -0.626 -0.584
-0.700 -0.735 -0.610
-0.766 -0.823 -0.673
-0.602 -0.792 -0.660
-0.487 -0.805 -0.632
-0.413 -0.783 -0.570
-0.477 -0.614 -0.479
-0.583 -0.660 -0.567
-0.586 -0.680 -0.609
-0.753 -0.818 -0.666
-0.688 -0.806 -0.680
-0.602 -0.789 -0.671
-0.497 -0.698 -0.598
-0.481 -0.704 -0.588
-0.465 -0.645 -0.509
-0.436 -0.603 -0.465
-0.427 -0.640 -0.507
-0.467 -0.661 -0.518
-0.418 -0.619 -0.481
-0.420 -0.614 -0.465
-0.414 -0.595 -0.448
-0.412 -0.580 -0.424
-0.349 -0.557 -0.417
-0.318 -0.509 -0.381
-0.330 -0.527 -0.405
-0.341 -0.523 -0.405
-0.289 -0.466 -0.376
-0.293 -0.449 -0.362
-0.287 -0.428 -0.351
-0.292 -0.439 -0.363
-0.276 -0.427 -0.345
-0.237 -0.397 -0.334
-0.222 -0.359 -0.311
-0.195 -0.296 -0.264
-0.203 -0.303 -0.256
-0.212 -0.303 -0.239
-0.224 -0.312 -0.222
-0.178 -0.302 -0.195
-0.159 -0.231 -0.146
-0.138 -0.225 -0.172
-0.162 -0.238 -0.182
-0.106 -0.202 -0.162
-0.115 -0.181 -0.153
-0.099 -0.185 -0.131
-0.121 -0.239 -0.115
-0.155 -0.365 -0.233
-0.124 -0.251 -0.167
-0.156 -0.231 -0.185
-0.192 -0.230 -0.169
-0.177 -0.231 -0.159
-0.230 -0.261 -0.157
-0.234 -0.230 -0.105
-0.229 -0.234 -0.125
-0.264 -0.219 -0.125
-0.277 -0.200 -0.132
-0.261 -0.185 -0.128
-0.212 -0.167 -0.136
-0.150 -0.076 -0.060
-0.141 -0.118 -0.099
-0.065 -0.091 -0.106
-0.040 -0.071 -0.120
-0.005 -0.026 -0.081
 0.033  0.024 -0.017
 0.046 -0.010  0.017
 0.035 -0.069  0.040
-0.062 -0.227  0.021
-0.003 -0.138  0.008
 0.068  0.088  0.074
 0.108  0.194  0.067
 0.112  0.181  0.095
 0.131  0.154  0.088
 0.065  0.102  0.078
 0.058  0.074  0.087
 0.048  0.040  0.064
 0.035  0.041  0.040
 0.076  0.084  0.074
 0.067  0.077  0.091
 0.056  0.038  0.086
-0.006  0.047  0.150
 0.024  0.014  0.072
 0.042 -0.008  0.029
 0.067  0.021  0.065
 0.095  0.016  0.088
 0.136  0.072  0.086
 0.080  0.063  0.052
 0.058  0.060  0.058
 0.005  0.040  0.155
 0.127  0.069  0.107
 0.131  0.088  0.080
 0.092  0.073  0.047
 0.085  0.033  0.026
 0.047  0.023  0.022
 0.104  0.031  0.030
 0.137  0.055  0.054
 0.108 -0.107 -0.000
 0.160 -0.260 -0.028
 0.177 -0.236 -0.023
 0.185 -0.260 -0.026
 0.151 -0.377 -0.082
-0.068 -0.399 -0.053
 0.003 -0.162 -0.039
 0.062  0.061  0.065
 0.093  0.156  0.058
 0.079  0.230  0.088
 0.123  0.247  0.115
 0.081  0.076  0.048
 0.190  0.065  0.087
 0.248  0.108  0.097
 0.228  0.133  0.108
 0.223  0.291  0.148
 0.080  0.297  0.100
 0.053  0.337  0.125
 0.007  0.275  0.084
-0.034  0.192  0.016
-0.007  0.184  0.019
 0.040  0.230  0.088
 0.056  0.255  0.100
 0.052  0.221  0.080
 0.111  0.212  0.124
 0.188  0.016  0.103
 0.157 -0.052  0.079
 0.163 -0.022  0.091
 0.136 -0.049  0.092
 0.115 -0.110  0.068
 0.112 -0.105  0.053
 0.102 -0.101  0.051
 0.107 -0.052  0.089
-0.012 -0.007  0.156
 0.124  0.008  0.100
 0.137  0.037  0.121
 0.097 -0.020  0.091
 0.086 -0.086  0.048
 0.077 -0.037  0.047
 0.073 -0.032  0.032
 0.079  0.018  0.061
 0.062  0.011  0.059
 0.056  0.017  0.061
 0.067  0.034  0.077
 0.070  0.032  0.064
 0.094  0.040  0.096
-0.029  0.004  0.119
 0.114  0.001  0.045
 0.059  0.051  0.054
-0.016  0.012  0.006
-0.033  0.127  0.041
-0.002  0.159  0.067
-0.016  0.163  0.063
-0.049  0.115  0.050
 0.007  0.176  0.070
-0.002  0.186  0.068
-0.012  0.186  0.071
 0.007  0.202  0.078
 0.003  0.175  0.076
-0.006  0.081  0.041
-0.002  0.110  0.018
-0.036  0.077 -0.010
-0.020  0.058 -0.009
-0.049  0.063 -0.008
-0.046  0.040 -0.026
-0.059  0.088 -0.013
-0.037  0.120 -0.003
-0.182  0.063  0.057
-0.066  0.028  0.003
-0.033  0.062  0.040
-0.050  0.029  0.020
-0.066 -0.022 -0.001
-0.156 -0.120 -0.021
-0.081 -0.069 -0.030
-0.028  0.029 -0.000
-0.046  0.020 -0.007
-0.036  0.091 -0.003
 0.009  0.143  0.024
-0.016  0.048 -0.007
-0.016 -0.131 -0.013
 0.079 -0.193  0.022
 0.074 -0.175  0.008
 0.085 -0.172 -0.006
 0.053 -0.215 -0.017
 0.039 -0.193 -0.012
 0.032 -0.193 -0.025
-0.005 -0.112  0.011
-0.025 -0.077 -0.010
-0.017 -0.088 -0.018
-0.001 -0.047  0.010
 0.003 -0.043 -0.027
 0.019 -0.025 -0.018
 0.048 -0.010 -0.016
 0.045  0.003  0.004
 0.046  0.033  0.029
-0.117 -0.011  0.043
 0.044  0.026  0.003
 0.056  0.065  0.019
 0.035  0.088 -0.006
-0.001  0.051 -0.042
-0.000  0.083 -0.046
-0.013  0.097 -0.033
-0.011  0.030 -0.042
 0.046  0.036 -0.001
 0.011  0.005 -0.037
-0.002 -0.026 -0.034
 0.066  0.058  0.038
 0.036  0.046  0.023
 0.060  0.090  0.059
 0.096  0.006  0.065
 0.023 -0.022  0.030
 0.029  0.073  0.040
-0.014  0.090  0.001
-0.011  0.028 -0.019
 0.021 -0.002 -0.012
-0.010  0.027 -0.009
-0.004  0.025  0.017
 0.052  0.042  0.046
 0.050  0.153  0.064
 0.043  0.157  0.061
-0.123 -0.105  0.051
 0.066  0.029  0.064
 0.132  0.149  0.137
 0.121  0.185  0.149
 0.138  0.219  0.190
 0.120  0.241  0.171
 0.081  0.280  0.133
 0.071  0.296  0.136
 0.073  0.312  0.164
 0.073  0.454  0.223
 0.023  0.375  0.158
 0.003  0.337  0.126
 0.008  0.323  0.086
 0.006  0.331  0.094
 0.032  0.334  0.120
-0.095  0.292  0.122
 0.026  0.316  0.091
 0.053  0.278  0.095
 0.010  0.255  0.089
-0.024  0.202  0.058
-0.060  0.226  0.028
-0.154  0.186 -0.032
-0.159  0.196 -0.023
-0.204  0.209  0.008
-0.174  0.182 -0.027
-0.118  0.217 -0.001
-0.110  0.180 -0.012
-0.105  0.195  0.011
-0.106  0.163 -0.017
-0.096  0.213  0.036
-0.072  0.240  0.015
-0.085  0.169 -0.012
-0.081  0.156  0.004
-0.036  0.143 -0.023
 0.021  0.219  0.074
 0.142  0.256  0.162
 0.163  0.279  0.176
 0.084  0.172  0.109
 0.096  0.097  0.051
 0.042  0.106  0.048
 0.017  0.134  0.015
-0.039  0.128  0.018
-0.065  0.132  0.035
-0.046  0.151  0.033
-0.046  0.142  0.031
-0.019  0.141  0.026
-0.057  0.088  0.007
-0.035  0.093  0.001
-0.196  0.021  0.000
-0.035  0.027 -0.032
-0.032  0.049 -0.033
-0.098  0.007 -0.027
-0.125 -0.007 -0.017
-0.113 -0.038  0.026
-0.147 -0.044  0.016
-0.178  0.002 -0.018
-0.320 -0.059 -0.010
-0.094  0.019 -0.056
-0.028  0.037 -0.032
-0.029 -0.009 -0.057
-0.010 -0.010 -0.048
-0.121  0.011  0.029
 0.028  0.076 -0.011
 0.037  0.075  0.010
-0.028  0.020 -0.002
-0.054  0.031  0.003
-0.041  0.076  0.010
-0.085  0.076 -0.024
-0.096 -0.005 -0.073
-0.092 -0.002 -0.091
-0.083 -0.022 -0.089
-0.037  0.025 -0.031
-0.043 -0.025 -0.041
-0.050 -0.009 -0.018
-0.029  0.006 -0.014
-0.048  0.003  0.006
-0.074 -0.008 -0.030
-0.035  0.037 -0.003
-0.083 -0.017 -0.026
-0.061  0.035  0.031
-0.105  0.003  0.015
-0.106 -0.063 -0.038
-0.083 -0.051 -0.057
-0.045 -0.020 -0.015
-0.042 -0.049 -0.024
-0.166 -0.086  0.021
-0.028  0.001  0.036
-0.008  0.069  0.102
-0.056  0.060  0.083
-0.034  0.027  0.041
-0.024  0.060  0.059
-0.046 -0.002 -0.011
-0.073  0.017 -0.016
-0.055  0.083  0.060
-0.021  0.059  0.038
-0.041  0.043  0.017
-0.020 -0.017  0.013
 0.019 -0.001  0.072
 0.076 -0.185  0.066
 0.074 -0.339  0.013
 0.048 -0.310 -0.007
 0.015 -0.219 -0.015
 0.010 -0.130 -0.004
 0.004 -0.071 -0.026
-0.063 -0.063  0.046
 0.037 -0.067 -0.003
 0.077 -0.019  0.040
 0.115 -0.147  0.047
 0.071 -0.421 -0.060
-0.005 -0.278 -0.063
-0.023 -0.191 -0.036
-0.036 -0.155 -0.032
-0.059 -0.026  0.056
 0.020 -0.126 -0.018
 0.024 -0.202 -0.055
 0.019 -0.146 -0.031
-0.010 -0.136 -0.036
-0.006 -0.154 -0.056
-0.063 -0.161 -0.080
-0.088 -0.164 -0.111
-0.046 -0.070 -0.083
-0.098 -0.131 -0.086
-0.113 -0.175 -0.073
-0.280 -0.178 -0.034
-0.112 -0.162 -0.065
-0.084 -0.185 -0.044
-0.084 -0.307 -0.063
-0.068 -0.429 -0.083
-0.114 -0.408 -0.046
-0.023 -0.393 -0.023
-0.007 -0.313 -0.014
-0.044 -0.362 -0.031
-0.022 -0.298 -0.030
-0.156 -0.317 -0.006
-0.042 -0.253 -0.060
 0.002 -0.220 -0.056
-0.035 -0.166 -0.045
-0.001 -0.081  0.027
 0.062 -0.073 -0.007
-0.005 -0.096 -0.040
 0.038 -0.007 -0.002
-0.004 -0.074 -0.064
 0.069 -0.075 -0.002
 0.142 -0.021  0.039
 0.170  0.201  0.108
 0.161  0.172  0.099
 0.073  0.121  0.047
 0.106  0.199  0.080
 0.137  0.278  0.157
 0.118  0.273  0.121
 0.113  0.203  0.034
-0.054  0.063  0.043
 0.087  0.113  0.040
 0.105  0.291  0.109
 0.043  0.283  0.112
 0.034  0.173  0.096
 0.043  0.259  0.106
-0.049  0.295  0.057
-0.234  0.091  0.122
-0.106  0.261  0.116
-0.055  0.206  0.042
-0.057  0.256  0.038
-0.107  0.238 -0.002
-0.102  0.217 -0.025
-0.069  0.202 -0.014
-0.061  0.181  0.015
-0.028  0.206  0.146
 0.013  0.037  0.081
 0.050  0.074  0.101
-0.019  0.138  0.116
-0.006  0.115  0.089
 0.040 -0.023  0.009
-0.074 -0.019 -0.003
-0.158  0.013 -0.040
-0.130  0.019 -0.076
-0.112  0.047 -0.072
-0.090  0.186 -0.006
-0.138  0.139  0.022
-0.092  0.175  0.029
-0.060  0.182  0.012
-0.115  0.020 -0.047
-0.126  0.041 -0.026
-0.107 -0.074 -0.046
-0.063 -0.223 -0.054
-0.064 -0.181 -0.076
-0.033 -0.005 -0.018
 0.064  0.224  0.102
-0.103  0.195  0.118
-0.017  0.162  0.042
-0.004  0.146  0.041
-0.061  0.104  0.041
-0.112  0.071 -0.002
-0.155 -0.015 -0.064
-0.177 -0.048 -0.097
-0.144 -0.019 -0.083
-0.145 -0.013 -0.075
-0.082  0.013 -0.051
-0.058  0.055 -0.011
-0.068  0.067  0.023
-0.064  0.060  0.018
-0.048  0.091  0.020
-0.068  0.110  0.041
-0.053  0.074  0.011
-0.199  0.005  0.048
-0.089  0.001 -0.023
-0.043 -0.048 -0.061
-0.087 -0.096 -0.086
-0.084 -0.069 -0.067
-0.064 -0.024 -0.041
-0.060 -0.019 -0.025
-0.068  0.027  0.010
-0.017  0.060  0.056
 0.025  0.146  0.135
 0.090  0.163  0.162
 0.103  0.167  0.138
 0.124  0.181  0.141
 0.104  0.158  0.105
 0.010  0.114  0.072
 0.030  0.110  0.053
 0.024  0.109  0.043
 0.056  0.133  0.091
 0.057  0.135  0.066
 0.055  0.092  0.051
-0.010  0.118  0.072
 0.031  0.034  0.041
 0.066 -0.148  0.038
 0.103 -0.350 -0.086
 0.113 -0.320 -0.073
 0.098 -0.298 -0.021
 0.084 -0.302 -0.027
 0.121 -0.199 -0.022
-0.092 -0.164  0.006
-0.013 -0.176 -0.067
 0.016  0.019  0.033
-0.053  0.066  0.018
-0.007  0.081  0.042
-0.050  0.118  0.114
-0.003  0.037  0.003
 0.026  0.034 -0.019
 0.020 -0.036 -0.106
 0.090  0.058 -0.071
 0.047  0.003 -0.100
 0.029  0.003 -0.074
-0.002 -0.027 -0.068
 0.022 -0.004 -0.076
 0.048  0.008 -0.076
-0.107 -0.021 -0.023
 0.019 -0.020 -0.077
 0.027 -0.034 -0.053
 0.018 -0.076 -0.050
-0.004 -0.012 -0.036
-0.009  0.030 -0.041
-0.084 -0.037 -0.059
-0.028  0.046  0.005
-0.002  0.069  0.005
-0.029 -0.050 -0.027
-0.011 -0.013 -0.000
-0.006  0.017 -0.018
 0.012  0.066 -0.017
-0.014  0.042 -0.030
 0.066  0.090  0.001
 0.074  0.096  0.006
 0.046  0.043 -0.011
 0.026  0.023  0.009
 0.032 -0.012  0.004
-0.003 -0.034 -0.005
 0.000 -0.009  0.022
-0.031 -0.083  0.073
 0.034 -0.207 -0.017
-0.110 -0.366 -0.026
-0.012 -0.397 -0.055
 0.039 -0.254 -0.036
 0.003 -0.323 -0.066
 0.020 -0.267 -0.083
-0.039 -0.302 -0.103
 0.010 -0.279 -0.103
 0.027 -0.234 -0.083
 0.006 -0.215 -0.076
 0.021 -0.130 -0.036
 0.034 -0.073 -0.007
 0.011 -0.057 -0.004
 0.003 -0.132 -0.039
-0.037 -0.191 -0.083
-0.028 -0.184 -0.089
-0.014 -0.168 -0.056
-0.055 -0.138 -0.065
-0.067 -0.162 -0.068
-0.016 -0.100 -0.079
-0.081 -0.065 -0.074
-0.066 -0.092 -0.081
-0.037 -0.108 -0.087
-0.065 -0.094 -0.081
-0.017 -0.018 -0.010
 0.012  0.077  0.040
-0.014 -0.000 -0.035
 0.029  0.098  0.001
 0.003 -0.006 -0.055
 0.020  0.037 -0.006
 0.029 -0.042 -0.009
-0.034 -0.282 -0.058
-0.037 -0.251 -0.068
-0.157 -0.422 -0.187
-0.197 -0.319 -0.230
-0.128 -0.239 -0.198
-0.079 -0.144 -0.120
-0.088 -0.112 -0.103
-0.090 -0.222 -0.122
-0.064 -0.118 -0.079
-0.108 -0.211 -0.103
-0.062 -0.131 -0.068
-0.090 -0.177 -0.101
-0.073 -0.175 -0.103
-0.026 -0.143 -0.071
-0.045 -0.076 -0.061
-0.147 -0.153 -0.124
-0.142 -0.130  0.004
-0.047 -0.021  0.031
-0.053 -0.113 -0.015
-0.064 -0.106 -0.007
-0.023 -0.021 -0.003
-0.019 -0.004  0.002
-0.039 -0.057 -0.001
-0.012 -0.085  0.003
 0.015 -0.042  0.021
 0.024 -0.006 -0.001
 0.014 -0.191 -0.036
 0.063 -0.029  0.032
 0.051 -0.094  0.036
 0.062 -0.080  0.042
 0.036 -0.111  0.055
 0.055 -0.120  0.069
 0.023 -0.153  0.042
-0.026 -0.272 -0.010
-0.006 -0.208 -0.011
 0.088  0.034  0.039
 0.039 -0.086 -0.027
-0.034 -0.227 -0.171
 0.048 -0.049 -0.095
 0.098  0.046 -0.000
 0.061 -0.030 -0.037
 0.069  0.075  0.039
-0.115  0.104  0.109
 0.044  0.153  0.056
 0.101  0.177  0.093
 0.066  0.094  0.075
 0.059  0.079  0.073
 0.079  0.098  0.074
 0.082  0.099  0.069
 0.099  0.121  0.082
 0.058  0.071  0.026
 0.065  0.089  0.036
 0.030 -0.001 -0.001
 0.032  0.016  0.021
 0.048 -0.013  0.002
 0.023  0.023  0.017
 0.000 -0.001 -0.021
-0.001  0.157  0.026
-0.003  0.232  0.032
-0.039  0.100 -0.022
-0.089 -0.038 -0.059
-0.054  0.006 -0.031
 0.002  0.046 -0.022
-0.019  0.023 -0.024
-0.018 -0.018 -0.031
-0.050 -0.055 -0.037
-0.052 -0.052 -0.038
-0.003  0.043  0.016
-0.011 -0.005 -0.024
-0.127  0.044  0.013
-0.072  0.090 -0.034
-0.106  0.030 -0.079
-0.166 -0.247 -0.333
 0.022  0.166 -0.114
 0.011  0.217 -0.097
-0.105 -0.063 -0.044
-0.002  0.029  0.128
 0.100  0.167  0.169
 0.061  0.212  0.107
 0.055  0.246  0.065
 0.032  0.245  0.065
-0.000  0.203  0.042
-0.016  0.158  0.022
-0.035  0.155  0.034
-0.123  0.061  0.044
-0.044  0.169  0.084
 0.003  0.277  0.135
-0.029  0.198  0.093
-0.020  0.211  0.104
 0.024  0.264  0.138
-0.134  0.210  0.176
-0.004  0.060  0.060
-0.026 -0.018  0.016
-0.039  0.073  0.118
-0.096 -0.286  0.045
-0.200 -0.378 -0.115
 0.006  0.060 -0.139
 0.006 -0.035 -0.185
-0.076 -0.245 -0.278
-0.049  0.052 -0.104
 0.017  0.018 -0.003
 0.134  0.233  0.152
 0.090  0.443  0.188
 0.057  0.494  0.205
 0.069  0.452  0.216
 0.025  0.338  0.156
 0.020  0.334  0.118
 0.023  0.350  0.097
 0.030  0.322  0.102
 0.023  0.255  0.104
 0.013  0.369  0.109
-0.066  0.309  0.077
-0.079  0.295  0.073
 0.034  0.311  0.133
 0.003  0.274  0.132
-0.033  0.288  0.115
-0.094  0.321  0.200
 0.044  0.311  0.135
 0.072  0.355  0.149
 0.040  0.290  0.098
 0.028  0.252  0.080
 0.031  0.235  0.072
 0.011  0.219  0.065
 0.035  0.250  0.106
 0.021  0.181  0.061
 0.023  0.184  0.060
 0.068  0.215  0.071
 0.047  0.206  0.068
 0.056  0.214  0.079
-0.047  0.154  0.107
 0.046  0.159  0.104
 0.056  0.231  0.151
-0.102  0.140  0.167
 0.031  0.144  0.089
 0.044  0.180  0.111
 0.054  0.159  0.089
 0.071  0.185  0.082
 0.054  0.129  0.077
 0.082  0.143  0.092
 0.103  0.185  0.103
-0.073  0.101  0.102
 0.056  0.115  0.029
 0.055  0.123  0.039
 0.033  0.077  0.026
-0.000  0.042  0.008
-0.113 -0.022  0.062
-0.007 -0.195 -0.031
 0.097 -0.311 -0.014
 0.090 -0.151  0.015
 0.080  0.016  0.063
 0.146  0.280  0.220
 0.079  0.189  0.095
 0.042  0.107  0.024
 0.019  0.066  0.001
 0.037  0.083 -0.014
 0.100  0.112  0.004
 0.097  0.091  0.009
 0.096  0.120  0.052
 0.027  0.024 -0.005
-0.013 -0.008 -0.017
 0.011  0.048  0.055
 0.098  0.044  0.047
 0.103 -0.216 -0.086
 0.165 -0.306 -0.062
 0.200 -0.040  0.088
 0.077  0.062  0.029
 0.063  0.053  0.033
 0.078  0.117  0.057
 0.067  0.120  0.068
 0.029  0.095  0.042
 0.010  0.072  0.027
-0.014  0.033  0.010
-0.015  0.024  0.014
-0.075 -0.023 -0.012
-0.035 -0.007 -0.016
-0.049 -0.001 -0.005
-0.199 -0.037  0.037
-0.039  0.013  0.027
 0.013  0.023  0.026
-0.002  0.010  0.003
 0.023  0.024 -0.002
-0.018  0.064  0.038
 0.009 -0.002 -0.059
 0.025 -0.009 -0.070
-0.028 -0.047 -0.065
-0.038 -0.086 -0.063
 0.004 -0.054 -0.044
-0.013 -0.060 -0.043
 0.018 -0.033 -0.025
 0.056  0.012  0.023
 0.025 -0.033  0.001
 0.053 -0.018  0.009
 0.180 -0.205  0.002
 0.157 -0.423 -0.090
 0.011 -0.336 -0.116
 0.023 -0.187 -0.063
-0.009 -0.216 -0.102
 0.033 -0.155 -0.086
 0.015 -0.153 -0.081
 0.060 -0.083 -0.039
 0.057 -0.098 -0.062
 0.034 -0.113 -0.066
 0.072 -0.081 -0.046
 0.096 -0.035 -0.020
 0.058 -0.060 -0.038
 0.088 -0.028 -0.019
 0.052 -0.062 -0.036
 0.059 -0.057 -0.025
 0.063 -0.047 -0.008
 0.010 -0.096 -0.013
-0.002 -0.084 -0.007
-0.086 -0.046  0.037
 0.006 -0.009  0.012
 0.028 -0.002  0.003
-0.002 -0.018  0.014
 0.001 -0.011  0.037
-0.020 -0.008  0.074
-0.061 -0.197 -0.057
 0.061 -0.375 -0.055
 0.092 -0.040  0.067
-0.050  0.051  0.007
-0.079  0.016 -0.027
-0.096  0.020 -0.051
-0.108  0.002 -0.069
-0.072  0.039 -0.067
-0.058  0.077 -0.045
-0.048  0.074 -0.043
-0.087  0.111 -0.034
-0.094  0.079 -0.042
-0.089  0.010 -0.079
-0.056 -0.025 -0.107
-0.028  0.009 -0.065
 0.025  0.056 -0.043
-0.035  0.032 -0.054
-0.045  0.054 -0.046
-0.031  0.059 -0.047
-0.033  0.033 -0.029
-0.031  0.051 -0.036
-0.061  0.062 -0.021
-0.119  0.108  0.052
 0.003  0.114 -0.000
-0.003  0.078 -0.003
 0.123  0.045  0.091
 0.110 -0.296 -0.017
 0.019 -0.055  0.015
 0.006  0.108  0.080
 0.030  0.153  0.085
 0.033  0.139  0.063
 0.062  0.150  0.056
 0.053  0.100  0.025
 0.022  0.075  0.028
-0.019 -0.032 -0.023
 0.020 -0.261 -0.092
 0.083 -0.321 -0.083
 0.116 -0.204  0.005
 0.043  0.034  0.045
-0.044  0.095  0.014
-0.109  0.094  0.028
-0.083  0.161  0.039
-0.153  0.092  0.034
-0.163  0.024 -0.006
-0.101  0.073  0.037
-0.121  0.094  0.064
-0.087  0.001 -0.050
-0.055  0.048 -0.011
-0.044  0.064  0.005
-0.004  0.073  0.005
 0.022  0.066  0.022
 0.068 -0.087  0.001
 0.105 -0.280 -0.056
-0.079 -0.194 -0.090
-0.103 -0.171 -0.131
-0.049 -0.106 -0.130
 0.005 -0.042 -0.066
-0.021 -0.047 -0.065
 0.035  0.023 -0.004
 0.003 -0.010  0.007
 0.060 -0.014  0.036
-0.117 -0.069  0.025
 0.029 -0.008 -0.042
 0.043  0.015 -0.056
 0.003  0.009 -0.019
 0.096  0.058  0.029
 0.106  0.009  0.060
 0.071 -0.019  0.072
 0.023  0.021  0.058
 0.029  0.043  0.032
-0.010  0.023  0.034
-0.021  0.015  0.029
-0.178 -0.024  0.083
-0.030 -0.020  0.038
 0.014  0.069  0.095
-0.055  0.082  0.155
 0.083  0.035  0.051
 0.069  0.026  0.024
 0.020 -0.050 -0.010
-0.074 -0.306 -0.099
-0.100 -0.414 -0.156
-0.094 -0.385 -0.138
-0.139 -0.407 -0.158
-0.053 -0.320 -0.112
-0.123 -0.361 -0.114
-0.121 -0.328 -0.077
-0.077 -0.314 -0.104
-0.140 -0.326 -0.113
-0.083 -0.237 -0.086
-0.050 -0.154 -0.064
-0.086 -0.208 -0.089
-0.061 -0.179 -0.064
-0.034 -0.102  0.000
-0.062 -0.132  0.002
-0.072 -0.144 -0.015
-0.049 -0.133 -0.014
-0.105 -0.163 -0.039
-0.054 -0.103 -0.028
-0.228 -0.194 -0.029
-0.040 -0.131 -0.040
-0.001 -0.067  0.022
-0.031 -0.110 -0.002
-0.056 -0.104  0.022
 0.026 -0.050  0.039
-0.087 -0.187 -0.051
-0.077 -0.172 -0.069
-0.094 -0.103 -0.064
 0.019  0.191  0.042
 0.015  0.153  0.008
 0.009  0.143  0.012
 0.029  0.135  0.009
-0.002  0.080 -0.005
 0.004  0.078 -0.009
 0.038  0.103  0.003
 0.032  0.119  0.021
 0.054  0.135  0.029
 0.082  0.140  0.034
 0.043  0.109  0.018
 0.055  0.106  0.025
 0.047  0.028 -0.001
-0.082 -0.188 -0.064
-0.075 -0.245 -0.084
-0.107 -0.288 -0.101
-0.069 -0.243 -0.078
-0.111 -0.251 -0.089
-0.095 -0.239 -0.090
-0.030 -0.179 -0.054
-0.063 -0.210 -0.080
-0.072 -0.244 -0.093
-0.052 -0.227 -0.098
-0.042 -0.174 -0.088
-0.026 -0.115 -0.075
 0.055 -0.025 -0.038
 0.031 -0.004 -0.007
 0.051  0.031  0.026
 0.005 -0.045  0.033
-0.001 -0.035  0.020
 0.021  0.012  0.020
 0.045  0.013  0.014
-0.122 -0.066  0.007
-0.012 -0.091 -0.084
 0.006 -0.045 -0.048
-0.036 -0.062 -0.048
-0.027 -0.093 -0.047
 0.022 -0.060 -0.034
 0.003 -0.042 -0.019
 0.032  0.072  0.002
 0.049 -0.075 -0.042
-0.036 -0.208 -0.090
-0.057 -0.241 -0.097
-0.036 -0.230 -0.073
-0.134 -0.257 -0.046
-0.077 -0.232 -0.102
-0.068 -0.220 -0.112
 0.020 -0.102 -0.066
 0.030 -0.057 -0.045
-0.004 -0.077 -0.040
-0.063 -0.141 -0.039
-0.039 -0.123 -0.060
 0.026 -0.019 -0.016
-0.146 -0.065  0.028
-0.004 -0.038 -0.034
 0.044  0.037  0.006
 0.008 -0.020 -0.023
 0.072  0.043 -0.011
 0.059  0.032 -0.020
-0.007 -0.001 -0.023
 0.066  0.088  0.009
 0.082  0.073 -0.001
 0.060  0.069  0.000
 0.059  0.105  0.028
 0.060  0.077  0.030
 0.051  0.077  0.045
 0.015  0.041  0.024
 0.065  0.057  0.012
 0.062  0.037  0.003
 0.049  0.016 -0.017
-0.018  0.018  0.036
 0.074 -0.004 -0.033
 0.080  0.009 -0.015
 0.021 -0.022  0.008
 0.013 -0.027  0.004
 0.029 -0.009  0.011
 0.061  0.026  0.017
 0.015 -0.038 -0.022
 0.023 -0.013 -0.020
 0.075  0.034  0.001
 0.087  0.057  0.032
 0.011 -0.038 -0.021
 0.067  0.012  0.004
 0.064  0.014 -0.010
-0.010 -0.073 -0.075
 0.007  0.006 -0.027
 0.021  0.024 -0.028
 0.042  0.034  0.004
 0.012  0.096  0.112
 0.049  0.052  0.042
 0.138  0.133  0.103
 0.094  0.104  0.097
 0.092  0.176  0.119
 0.020  0.091  0.127
 0.134  0.134  0.124
 0.105  0.090  0.101
 0.128  0.211  0.123
 0.191  0.393  0.173
 0.289  0.460  0.191
 0.250  0.373  0.134
 0.226  0.369  0.145
 0.172  0.229  0.092
 0.270 -0.012  0.008
 0.276  0.001  0.077
 0.223  0.099  0.102
 0.179  0.192  0.072
 0.103  0.231 -0.004
 0.107  0.180 -0.023
