-0.323 -0.481 -0.096
-0.355 -0.474 -0.118
-0.344 -0.468 -0.100
-0.392 -0.462 -0.210
-0.371 -0.454 -0.217
-0.326 -0.448 -0.107
-0.355 -0.441 -0.253
-0.391 -0.434 -0.292
-0.444 -0.428 -0.393
-0.410 -0.421 -0.365
-0.446 -0.415 -0.392
-0.374 -0.409 -0.493
-0.419 -0.403 -0.735
-0.408 -0.397 -0.509
-0.424 -0.391 -0.412
-0.427 -0.385 -0.311
-0.428 -0.379 -0.616
-0.455 -0.373 -0.667
-0.385 -0.368 -0.560
-0.360 -0.362 -0.439
-0.336 -0.356 -0.305
-0.341 -0.352 -0.297
-0.279 -0.346 -0.193
-0.275 -0.341 -0.315
-0.376 -0.334 -0.647
-0.391 -0.328 -0.703
-0.273 -0.324 -0.369
-0.140 -0.320 -0.009
-0.178 -0.314  0.199
-0.312 -0.309 -0.341
-0.318 -0.304 -0.508
-0.237 -0.295 -0.354
-0.221 -0.293 -0.291
-0.195 -0.289 -0.216
-0.235 -0.286 -0.220
-0.227 -0.279 -0.259
-0.223 -0.268 -0.179
-0.189 -0.255 -0.134
-0.209 -0.252 -0.160
-0.157 -0.237 -0.053
-0.205 -0.242 -0.100
-0.158 -0.216 -0.038
-0.199 -0.236 -0.103
-0.152 -0.177 -0.003
-0.181 -0.215  0.014
-0.131 -0.176  0.097
-0.169 -0.225  0.007
-0.142 -0.193  0.043
-0.188 -0.226 -0.076
-0.155 -0.135 -0.086
-0.163 -0.173 -0.087
-0.107 -0.081 -0.031
-0.177 -0.195 -0.194
-0.176 -0.186 -0.173
-0.175 -0.180 -0.096
-0.203 -0.196 -0.242
-0.175 -0.089 -0.166
-0.142 -0.109  0.174
-0.035 -0.110  0.316
-0.061 -0.162  0.136
-0.094 -0.171 -0.167
-0.128 -0.147 -0.147
-0.088 -0.173  0.007
-0.043 -0.185  0.004
 0.025 -0.108  0.227
 0.021 -0.081  0.391
 0.003 -0.092  0.499
 0.026 -0.081  0.533
 0.034 -0.158  0.518
-0.020 -0.176  0.395
-0.022 -0.175  0.359
-0.032 -0.210  0.359
-0.012 -0.204  0.343
 0.007 -0.169  0.333
-0.005 -0.205  0.340
-0.161 -0.252  0.329
-0.039 -0.255  0.294
-0.055 -0.287  0.278
-0.073 -0.320  0.239
-0.029 -0.258  0.291
-0.018 -0.232  0.315
 0.026 -0.184  0.363
-0.037 -0.279  0.257
-0.039 -0.303  0.213
-0.171 -0.313  0.269
-0.059 -0.331  0.179
-0.212 -0.330  0.264
-0.057 -0.294  0.214
-0.118 -0.344  0.180
-0.090 -0.357  0.151
-0.116 -0.370  0.136
-0.078 -0.355  0.120
-0.075 -0.340  0.134
-0.064 -0.313  0.140
-0.070 -0.281  0.087
-0.091 -0.321  0.041
-0.065 -0.292  0.062
-0.104 -0.344  0.007
-0.050 -0.244  0.071
-0.065 -0.276  0.038
 0.006 -0.155  0.116
-0.031 -0.231 -0.001
-0.035 -0.270 -0.066
-0.034 -0.288 -0.022
-0.016 -0.274 -0.012
 0.004 -0.244  0.002
 0.038 -0.205  0.011
 0.075 -0.145  0.046
 0.039 -0.214  0.017
-0.095 -0.223  0.089
-0.000 -0.263 -0.015
-0.136 -0.256  0.054
-0.006 -0.239  0.002
-0.162 -0.285  0.014
-0.013 -0.257  0.007
-0.122 -0.328 -0.008
-0.042 -0.325 -0.067
-0.124 -0.358 -0.226
-0.060 -0.316 -0.282
-0.078 -0.323 -0.322
-0.075 -0.364 -0.382
-0.084 -0.374 -0.373
-0.112 -0.405 -0.395
-0.058 -0.302 -0.168
-0.078 -0.285 -0.126
-0.047 -0.231 -0.015
-0.089 -0.326 -0.111
-0.087 -0.345 -0.117
-0.096 -0.343 -0.114
-0.065 -0.294 -0.094
-0.210 -0.291 -0.010
-0.067 -0.296 -0.045
-0.241 -0.374 -0.040
-0.090 -0.334 -0.072
-0.213 -0.304  0.015
-0.048 -0.254 -0.023
-0.049 -0.167  0.081
-0.052 -0.261  0.006
-0.072 -0.297 -0.019
-0.076 -0.308 -0.064
-0.070 -0.283 -0.049
-0.040 -0.239 -0.005
-0.060 -0.258 -0.014
-0.058 -0.283 -0.028
-0.069 -0.302 -0.046
-0.063 -0.305 -0.060
-0.145 -0.250  0.017
-0.033 -0.226 -0.032
-0.013 -0.172 -0.007
-0.033 -0.215 -0.041
-0.035 -0.239 -0.068
-0.194 -0.275 -0.022
-0.067 -0.293 -0.108
-0.071 -0.278 -0.076
-0.054 -0.249 -0.077
-0.028 -0.195 -0.031
-0.029 -0.186 -0.012
-0.018 -0.185 -0.013
-0.053 -0.240 -0.055
-0.010 -0.173 -0.002
-0.042 -0.243 -0.046
 0.012 -0.143  0.008
-0.021 -0.190 -0.021
-0.012 -0.156  0.012
-0.161 -0.180  0.036
-0.054 -0.219 -0.037
-0.066 -0.229 -0.062
-0.072 -0.243 -0.089
-0.041 -0.187 -0.069
-0.049 -0.166 -0.053
 0.009 -0.053  0.054
-0.034 -0.132 -0.013
-0.032 -0.158 -0.045
-0.223 -0.231 -0.000
-0.057 -0.196 -0.063
-0.059 -0.179 -0.055
-0.045 -0.142 -0.025
 0.004 -0.037  0.048
-0.036 -0.105 -0.001
-0.037 -0.129 -0.008
-0.035 -0.073  0.033
-0.039 -0.150 -0.034
-0.115 -0.158 -0.001
-0.018 -0.094  0.008
-0.003 -0.062  0.051
-0.029 -0.094  0.023
-0.024 -0.088  0.016
-0.057 -0.144 -0.010
-0.026 -0.095  0.030
-0.074 -0.150 -0.071
-0.065 -0.122 -0.126
-0.075 -0.092 -0.130
-0.079 -0.107 -0.108
-0.019 -0.048 -0.036
-0.070 -0.147 -0.086
-0.056 -0.151 -0.069
-0.067 -0.160 -0.083
-0.072 -0.148 -0.108
-0.082 -0.130 -0.123
-0.058 -0.088 -0.091
-0.076 -0.112 -0.105
-0.072 -0.126 -0.130
-0.227 -0.188 -0.124
-0.086 -0.145 -0.151
-0.076 -0.114 -0.110
-0.075 -0.087 -0.109
-0.027 -0.019 -0.088
-0.053 -0.099 -0.126
-0.059 -0.123 -0.134
-0.048 -0.075 -0.098
-0.064 -0.106 -0.132
-0.036 -0.054 -0.073
-0.039 -0.052 -0.055
-0.019 -0.007 -0.031
-0.060 -0.101 -0.101
-0.056 -0.108 -0.095
-0.053 -0.094 -0.095
-0.026 -0.055 -0.089
-0.187 -0.073 -0.035
-0.015 -0.038 -0.087
-0.027 -0.066 -0.096
-0.035 -0.093 -0.108
-0.036 -0.091 -0.106
-0.045 -0.097 -0.127
-0.006 -0.037 -0.070
-0.020 -0.033 -0.059
 0.020  0.028 -0.022
-0.033 -0.048 -0.086
 0.018 -0.004 -0.032
-0.020 -0.070 -0.075
-0.019 -0.076 -0.100
-0.126 -0.105 -0.094
-0.011 -0.043 -0.081
 0.005 -0.014 -0.061
-0.033 -0.061 -0.091
-0.002 -0.015 -0.079
-0.040 -0.063 -0.100
-0.016 -0.037 -0.047
-0.166 -0.030  0.042
-0.005  0.023  0.004
 0.011  0.027  0.016
-0.022 -0.022 -0.029
 0.006  0.026  0.003
-0.024 -0.029 -0.054
-0.008  0.017 -0.031
-0.109  0.068  0.072
-0.008  0.043 -0.001
-0.021  0.007 -0.039
-0.038 -0.024 -0.044
 0.009  0.052  0.023
-0.020  0.004 -0.036
 0.014  0.084  0.010
 0.000  0.066  0.014
 0.008  0.030  0.001
-0.181 -0.035  0.030
-0.001 -0.013 -0.060
-0.028 -0.024 -0.073
 0.004  0.000 -0.065
 0.024  0.047 -0.027
 0.024  0.053 -0.014
 0.055  0.086  0.005
 0.015  0.014 -0.067
 0.023  0.010 -0.080
 0.014  0.063 -0.076
 0.009  0.003 -0.164
 0.038  0.047 -0.042
 0.038  0.074  0.042
 0.062  0.123  0.052
 0.038  0.115  0.096
 0.019  0.009 -0.009
 0.000 -0.013 -0.056
 0.010 -0.012 -0.000
 0.037  0.044  0.045
 0.028  0.058  0.058
 0.064  0.136  0.092
 0.027  0.048  0.008
 0.066  0.093  0.024
 0.019  0.011 -0.030
 0.027  0.030 -0.000
 0.010  0.029 -0.011
 0.004  0.044 -0.005
-0.055  0.003 -0.016
-0.052 -0.034 -0.046
-0.034 -0.007 -0.024
-0.072 -0.056 -0.057
-0.025  0.013 -0.002
-0.036 -0.007 -0.034
-0.034  0.024 -0.041
-0.192 -0.018 -0.038
-0.066  0.023 -0.078
-0.042  0.046 -0.092
-0.048  0.035 -0.081
 0.017  0.129  0.004
 0.016  0.119  0.001
 0.039  0.165  0.015
 0.015  0.172  0.020
 0.077  0.177  0.022
 0.116  0.223  0.053
 0.107  0.183  0.026
 0.123  0.200  0.060
 0.119  0.184  0.061
 0.110  0.152  0.023
 0.139  0.208  0.055
 0.106  0.159 -0.006
 0.109  0.188 -0.016
 0.045  0.178  0.030
 0.112  0.166  0.012
 0.139  0.184  0.003
 0.092  0.101 -0.068
 0.102  0.121 -0.034
-0.020  0.108  0.034
 0.106  0.169  0.035
 0.129  0.183  0.031
 0.085  0.104 -0.031
 0.085  0.089 -0.033
-0.002  0.138  0.057
 0.092  0.138 -0.004
 0.095  0.160 -0.002
 0.070  0.098 -0.066
 0.093  0.095 -0.037
 0.112  0.109 -0.000
 0.080  0.072 -0.006
 0.043  0.098  0.072
 0.100  0.136  0.066
 0.073  0.135  0.012
 0.040  0.080 -0.029
 0.035  0.048 -0.063
 0.018  0.025 -0.053
 0.018  0.034 -0.039
 0.031  0.059 -0.061
 0.028  0.085 -0.041
 0.037  0.062 -0.063
 0.007  0.031 -0.091
 0.022  0.008 -0.116
-0.067 -0.016 -0.062
 0.038  0.038 -0.055
-0.073  0.024 -0.035
 0.058  0.073 -0.030
 0.009  0.033 -0.042
 0.070  0.032 -0.045
 0.033  0.008 -0.031
 0.066  0.011 -0.104
 0.028  0.010 -0.047
 0.075  0.027 -0.054
 0.021  0.031 -0.020
 0.072  0.065 -0.027
 0.065  0.058 -0.026
 0.043  0.013 -0.081
 0.055  0.013 -0.066
 0.033 -0.022 -0.057
 0.055  0.010 -0.060
 0.024  0.005 -0.102
 0.066  0.107 -0.098
 0.025  0.039 -0.160
 0.061  0.068 -0.097
 0.030 -0.009 -0.105
 0.022 -0.031 -0.091
 0.007 -0.042 -0.098
 0.016 -0.016 -0.060
 0.009  0.007 -0.044
 0.023  0.009 -0.052
 0.014 -0.019 -0.070
 0.026 -0.025 -0.078
 0.028 -0.029 -0.067
 0.060  0.026 -0.022
 0.048  0.025 -0.024
 0.075  0.096  0.036
 0.026  0.025 -0.042
 0.012 -0.022 -0.140
 0.022  0.015 -0.102
 0.012 -0.063 -0.085
 0.025 -0.050 -0.050
 0.035 -0.030 -0.025
 0.077  0.066  0.017
 0.053  0.024 -0.031
 0.061  0.005 -0.044
-0.085 -0.013  0.013
 0.044 -0.034 -0.062
-0.031 -0.049 -0.054
 0.048  0.010 -0.026
 0.034  0.032  0.004
 0.012 -0.012 -0.062
 0.034 -0.011 -0.025
 0.018 -0.043 -0.041
 0.059  0.011  0.011
 0.028 -0.006  0.009
 0.075  0.122  0.132
 0.035  0.030  0.085
 0.031 -0.012  0.024
-0.040 -0.072 -0.032
-0.008 -0.080 -0.063
 0.008 -0.039 -0.043
-0.010 -0.022 -0.043
 0.047  0.078  0.031
 0.016 -0.046 -0.109
 0.043 -0.052 -0.086
 0.054 -0.036  0.003
 0.033 -0.046 -0.034
 0.064  0.016  0.045
 0.018 -0.009 -0.026
 0.032  0.034  0.007
 0.051  0.067  0.054
 0.001 -0.043 -0.013
-0.001 -0.059 -0.026
-0.016 -0.082 -0.056
 0.034  0.012  0.007
 0.012 -0.005 -0.027
 0.034  0.032 -0.010
-0.004  0.004  0.000
 0.020 -0.018 -0.012
 0.047  0.023  0.049
 0.010 -0.042  0.012
 0.044  0.018  0.049
 0.013 -0.003  0.040
 0.025  0.030  0.049
-0.007 -0.003  0.026
 0.004 -0.037 -0.015
 0.038 -0.002  0.012
 0.008 -0.060 -0.011
 0.033 -0.004  0.017
 0.051  0.039  0.035
 0.011  0.014  0.026
 0.048  0.026  0.060
 0.038 -0.012  0.064
 0.056 -0.009  0.031
-0.007 -0.095 -0.126
-0.006 -0.083 -0.111
-0.039 -0.016 -0.022
-0.013 -0.055 -0.055
-0.013 -0.069 -0.095
-0.024 -0.090 -0.130
 0.022 -0.022 -0.047
-0.017 -0.089 -0.072
 0.005 -0.041 -0.032
 0.010  0.045  0.044
-0.012 -0.025 -0.029
-0.011 -0.039 -0.038
-0.054 -0.104 -0.101
-0.027 -0.069 -0.065
-0.059 -0.126 -0.121
-0.033 -0.097 -0.095
-0.001 -0.005 -0.026
-0.031 -0.039 -0.041
-0.024 -0.020 -0.010
-0.033 -0.043 -0.020
 0.018  0.030  0.015
-0.024 -0.052 -0.037
-0.008 -0.049 -0.032
 0.033  0.010 -0.009
-0.012 -0.023 -0.028
-0.014 -0.008 -0.023
-0.009 -0.035 -0.073
 0.023 -0.013 -0.063
 0.001 -0.047 -0.061
 0.036  0.019 -0.017
 0.006 -0.041 -0.060
 0.052  0.035 -0.013
 0.043  0.043 -0.024
 0.042  0.032 -0.033
 0.052  0.012 -0.039
 0.018 -0.051 -0.099
 0.027 -0.043 -0.077
-0.028  0.003 -0.045
 0.029 -0.006 -0.076
 0.041  0.034 -0.002
 0.013  0.000 -0.032
 0.046  0.044 -0.011
-0.008 -0.053 -0.060
 0.034  0.008 -0.028
 0.003 -0.041 -0.056
 0.049  0.033  0.015
 0.024  0.035  0.030
 0.052  0.058  0.033
 0.005 -0.026 -0.018
 0.044  0.033  0.059
-0.017 -0.058 -0.031
-0.003 -0.013  0.018
-0.050  0.002  0.076
-0.006  0.013  0.060
 0.025  0.052  0.058
-0.007 -0.032  0.001
 0.015 -0.002 -0.009
 0.006  0.017  0.041
 0.008  0.033  0.018
 0.001  0.009 -0.003
-0.005 -0.014  0.019
-0.096 -0.063  0.030
-0.003 -0.015 -0.002
 0.010  0.023 -0.008
 0.023  0.060  0.101
 0.049  0.111  0.168
-0.005 -0.002  0.048
 0.011  0.001  0.059
-0.158 -0.025  0.059
 0.029  0.041  0.030
 0.022  0.074  0.027
 0.008  0.053  0.019
 0.022  0.054  0.038
 0.001  0.015  0.012
-0.006  0.011  0.014
-0.028  0.016  0.023
-0.004  0.047  0.022
 0.043  0.132  0.077
-0.005  0.039  0.003
-0.002  0.019 -0.015
-0.028  0.063  0.034
-0.014 -0.008 -0.062
-0.036  0.008 -0.074
-0.031  0.027 -0.029
 0.001  0.080  0.016
-0.032  0.016 -0.026
-0.014  0.015 -0.015
 0.023  0.075  0.035
 0.003  0.043  0.011
 0.013  0.066  0.037
 0.002  0.053  0.035
 0.042  0.109  0.117
-0.026 -0.010  0.016
-0.028 -0.020 -0.029
-0.138 -0.060 -0.023
-0.009  0.027  0.011
 0.046  0.110  0.088
 0.011  0.053  0.059
 0.017  0.028  0.041
-0.003  0.006  0.022
 0.024  0.000 -0.008
 0.046  0.058 -0.011
 0.044  0.073  0.044
 0.061  0.102  0.080
-0.024  0.025  0.013
 0.025  0.016  0.004
 0.034  0.033 -0.004
-0.010 -0.015 -0.048
 0.030  0.048 -0.008
-0.054  0.017  0.023
 0.030  0.024  0.018
 0.080  0.082  0.051
 0.045 -0.000 -0.016
 0.062  0.022 -0.019
 0.034  0.042 -0.000
 0.065  0.071  0.035
 0.080  0.118  0.076
 0.026  0.001 -0.015
 0.013 -0.026 -0.016
 0.012 -0.015  0.016
 0.007  0.008  0.020
 0.046  0.120  0.111
-0.059  0.072  0.132
 0.020  0.002  0.011
 0.065  0.031  0.056
 0.021 -0.033 -0.089
 0.035  0.003 -0.074
 0.006 -0.011 -0.066
 0.026  0.016  0.010
-0.003  0.004  0.036
 0.025 -0.002  0.017
 0.060  0.041  0.028
 0.022 -0.026 -0.011
 0.037  0.003 -0.001
 0.038  0.013  0.013
 0.066  0.048  0.049
 0.068  0.056  0.044
 0.054  0.016 -0.004
 0.072  0.036  0.003
 0.026 -0.040 -0.063
 0.042 -0.032 -0.073
 0.029 -0.012 -0.076
 0.064  0.030 -0.015
 0.104  0.098  0.058
 0.071  0.006  0.009
 0.079 -0.002  0.017
-0.096 -0.051  0.063
 0.093  0.013  0.019
 0.107  0.064  0.061
 0.087  0.041  0.034
 0.108  0.040  0.044
 0.094 -0.007  0.007
 0.084 -0.023  0.001
 0.054 -0.021  0.020
 0.100  0.028  0.053
 0.138  0.111  0.105
 0.105  0.041  0.060
 0.102 -0.006  0.001
 0.086 -0.026 -0.009
 0.079 -0.034 -0.009
 0.096  0.008  0.014
 0.074  0.011  0.022
 0.122  0.093  0.102
 0.073 -0.008  0.053
 0.074 -0.023  0.039
 0.050 -0.033  0.057
 0.088 -0.001  0.078
 0.097  0.046  0.054
 0.077  0.030 -0.008
 0.106  0.048  0.014
 0.083 -0.012  0.003
 0.070 -0.034  0.011
 0.041 -0.041 -0.047
 0.057 -0.007 -0.061
 0.112  0.089  0.032
 0.073 -0.001  0.014
 0.090  0.002  0.087
 0.067 -0.020  0.025
 0.053 -0.026  0.011
 0.094  0.060  0.068
 0.059  0.033  0.015
 0.071  0.034  0.010
-0.021  0.033  0.087
 0.074 -0.023 -0.015
 0.070 -0.035 -0.021
 0.067 -0.027 -0.016
 0.083  0.023  0.005
 0.075  0.013 -0.001
 0.099  0.034  0.004
 0.064 -0.022 -0.033
 0.075 -0.019 -0.039
-0.095 -0.059  0.031
 0.090  0.027  0.031
 0.100  0.074  0.045
 0.080  0.032 -0.012
 0.091  0.032  0.005
 0.062 -0.023 -0.023
 0.067 -0.024 -0.034
-0.005  0.031  0.061
 0.078  0.036  0.001
 0.083  0.055  0.009
 0.062  0.010 -0.004
 0.082  0.039  0.020
 0.033 -0.029 -0.041
 0.041 -0.007 -0.010
 0.064  0.092  0.069
 0.048  0.025  0.033
 0.058  0.004  0.023
 0.048 -0.021  0.016
 0.069  0.017  0.011
 0.034  0.003  0.033
 0.076  0.098  0.105
 0.040  0.027  0.070
 0.031  0.007  0.067
-0.140 -0.033  0.133
 0.013 -0.028  0.049
-0.067 -0.033  0.043
 0.029  0.040  0.056
 0.055  0.083  0.093
 0.034  0.026  0.024
 0.044  0.038  0.046
 0.007 -0.023 -0.062
 0.012 -0.017 -0.043
-0.104 -0.024  0.037
 0.021  0.048  0.028
 0.036  0.077  0.081
 0.009  0.026  0.035
 0.040  0.078  0.062
 0.002 -0.001  0.011
 0.026  0.051  0.052
 0.001  0.054  0.081
 0.006  0.065  0.085
-0.188 -0.021  0.093
-0.021 -0.002  0.053
-0.018 -0.011 -0.008
-0.011 -0.000  0.066
 0.038  0.092  0.152
 0.016  0.050  0.134
 0.003  0.010  0.016
-0.171 -0.067 -0.035
-0.031 -0.033 -0.014
-0.040 -0.035 -0.061
-0.029 -0.030 -0.052
-0.011  0.019 -0.057
-0.028  0.006 -0.057
 0.023  0.074  0.062
-0.036 -0.009 -0.013
-0.035 -0.014  0.018
-0.196 -0.038  0.085
-0.036 -0.018  0.017
-0.031  0.009  0.013
-0.035  0.029 -0.000
 0.005  0.112  0.079
-0.030  0.013 -0.005
-0.009  0.021  0.024
-0.066 -0.003  0.035
-0.025  0.003 -0.031
 0.009  0.053  0.055
 0.004  0.073  0.033
 0.043  0.139  0.129
-0.037  0.117  0.092
 0.005  0.034 -0.019
 0.016  0.033  0.008
 0.023  0.023  0.015
 0.060  0.085  0.059
 0.044  0.081  0.059
 0.069  0.122  0.087
-0.127  0.041  0.122
 0.037  0.048  0.038
 0.037  0.049  0.044
 0.017  0.022  0.024
 0.040  0.093  0.080
 0.015  0.044  0.048
 0.013  0.074  0.028
 0.047  0.110  0.081
 0.011  0.020  0.009
 0.010  0.011  0.027
 0.006 -0.008  0.005
 0.028  0.026  0.026
 0.007  0.028 -0.012
 0.044  0.094  0.047
 0.050  0.056  0.035
-0.046 -0.025 -0.057
 0.014 -0.003 -0.033
-0.003 -0.051 -0.083
 0.048  0.031  0.061
 0.017  0.015  0.051
 0.020  0.037  0.024
-0.139 -0.036  0.049
 0.003 -0.000 -0.016
 0.020  0.021  0.035
-0.014 -0.028 -0.033
 0.040  0.076  0.048
 0.003  0.029 -0.001
 0.008  0.049 -0.005
-0.026  0.013 -0.059
-0.036 -0.029 -0.085
-0.006  0.026 -0.027
-0.032 -0.044 -0.043
-0.002 -0.013 -0.063
-0.123  0.016  0.007
 0.007  0.041 -0.022
 0.034  0.063 -0.018
-0.016 -0.010 -0.090
-0.010 -0.021 -0.060
-0.154 -0.072 -0.027
-0.004 -0.013 -0.066
 0.012  0.026 -0.041
-0.011 -0.002 -0.077
-0.003 -0.007 -0.070
-0.008 -0.031 -0.079
-0.013 -0.042 -0.060
-0.191 -0.077 -0.014
 0.001 -0.020 -0.030
-0.028 -0.011 -0.042
-0.013 -0.007 -0.056
 0.015  0.010 -0.016
-0.018 -0.053 -0.072
-0.004 -0.045 -0.057
 0.023  0.008 -0.010
-0.005 -0.064 -0.067
 0.023 -0.011 -0.034
 0.023 -0.037 -0.072
-0.006 -0.053 -0.079
 0.026  0.025 -0.012
-0.004  0.005 -0.001
-0.000 -0.023 -0.011
-0.010 -0.040  0.016
-0.006 -0.054  0.029
 0.016 -0.014  0.035
-0.018 -0.037 -0.009
 0.007  0.025  0.049
-0.011  0.073  0.108
-0.016 -0.033  0.004
-0.008 -0.035 -0.010
-0.027 -0.070 -0.010
-0.000 -0.046 -0.004
-0.007 -0.064  0.011
 0.009 -0.035  0.005
-0.105 -0.050  0.028
 0.022  0.003  0.002
 0.044  0.020  0.008
 0.009 -0.044 -0.064
 0.031 -0.028 -0.015
-0.005 -0.066 -0.021
 0.001 -0.065 -0.012
 0.010 -0.052 -0.042
 0.007 -0.030 -0.116
 0.005 -0.001 -0.108
 0.024 -0.016 -0.054
 0.073  0.044  0.028
 0.033 -0.053 -0.052
 0.030 -0.073 -0.072
 0.022 -0.080 -0.074
 0.012 -0.073 -0.060
 0.055  0.025  0.015
 0.015 -0.039 -0.032
 0.030 -0.045 -0.037
-0.046 -0.083 -0.032
 0.003 -0.071 -0.050
 0.004 -0.061 -0.033
 0.009 -0.042 -0.024
 0.048  0.031  0.040
 0.013 -0.010  0.024
 0.005 -0.034 -0.028
-0.135 -0.059  0.039
-0.005 -0.080 -0.049
 0.005 -0.074 -0.018
 0.006 -0.068  0.011
 0.056  0.003  0.083
 0.054  0.009  0.096
 0.085  0.078  0.152
 0.033 -0.019  0.062
 0.047 -0.032  0.052
 0.051 -0.022  0.096
 0.052 -0.026  0.053
 0.049  0.005 -0.004
 0.043  0.012  0.001
 0.044  0.052 -0.071
-0.087 -0.017  0.018
 0.056  0.013 -0.037
 0.072  0.022  0.065
 0.031 -0.033  0.056
 0.075  0.026  0.151
 0.032 -0.038  0.088
 0.068  0.062  0.149
 0.028  0.011  0.107
 0.104  0.046  0.233
 0.117  0.085  0.257
 0.079 -0.025  0.129
 0.090  0.010  0.192
 0.075  0.022  0.220
 0.076  0.073  0.199
 0.065  0.004  0.162
 0.052 -0.031  0.131
 0.060 -0.036  0.131
 0.042 -0.053  0.104
 0.080  0.026  0.150
 0.047  0.014  0.113
 0.080  0.076  0.176
 0.055  0.013  0.145
 0.080  0.017  0.168
 0.060  0.005  0.115
 0.077 -0.031 -0.039
 0.053 -0.057 -0.198
-0.065 -0.144 -0.409
-0.038 -0.023 -0.239
-0.000 -0.036 -0.142
 0.073  0.012  0.184
 0.090  0.079  0.361
 0.044  0.061  0.317
-0.065  0.003 -0.073
-0.106 -0.036 -0.341
 0.016  0.090 -0.038
-0.022  0.007 -0.117
 0.003  0.008 -0.043
 0.008  0.013  0.036
-0.006 -0.009 -0.005
-0.018 -0.020 -0.017
 0.006  0.022  0.025
 0.050  0.116  0.048
 0.025  0.052 -0.055
 0.019  0.023 -0.193
-0.009 -0.023 -0.222
 0.002 -0.015 -0.171
 0.006 -0.001  0.044
 0.020  0.034  0.092
-0.040 -0.010  0.010
-0.005 -0.026 -0.050
 0.031  0.013  0.086
 0.007 -0.025  0.144
 0.007 -0.003  0.087
-0.006 -0.011  0.087
 0.026  0.030  0.110
-0.137 -0.027  0.119
-0.013 -0.012  0.028
-0.034 -0.039  0.057
-0.051 -0.067  0.044
-0.049 -0.069  0.048
-0.056 -0.067  0.032
-0.038 -0.024  0.056
-0.051 -0.032  0.053
-0.001  0.046  0.134
-0.051 -0.053  0.052
-0.044 -0.052  0.054
-0.180 -0.101  0.055
-0.031 -0.052  0.018
-0.026 -0.021  0.028
-0.032 -0.007  0.044
 0.018  0.062  0.109
-0.030 -0.031  0.043
-0.020 -0.043 -0.005
-0.127 -0.087  0.022
-0.022 -0.045 -0.005
-0.004 -0.012  0.007
 0.014  0.020  0.027
 0.050  0.054  0.054
 0.018 -0.000  0.005
 0.043  0.029  0.018
-0.007 -0.047 -0.042
 0.006 -0.047 -0.039
-0.085  0.009  0.065
 0.013  0.023  0.019
 0.030  0.052  0.043
 0.008 -0.005  0.026
-0.067  0.014  0.042
 0.007  0.552  0.485
 1.271  2.410  1.946
 2.751  3.876  3.776
 3.928  3.536  5.225
 4.912  3.266  6.439
 5.693  3.118  7.549
 6.471  2.984  8.226
 6.950  2.854  8.719
 7.193  2.729  8.910
 7.325  2.608  8.975
 7.434  2.491  9.044
 7.532  2.377  9.047
 7.565  2.268  9.004
 7.380  2.161  8.882
 7.327  2.059  8.566
 7.160  1.960  8.301
 6.793  1.864  7.905
 6.626  1.772  7.507
 6.397  1.683  7.164
 6.105  1.597  6.723
 5.812  1.514  6.357
 5.504  1.433  5.980
 5.173  1.356  5.554
 4.859  1.280  5.169
 4.526  1.208  4.700
 4.088  1.138  4.336
 3.914  1.071  3.972
 3.475  1.006  3.651
 3.311  0.943  3.204
 2.996  0.883  2.864
 2.692  0.824  2.523
 2.407  0.768  2.176
 2.091  0.714  1.792
 1.838  0.662  1.452
 1.576  0.612  1.178
 1.381  0.563  0.911
 1.201  0.517  0.868
 0.980  0.471  0.600
 0.740  0.428  0.321
 0.465  0.387  0.046
 0.247  0.347 -0.111
-0.070  0.309 -0.503
-0.281  0.271 -0.736
-0.597  0.236 -0.931
-0.786  0.202 -1.291
-1.186  0.170 -1.527
-1.227  0.138 -1.743
-1.528  0.108 -1.931
-1.644  0.079 -2.146
-1.825  0.052 -2.347
-2.005  0.025 -2.564
-2.190 -0.000 -2.710
-2.324 -0.024 -2.854
-2.477 -0.047 -3.000
-2.586 -0.070 -3.106
-2.676 -0.091 -3.220
-2.786 -0.112 -3.298
-2.875 -0.131 -3.452
-3.011 -0.149 -3.577
-3.095 -0.167 -3.676
-3.218 -0.184 -3.795
-3.299 -0.200 -3.921
-3.380 -0.215 -3.905
-3.429 -0.229 -3.789
-3.367 -0.244 -3.637
-3.360 -0.256 -3.625
-3.337 -0.269 -3.740
-3.458 -0.281 -3.995
-3.591 -0.292 -4.378
-3.653 -0.303 -4.272
-3.608 -0.313 -4.062
-3.767 -0.322 -3.958
-3.607 -0.331 -4.215
-3.555 -0.339 -4.164
-3.537 -0.347 -4.061
-3.520 -0.354 -3.963
-3.556 -0.361 -3.935
-3.522 -0.365 -3.889
-3.666 -0.430 -3.917
-3.507 -0.404 -4.031
-3.542 -0.384 -4.127
-3.535 -0.436 -4.093
-3.427 -0.447 -3.910
-3.363 -0.567 -3.657
-3.260 -0.569 -3.409
-3.284 -0.702 -3.344
-3.349 -0.885 -3.773
-3.284 -0.969 -3.804
-3.101 -0.940 -3.495
-3.188 -1.016 -3.483
-2.996 -1.071 -3.470
-2.951 -1.130 -3.398
-2.913 -1.195 -3.378
-2.824 -1.172 -3.262
-2.809 -1.236 -3.224
-2.757 -1.233 -3.108
-2.898 -1.374 -3.116
-2.769 -1.403 -3.234
-2.677 -1.364 -3.036
-2.577 -1.355 -2.752
-2.421 -1.277 -2.411
-2.350 -1.282 -2.314
-2.207 -1.208 -2.113
-2.109 -1.131 -1.956
-2.070 -1.216 -1.985
-2.023 -1.262 -2.050
-1.973 -1.291 -2.051
-1.911 -1.241 -1.875
-1.970 -1.369 -2.227
-1.906 -1.361 -2.332
-1.830 -1.315 -2.213
-1.686 -1.225 -1.961
-1.652 -1.270 -1.930
-1.590 -1.249 -1.904
-1.540 -1.261 -1.763
-1.456 -1.211 -1.625
-1.540 -1.227 -1.508
-1.371 -1.150 -1.495
-1.275 -1.091 -1.396
-1.253 -1.121 -1.364
-1.166 -1.089 -1.330
-1.116 -1.095 -1.299
-1.071 -1.091 -1.366
-1.055 -0.986 -1.189
-0.980 -1.009 -1.239
-0.947 -0.963 -1.173
-0.937 -0.958 -1.083
-0.790 -0.845 -0.719
-0.732 -0.868 -0.697
-0.669 -0.829 -0.620
-0.701 -0.827 -0.599
-0.597 -0.757 -0.547
-0.516 -0.656 -0.445
-0.550 -0.733 -0.529
-0.581 -0.778 -0.682
-0.636 -0.829 -0.845
-0.568 -0.795 -0.755
-0.483 -0.716 -0.599
-0.405 -0.646 -0.478
-0.332 -0.575 -0.399
-0.379 -0.644 -0.490
-0.353 -0.629 -0.502
-0.367 -0.543 -0.238
-0.267 -0.575 -0.293
-0.291 -0.608 -0.500
-0.192 -0.537 -0.426
-0.097 -0.406 -0.224
-0.116 -0.464 -0.194
-0.106 -0.490 -0.226
-0.198 -0.522 -0.196
-0.077 -0.486 -0.169
-0.059 -0.474 -0.162
-0.028 -0.456 -0.166
 0.017 -0.407 -0.103
 0.013 -0.421 -0.086
 0.049 -0.374 -0.068
 0.037 -0.412 -0.074
 0.100 -0.316  0.009
 0.098 -0.353  0.013
 0.133 -0.287  0.040
 0.160 -0.248  0.074
 0.146 -0.282  0.046
 0.148 -0.288  0.039
 0.142 -0.315  0.033
 0.172 -0.292  0.050
 0.155 -0.303  0.065
 0.175 -0.289  0.100
 0.133 -0.286  0.091
 0.218 -0.221  0.136
 0.253 -0.154  0.193
 0.245 -0.183  0.182
 0.259 -0.165  0.223
 0.140 -0.235  0.182
 0.099 -0.118  0.216
 0.094  0.096  0.307
 0.195  0.414  0.579
 0.389  0.762  1.193
 0.597  1.008  1.535
 0.751  1.183  1.688
 0.754  1.118  1.596
 0.802  1.139  1.616
 0.773  1.131  1.596
 0.854  1.142  1.497
 0.883  1.132  1.440
 0.882  1.067  1.380
 0.915  1.016  1.316
 0.891  0.891  1.210
 0.885  0.811  1.146
 0.850  0.799  1.136
 0.852  0.665  0.995
 0.827  0.608  0.940
 0.824  0.585  0.915
 0.800  0.566  0.890
 0.778  0.543  0.857
 0.745  0.484  0.851
 0.719  0.413  0.815
 0.748  0.459  0.875
 0.681  0.363  0.867
 0.594  0.278  0.656
 0.510  0.270  0.427
 0.524  0.216  0.287
 0.470  0.159  0.161
 0.404  0.058  0.028
 0.459  0.122  0.224
 0.465  0.071  0.419
 0.595  0.213  0.704
 0.539  0.130  0.575
 0.468  0.056  0.297
 0.340 -0.076  0.051
 0.397  0.044  0.284
 0.366 -0.022  0.309
 0.389  0.028  0.353
 0.362  0.019  0.369
 0.358  0.029  0.332
 0.302 -0.030  0.235
 0.252 -0.081  0.174
 0.270 -0.032  0.180
 0.241 -0.111  0.167
 0.294 -0.032  0.308
 0.268 -0.071  0.355
 0.344  0.049  0.529
 0.330 -0.022  0.432
 0.350 -0.014  0.423
 0.300 -0.088  0.327
 0.269 -0.133  0.179
 0.201 -0.195  0.064
 0.186 -0.191  0.041
 0.098 -0.126  0.155
 0.247 -0.076  0.242
 0.270 -0.059  0.278
 0.228 -0.116  0.230
 0.238 -0.075  0.251
 0.179 -0.172  0.158
 0.204 -0.122  0.179
 0.193 -0.140  0.175
 0.232 -0.065  0.235
 0.200 -0.081  0.218
 0.208 -0.089  0.210
 0.020 -0.145  0.255
 0.164 -0.135  0.187
 0.147 -0.144  0.191
 0.080 -0.174  0.207
 0.159 -0.051  0.242
 0.116 -0.118  0.183
 0.118 -0.132  0.167
 0.102 -0.145  0.153
 0.101 -0.156  0.140
 0.117 -0.126  0.143
 0.125 -0.125  0.149
 0.184 -0.018  0.198
 0.083 -0.141 -0.026
 0.082 -0.187 -0.019
 0.140 -0.126  0.151
 0.124 -0.123  0.198
-0.016 -0.181  0.109
 0.065 -0.150  0.105
 0.096 -0.098  0.204
 0.177 -0.039  0.278
 0.222  0.010  0.316
 0.163 -0.054  0.230
 0.174 -0.047  0.139
 0.142 -0.116  0.105
 0.163 -0.106  0.108
 0.020 -0.125  0.156
 0.162 -0.094  0.088
 0.120 -0.123 -0.041
 0.076 -0.158 -0.059
 0.089 -0.127 -0.031
 0.074 -0.184 -0.043
 0.067 -0.181 -0.076
 0.043 -0.210 -0.033
 0.110 -0.110  0.275
 0.031 -0.133  0.186
 0.004 -0.166 -0.147
-0.006 -0.197 -0.281
 0.045 -0.167 -0.305
 0.047 -0.163 -0.247
 0.030 -0.166 -0.172
 0.014 -0.194 -0.153
-0.003 -0.232 -0.185
 0.027 -0.165 -0.137
 0.019 -0.169 -0.130
 0.065 -0.113 -0.067
 0.045 -0.149 -0.070
 0.040 -0.151 -0.066
-0.076 -0.175 -0.001
 0.068 -0.129 -0.077
 0.071 -0.071  0.051
 0.063 -0.033  0.139
 0.092  0.016  0.113
-0.015 -0.157 -0.158
 0.006 -0.180 -0.271
 0.090 -0.116 -0.161
 0.136 -0.052  0.038
-0.014 -0.054  0.118
 0.108 -0.058 -0.091
 0.062 -0.088 -0.192
 0.001 -0.124 -0.187
 0.011 -0.061 -0.164
 0.044 -0.055  0.054
 0.086 -0.022  0.169
 0.064 -0.059  0.130
 0.091 -0.045  0.042
-0.015 -0.049  0.056
 0.107  0.005  0.020
 0.127  0.041  0.032
 0.073 -0.050 -0.055
 0.079 -0.058 -0.028
-0.086 -0.088  0.030
 0.077 -0.047 -0.033
 0.072 -0.025 -0.011
 0.076 -0.033 -0.017
 0.133  0.032 -0.009
 0.076 -0.046 -0.067
 0.072 -0.021 -0.021
 0.035 -0.065 -0.007
 0.101 -0.006  0.086
 0.101  0.013  0.174
 0.127  0.055  0.231
 0.141  0.052  0.316
 0.163  0.051  0.271
 0.138  0.004  0.111
 0.142  0.042  0.180
 0.040 -0.067 -0.034
 0.028 -0.098 -0.157
 0.010 -0.068 -0.111
 0.114  0.020  0.135
 0.149  0.122  0.391
 0.067 -0.013  0.234
 0.030 -0.076  0.098
 0.045 -0.026  0.231
 0.130  0.059  0.343
 0.162  0.138  0.340
 0.041 -0.017 -0.007
 0.019 -0.058 -0.156
-0.015 -0.082 -0.034
 0.046 -0.036  0.076
 0.042 -0.080  0.050
 0.038 -0.058 -0.102
 0.052 -0.035 -0.150
 0.093  0.074 -0.114
 0.052  0.004 -0.178
 0.060 -0.013 -0.158
 0.059 -0.016 -0.155
 0.037 -0.052 -0.165
 0.068  0.016 -0.105
 0.051 -0.037 -0.032
 0.047 -0.021 -0.092
-0.061 -0.032  0.062
 0.037 -0.026 -0.001
 0.066  0.024  0.041
-0.034 -0.076 -0.042
-0.012 -0.061 -0.046
-0.073 -0.153 -0.241
 0.063  0.023  0.057
 0.086  0.040  0.285
 0.180  0.139  0.386
 0.162  0.120  0.527
 0.136  0.077  0.373
-0.081 -0.019  0.284
 0.083  0.019  0.224
 0.087  0.048  0.260
 0.077  0.060  0.271
 0.097  0.123  0.273
 0.012  0.000  0.047
-0.015 -0.035 -0.028
-0.173 -0.054  0.081
 0.042 -0.015  0.047
 0.015 -0.036 -0.107
 0.016 -0.015 -0.058
 0.038  0.021 -0.067
 0.021 -0.023 -0.068
 0.059  0.023 -0.029
 0.058 -0.007 -0.023
 0.074  0.023  0.015
 0.041  0.007 -0.022
 0.030  0.030 -0.016
-0.127 -0.000  0.059
-0.007 -0.032 -0.144
-0.002 -0.015  0.005
-0.053 -0.046 -0.082
-0.020  0.018 -0.061
-0.002  0.027  0.207
 0.115  0.205  0.425
 0.116  0.207  0.581
 0.147  0.208  0.649
 0.065  0.120  0.565
-0.011  0.004  0.112
-0.077 -0.063 -0.221
-0.059 -0.028 -0.174
 0.045  0.161  0.243
 0.033  0.163  0.262
 0.026  0.161  0.307
-0.061  0.090  0.206
 0.008  0.070  0.201
 0.119  0.106  0.242
 0.135  0.131  0.454
 0.182  0.241  0.535
 0.074  0.188  0.518
-0.002  0.148  0.225
-0.061  0.050  0.020
 0.032  0.079  0.115
 0.056  0.108  0.104
 0.036  0.074  0.142
 0.097  0.165  0.226
 0.055  0.118  0.158
 0.055  0.132  0.120
 0.027  0.106  0.158
-0.041  0.014  0.147
 0.054  0.119  0.163
 0.011  0.044  0.074
 0.053  0.087  0.132
 0.056  0.087  0.128
 0.070  0.122  0.121
-0.014  0.079  0.081
 0.051  0.094  0.109
 0.077  0.123  0.136
 0.042  0.069  0.077
 0.088  0.143  0.120
 0.070  0.089  0.081
 0.093  0.127  0.086
-0.077  0.072  0.125
 0.095  0.077  0.037
 0.113  0.083  0.054
 0.092  0.051  0.040
 0.120  0.112  0.121
 0.085  0.045  0.087
 0.121  0.128  0.115
 0.092  0.094  0.081
 0.112  0.087  0.125
 0.085  0.048  0.105
 0.079  0.019  0.122
 0.093  0.056  0.154
 0.058 -0.001  0.074
 0.111  0.090  0.172
 0.073  0.041  0.058
 0.109  0.089  0.078
 0.091  0.066  0.064
 0.087  0.039  0.031
 0.118  0.066  0.158
 0.094  0.023  0.217
 0.132  0.123  0.361
 0.053  0.062  0.304
 0.079  0.123  0.512
 0.074  0.093  0.519
 0.122  0.043  0.346
 0.152  0.024  0.237
 0.095 -0.041 -0.063
 0.056 -0.064 -0.088
 0.097 -0.028  0.058
 0.127  0.067  0.160
 0.120  0.121  0.359
 0.112  0.167  0.312
 0.063  0.070  0.267
 0.067  0.037  0.193
 0.086  0.029  0.152
 0.070  0.022  0.182
 0.114  0.091  0.279
 0.116  0.079  0.283
 0.156  0.144  0.372
 0.047  0.145  0.410
 0.109  0.079  0.287
 0.074  0.055  0.243
 0.042  0.023  0.158
 0.054  0.028  0.154
 0.036  0.011  0.094
 0.065  0.054  0.156
 0.056  0.049  0.144
 0.070  0.106  0.189
 0.035  0.030  0.105
 0.049  0.042  0.131
 0.053  0.039  0.190
 0.045  0.037  0.184
 0.049  0.045  0.181
 0.048  0.060  0.164
-0.171 -0.016  0.112
-0.007 -0.002  0.057
 0.013 -0.002  0.010
-0.007 -0.045 -0.019
 0.032  0.048  0.092
-0.012 -0.000  0.018
-0.028 -0.006  0.014
-0.030 -0.040 -0.026
-0.030 -0.046 -0.016
-0.036 -0.034 -0.015
-0.050 -0.052 -0.033
-0.049 -0.081 -0.006
-0.007 -0.053  0.006
-0.082 -0.063 -0.009
-0.012 -0.023 -0.011
 0.004  0.023  0.041
-0.217 -0.096  0.027
-0.042 -0.066 -0.023
 0.025 -0.005  0.076
 0.014 -0.014  0.075
 0.011  0.026  0.069
-0.043  0.013  0.032
-0.005 -0.009 -0.016
 0.035  0.057  0.073
-0.012 -0.037  0.009
-0.002 -0.037 -0.002
-0.152 -0.057  0.038
 0.012 -0.000 -0.043
 0.032  0.050 -0.042
 0.034  0.030  0.008
 0.057  0.039  0.072
 0.023  0.002  0.040
 0.014 -0.011  0.020
-0.038  0.023  0.031
-0.021 -0.037 -0.055
-0.111 -0.064 -0.072
-0.009 -0.024 -0.090
-0.011 -0.034 -0.084
-0.023 -0.067 -0.139
-0.041 -0.081 -0.145
-0.053 -0.093 -0.126
-0.028 -0.040 -0.064
-0.047 -0.090 -0.188
-0.037 -0.005 -0.103
-0.015  0.094  0.182
-0.002  0.031  0.168
 0.051  0.032  0.048
 0.059 -0.010  0.058
 0.088  0.032 -0.005
 0.049 -0.065 -0.175
 0.050 -0.040 -0.277
 0.044 -0.029 -0.133
 0.067 -0.009 -0.135
-0.021 -0.081 -0.249
-0.018 -0.039 -0.140
-0.040 -0.061 -0.155
-0.023 -0.045 -0.166
-0.024 -0.046 -0.155
 0.035  0.067  0.022
 0.006  0.023 -0.019
 0.009  0.016 -0.008
-0.166 -0.038  0.067
-0.000 -0.003  0.024
-0.010 -0.003  0.043
 0.006 -0.003  0.032
 0.011  0.017  0.038
 0.019  0.030  0.056
 0.048  0.077  0.098
 0.020 -0.002  0.028
 0.073  0.044  0.115
 0.026  0.011  0.053
 0.059  0.025  0.099
 0.091  0.047  0.071
 0.102  0.043  0.003
-0.030  0.044 -0.044
 0.058  0.005 -0.228
 0.050 -0.006 -0.195
 0.027 -0.041 -0.196
 0.038 -0.021 -0.059
 0.003 -0.056 -0.134
 0.007 -0.020 -0.170
-0.014 -0.022 -0.148
 0.063  0.061  0.010
 0.053  0.007  0.033
 0.073  0.014  0.077
 0.017 -0.020  0.060
 0.055  0.005  0.144
 0.028 -0.004  0.004
 0.004 -0.016 -0.082
 0.053  0.072 -0.015
 0.010 -0.036 -0.094
 0.015 -0.043 -0.098
-0.068 -0.014 -0.036
 0.011 -0.049 -0.132
-0.066 -0.050 -0.026
 0.058  0.038  0.137
 0.060  0.075  0.209
-0.000  0.002  0.016
 0.042  0.026 -0.032
 0.025 -0.023  0.054
 0.023 -0.030  0.038
 0.043  0.053  0.174
 0.043  0.003  0.069
-0.084 -0.026  0.065
 0.031  0.015  0.041
 0.032  0.011  0.020
 0.014 -0.020 -0.015
 0.027 -0.007 -0.007
-0.005 -0.047 -0.065
 0.027 -0.005 -0.078
 0.015 -0.005 -0.105
 0.061  0.069  0.002
-0.002 -0.055 -0.088
-0.016 -0.086 -0.173
-0.199 -0.148 -0.160
-0.017 -0.046  0.099
 0.034  0.006  0.160
 0.074 -0.005 -0.034
 0.086  0.042  0.024
 0.014 -0.076 -0.272
-0.054 -0.147 -0.662
-0.225 -0.168 -0.400
-0.015 -0.131 -0.334
-0.128 -0.143 -0.178
-0.022 -0.068 -0.094
-0.012 -0.024 -0.016
-0.002 -0.012 -0.019
 0.017  0.006  0.043
-0.008 -0.031 -0.002
 0.030  0.045  0.061
-0.004 -0.017 -0.018
 0.026  0.036  0.009
-0.000  0.020  0.048
 0.015  0.019  0.064
-0.027 -0.007  0.071
-0.004 -0.012  0.051
-0.163 -0.053  0.102
 0.013 -0.008  0.062
 0.063  0.074  0.103
 0.033  0.039  0.067
-0.033  0.037  0.075
 0.032  0.048  0.068
 0.056  0.076  0.085
 0.021  0.024  0.061
 0.028  0.024  0.051
 0.018  0.016  0.039
 0.028  0.035  0.042
-0.056  0.020  0.051
 0.022  0.047  0.039
 0.040  0.057  0.042
 0.027  0.029  0.013
-0.057  0.003  0.031
 0.023  0.023  0.010
 0.020  0.025  0.005
 0.013  0.032 -0.001
-0.013  0.027  0.019
-0.006  0.017  0.025
-0.069  0.043  0.104
-0.014 -0.033  0.005
-0.017 -0.038 -0.026
-0.007 -0.036 -0.023
 0.034  0.029  0.029
 0.018  0.018  0.024
 0.052  0.086  0.069
-0.069  0.061  0.108
 0.032  0.013  0.010
 0.013 -0.002  0.012
-0.010 -0.035  0.001
-0.077  0.006  0.043
 0.017 -0.017 -0.046
-0.004 -0.013 -0.086
 0.013 -0.003 -0.090
-0.033 -0.048 -0.214
-0.034 -0.068 -0.253
-0.026 -0.094 -0.319
 0.005 -0.056 -0.194
 0.029  0.006 -0.067
 0.019 -0.004 -0.071
 0.001 -0.008 -0.079
-0.168 -0.062 -0.005
 0.016  0.003  0.020
 0.052  0.046  0.069
 0.018  0.041  0.063
 0.057  0.088  0.090
-0.012  0.043  0.098
 0.092  0.068  0.112
 0.090  0.061  0.076
 0.021 -0.020 -0.062
 0.049 -0.027 -0.306
 0.047 -0.060 -0.356
-0.012 -0.043 -0.623
-0.026 -0.119 -0.635
 0.019 -0.096 -0.375
 0.024 -0.061 -0.127
 0.046 -0.045 -0.048
 0.058 -0.048 -0.058
-0.031 -0.116 -0.131
 0.009 -0.096 -0.131
 0.039 -0.035 -0.066
 0.026 -0.026 -0.033
 0.042 -0.006  0.023
-0.006 -0.074 -0.086
-0.021 -0.113 -0.145
 0.008 -0.066 -0.233
-0.023 -0.131 -0.302
 0.011 -0.045 -0.142
 0.063  0.016 -0.041
 0.028 -0.048 -0.080
 0.012 -0.070 -0.096
-0.028 -0.115 -0.116
 0.003 -0.050 -0.097
-0.006 -0.033 -0.067
 0.054  0.080  0.019
 0.031 -0.008 -0.049
 0.027 -0.036 -0.058
 0.021 -0.035 -0.012
 0.060  0.026  0.150
 0.072  0.100  0.259
 0.066  0.097  0.280
 0.087  0.119  0.380
 0.071  0.104  0.349
 0.001 -0.014  0.121
-0.101 -0.066  0.073
 0.017  0.003  0.041
 0.009  0.047  0.006
 0.002  0.059  0.079
 0.020  0.066  0.162
 0.063  0.097  0.198
 0.054  0.077  0.255
-0.004  0.108  0.296
-0.027 -0.006  0.078
 0.005  0.083  0.126
-0.013  0.043  0.106
-0.021  0.031  0.073
-0.026 -0.015 -0.074
-0.014  0.070  0.056
-0.034  0.022  0.237
 0.034  0.072  0.284
 0.038  0.075  0.170
 0.065  0.077  0.128
 0.101  0.129  0.170
 0.056  0.010 -0.110
 0.052 -0.005 -0.297
-0.010 -0.036 -0.330
-0.023 -0.053 -0.242
 0.016 -0.028 -0.202
 0.010 -0.027 -0.130
 0.026  0.015 -0.145
-0.036 -0.063 -0.202
-0.058 -0.061 -0.239
-0.047 -0.068 -0.314
 0.034 -0.008 -0.192
 0.071  0.067  0.177
 0.021  0.040  0.237
-0.169 -0.007  0.157
-0.006  0.060  0.120
 0.002  0.081  0.212
 0.026  0.071  0.214
 0.057  0.128  0.256
 0.009  0.033  0.168
 0.019  0.044  0.136
 0.017  0.048  0.079
 0.014  0.066  0.087
-0.064  0.020 -0.000
-0.060 -0.005 -0.040
-0.030  0.021  0.021
-0.056 -0.029 -0.028
 0.039  0.053  0.035
 0.060  0.046  0.138
 0.069  0.110  0.119
 0.039  0.037 -0.115
 0.041  0.010 -0.250
 0.027 -0.051 -0.263
-0.000 -0.084 -0.270
-0.034 -0.088 -0.187
-0.023 -0.060 -0.101
-0.026 -0.020 -0.021
-0.049 -0.029  0.014
-0.009  0.026  0.172
-0.037 -0.046  0.129
-0.025 -0.053  0.129
-0.027 -0.060  0.130
-0.002 -0.030  0.152
-0.067  0.029  0.214
 0.009 -0.021  0.086
-0.011 -0.035  0.048
-0.058 -0.061  0.116
-0.035 -0.038 -0.006
-0.053 -0.126 -0.295
 0.009 -0.021 -0.089
-0.150 -0.032  0.113
-0.041  0.006  0.151
 0.030  0.063  0.155
-0.038 -0.053 -0.175
-0.001 -0.032 -0.423
-0.063 -0.127 -0.341
-0.025  0.004 -0.012
-0.046 -0.058 -0.010
 0.013 -0.002 -0.003
-0.041 -0.101 -0.083
-0.039 -0.106 -0.089
-0.211 -0.153 -0.100
 0.009 -0.039 -0.023
 0.028  0.036  0.073
-0.000  0.027  0.159
 0.040  0.058  0.270
 0.017  0.024  0.192
-0.022 -0.023  0.187
-0.007  0.003  0.203
-0.046 -0.064  0.119
-0.029 -0.045  0.164
-0.027 -0.048  0.176
-0.030 -0.017  0.111
-0.068 -0.057 -0.081
-0.037 -0.009 -0.128
-0.109 -0.126 -0.196
-0.070 -0.132 -0.194
-0.209 -0.153 -0.200
-0.007 -0.102 -0.392
 0.005 -0.074 -0.353
-0.004 -0.074 -0.174
 0.029 -0.005  0.021
-0.036 -0.110 -0.125
-0.080 -0.143 -0.312
-0.068 -0.109 -0.229
-0.009 -0.017 -0.106
-0.031 -0.027 -0.072
-0.001 -0.010 -0.197
-0.020 -0.069 -0.187
 0.001 -0.066 -0.221
 0.006 -0.043 -0.070
 0.007 -0.032 -0.022
 0.042  0.027  0.110
 0.017  0.029  0.212
-0.052  0.024  0.253
 0.017  0.069  0.320
 0.043  0.104  0.315
-0.005  0.015  0.227
 0.009  0.018  0.228
 0.033  0.023  0.274
 0.086  0.065  0.331
 0.033  0.036  0.227
 0.043  0.092  0.126
 0.015  0.037 -0.002
 0.064  0.063  0.121
 0.088  0.136  0.356
-0.015  0.026  0.282
-0.237 -0.072  0.166
-0.129 -0.090 -0.147
-0.196 -0.131 -0.137
-0.098 -0.093 -0.143
-0.131 -0.085 -0.195
-0.082 -0.019 -0.030
-0.049  0.052  0.126
-0.099 -0.018 -0.025
-0.071  0.005 -0.073
-0.098 -0.012 -0.189
-0.097  0.011 -0.136
-0.263 -0.025 -0.039
-0.094  0.038  0.033
-0.095  0.077  0.141
-0.106  0.042  0.080
-0.065  0.060 -0.137
-0.077 -0.009 -0.156
-0.051  0.000 -0.145
-0.020  0.048 -0.022
-0.040  0.048 -0.031
-0.147  0.031 -0.050
-0.053  0.073 -0.064
-0.011  0.110 -0.020
-0.044  0.034 -0.040
-0.033  0.030 -0.032
-0.021  0.038  0.002
 0.018  0.070  0.142
 0.060  0.104  0.133
 0.102  0.164  0.259
-0.086  0.074  0.118
 0.068  0.075  0.002
 0.049  0.089  0.024
-0.053  0.027  0.028
-0.053  0.108  0.218
-0.045  0.035  0.122
 0.026  0.146  0.349
 0.100  0.114  0.082
 0.126  0.170 -0.252
 0.021  0.017 -0.380
 0.050  0.060 -0.067
-0.127 -0.009  0.018
 0.014  0.015 -0.074
-0.052 -0.014 -0.060
 0.008  0.001 -0.032
-0.152 -0.045 -0.016
-0.004  0.003 -0.046
-0.048 -0.033 -0.089
-0.034 -0.051 -0.115
-0.031 -0.044 -0.110
-0.038 -0.063 -0.137
 0.015  0.022 -0.114
-0.002  0.002 -0.060
 0.041  0.103  0.063
 0.029  0.041  0.123
-0.002 -0.012  0.028
-0.020 -0.026  0.069
-0.040 -0.029  0.205
-0.049 -0.015  0.281
-0.026  0.007  0.236
 0.011  0.066  0.295
 0.023  0.058  0.158
 0.120  0.144  0.085
 0.058 -0.001 -0.293
 0.040 -0.024 -0.160
 0.016 -0.041 -0.040
 0.036 -0.014  0.003
 0.015 -0.017  0.043
 0.030  0.011  0.103
-0.125 -0.012  0.094
-0.006 -0.036  0.036
-0.006 -0.041  0.053
 0.009 -0.038  0.040
 0.049  0.022  0.060
 0.047  0.013  0.098
 0.105  0.117  0.193
 0.085  0.074  0.173
 0.097  0.094  0.206
 0.040  0.003  0.082
 0.038 -0.019  0.079
-0.141 -0.070  0.153
 0.029 -0.039  0.092
-0.047 -0.051  0.097
 0.035 -0.003  0.065
 0.051  0.025  0.086
 0.045  0.001  0.070
 0.052  0.003  0.076
 0.041 -0.021  0.076
 0.063  0.007  0.120
 0.047 -0.004  0.131
 0.069  0.042  0.153
 0.048 -0.005  0.087
 0.095  0.062  0.128
 0.045 -0.043  0.033
 0.067 -0.031  0.035
 0.066 -0.030  0.020
 0.090  0.007  0.052
-0.074 -0.016  0.127
 0.092  0.042  0.121
 0.100  0.038  0.062
 0.073 -0.016 -0.044
 0.097  0.030  0.027
 0.053 -0.030 -0.054
 0.060 -0.012 -0.080
 0.055 -0.007 -0.098
 0.084  0.033 -0.041
 0.054  0.033  0.016
 0.089  0.022 -0.020
 0.110  0.034 -0.085
 0.092 -0.006 -0.109
 0.114  0.028 -0.086
 0.084 -0.010 -0.137
 0.108  0.036 -0.154
 0.079 -0.007 -0.177
 0.125  0.082 -0.053
 0.075 -0.015 -0.119
 0.096  0.003 -0.127
 0.074 -0.017 -0.171
 0.073 -0.006 -0.141
 0.100  0.027 -0.094
 0.071  0.009 -0.161
 0.032 -0.020 -0.246
 0.031 -0.053 -0.330
 0.024 -0.052 -0.297
 0.006 -0.075 -0.262
 0.010 -0.065 -0.210
 0.013 -0.056 -0.181
 0.018 -0.015 -0.131
 0.025 -0.000 -0.114
 0.021  0.005 -0.071
-0.022 -0.039 -0.058
-0.006  0.024  0.005
-0.048 -0.059  0.016
-0.009  0.003  0.016
-0.045 -0.052 -0.124
-0.032 -0.019 -0.225
-0.016  0.061 -0.064
-0.002  0.003 -0.033
-0.089 -0.049 -0.010
-0.085 -0.039  0.138
-0.024  0.042  0.212
 0.001  0.061  0.181
 0.016  0.107  0.102
-0.028 -0.034 -0.257
-0.021 -0.044 -0.456
-0.059 -0.086 -0.507
-0.052 -0.079 -0.340
-0.052  0.002 -0.148
-0.049 -0.048 -0.098
-0.056 -0.020  0.001
-0.057 -0.027  0.025
-0.010  0.043  0.137
-0.040 -0.038 -0.018
-0.028 -0.020  0.036
-0.026 -0.035 -0.026
-0.008 -0.024 -0.164
 0.005 -0.001 -0.218
 0.051  0.027 -0.232
-0.023 -0.013 -0.204
 0.010 -0.031 -0.269
 0.007 -0.043 -0.286
-0.007 -0.062 -0.276
 0.031 -0.001 -0.177
 0.014 -0.008 -0.144
 0.042  0.072 -0.075
-0.000 -0.032 -0.184
-0.017 -0.069 -0.259
-0.031 -0.083 -0.263
-0.030 -0.085 -0.303
-0.053 -0.110 -0.381
-0.029 -0.086 -0.355
-0.155 -0.105 -0.255
-0.005 -0.033 -0.188
 0.037  0.011 -0.131
-0.004 -0.057 -0.209
 0.008 -0.035 -0.177
-0.008 -0.070 -0.141
 0.013 -0.037 -0.066
 0.001 -0.026 -0.050
-0.006 -0.046 -0.128
-0.008 -0.047 -0.244
 0.015 -0.034 -0.254
 0.063  0.070  0.305
-0.008  0.034  0.418
 0.019  0.086  0.420
-0.012  0.059  0.409
 0.028  0.133  0.501
-0.025  0.024  0.416
-0.035 -0.035  0.164
-0.200 -0.083  0.186
-0.048 -0.053  0.153
-0.152 -0.032  0.349
 0.008  0.053  0.360
 0.016  0.082  0.369
 0.008  0.042  0.324
 0.063  0.098  0.334
 0.058  0.030  0.243
 0.092  0.048  0.188
 0.093  0.043  0.057
 0.084  0.053 -0.000
 0.080  0.044 -0.086
 0.051 -0.032 -0.368
 0.082  0.014 -0.355
 0.043 -0.039 -0.376
 0.076  0.035 -0.346
 0.033 -0.033 -0.439
 0.089  0.069 -0.190
 0.070  0.037 -0.129
 0.036 -0.035 -0.132
-0.081 -0.117 -0.089
-0.088 -0.131  0.007
-0.185 -0.151  0.118
-0.059 -0.046  0.313
-0.022  0.013  0.305
-0.031 -0.036  0.132
 0.021 -0.022  0.068
 0.050 -0.032 -0.020
 0.060 -0.023  0.001
 0.078  0.042  0.221
-0.006  0.016  0.256
 0.001  0.042  0.339
 0.010  0.044  0.339
-0.007  0.022  0.365
-0.002  0.029  0.355
-0.015  0.018  0.348
-0.035  0.015  0.345
-0.162  0.036  0.475
 0.012  0.108  0.446
-0.004  0.089  0.369
-0.031  0.016  0.284
-0.012  0.035  0.279
-0.032  0.001  0.267
-0.011  0.003  0.206
-0.087  0.035  0.271
-0.006 -0.006  0.203
-0.003  0.019  0.180
-0.023 -0.008  0.180
-0.024 -0.002  0.195
-0.022  0.017  0.174
-0.020  0.028  0.176
 0.002  0.113  0.274
-0.047 -0.007  0.131
-0.056 -0.045  0.077
-0.067 -0.052  0.057
-0.053 -0.056  0.023
-0.031 -0.019  0.051
-0.037 -0.014  0.080
 0.031  0.121  0.205
 0.017  0.037  0.174
 0.023  0.021  0.125
 0.017  0.007  0.094
 0.012 -0.026  0.065
 0.053  0.019  0.146
 0.051  0.025  0.127
 0.089  0.125  0.122
 0.118  0.057 -0.103
 0.048 -0.057 -0.233
-0.008 -0.091 -0.172
-0.056 -0.116 -0.146
-0.052 -0.056 -0.056
-0.063 -0.052  0.003
-0.023  0.051  0.096
-0.083 -0.088 -0.134
-0.010 -0.075 -0.145
 0.024 -0.057 -0.249
 0.036 -0.031 -0.175
 0.038  0.015  0.020
-0.008 -0.022  0.031
 0.030  0.031  0.110
 0.025  0.056  0.124
 0.061  0.168  0.259
-0.008  0.033  0.184
-0.034 -0.014  0.123
-0.047 -0.028  0.120
-0.037 -0.038  0.091
-0.005  0.003  0.103
-0.016 -0.001  0.077
 0.023  0.106  0.146
-0.001  0.102  0.158
 0.013  0.033  0.128
 0.013  0.038  0.157
-0.009  0.001  0.064
-0.012 -0.013 -0.008
-0.038 -0.052 -0.119
-0.068 -0.046 -0.098
-0.036 -0.013 -0.077
-0.029 -0.007 -0.088
-0.042 -0.043 -0.175
-0.036 -0.040 -0.167
-0.061 -0.082 -0.122
-0.010  0.008 -0.030
-0.040 -0.059 -0.117
 0.007  0.019 -0.047
 0.002  0.026 -0.016
 0.007  0.023  0.004
-0.011 -0.002  0.034
-0.044 -0.045 -0.007
-0.021 -0.020  0.024
-0.042 -0.047  0.033
-0.039 -0.051 -0.070
-0.030 -0.039 -0.134
-0.015  0.010 -0.058
 0.002  0.029 -0.065
 0.043  0.067 -0.035
 0.023  0.025  0.022
 0.011 -0.007 -0.001
-0.082 -0.028 -0.056
-0.046 -0.136 -0.263
-0.127 -0.158 -0.224
-0.006 -0.094 -0.182
 0.010 -0.034 -0.098
 0.008 -0.020 -0.033
 0.048  0.021 -0.024
 0.003 -0.059 -0.104
 0.039 -0.014 -0.140
-0.004 -0.079 -0.235
 0.029  0.006 -0.219
-0.012 -0.066 -0.280
 0.027  0.013 -0.125
 0.001 -0.046 -0.086
 0.040 -0.034 -0.326
 0.028 -0.071 -0.508
 0.108  0.090 -0.218
 0.029  0.047  0.157
-0.004  0.055  0.242
-0.028  0.052  0.242
-0.031  0.032  0.157
-0.055 -0.040 -0.092
-0.075 -0.087 -0.155
-0.035 -0.027 -0.092
-0.062 -0.082 -0.070
-0.042 -0.038 -0.061
-0.044 -0.047 -0.086
-0.038 -0.023 -0.018
-0.023 -0.024  0.002
-0.029 -0.037 -0.076
-0.048 -0.068 -0.169
-0.019 -0.040 -0.121
-0.031 -0.036 -0.098
-0.015  0.022 -0.015
-0.093 -0.045 -0.029
 0.006 -0.017  0.031
 0.064  0.050  0.135
 0.044 -0.003  0.069
 0.083  0.075  0.105
 0.062  0.061  0.123
 0.077  0.120  0.100
 0.032  0.024  0.011
 0.052  0.049  0.167
 0.032  0.048  0.260
 0.037  0.054  0.267
 0.043  0.068  0.276
 0.080  0.082  0.204
 0.082  0.092  0.094
 0.104  0.095  0.001
-0.046  0.008 -0.066
 0.052  0.024 -0.082
 0.054  0.030 -0.024
 0.028 -0.006 -0.021
 0.065  0.064  0.088
 0.060  0.038  0.109
 0.022 -0.056 -0.408
 0.035 -0.059 -0.479
 0.015 -0.121 -0.186
-0.189 -0.169 -0.068
-0.046 -0.171 -0.334
-0.061 -0.156 -0.391
-0.067 -0.145 -0.471
-0.090 -0.176 -0.601
-0.035 -0.110 -0.536
-0.021 -0.050 -0.128
-0.019 -0.054 -0.152
-0.024 -0.040 -0.162
-0.006 -0.004 -0.128
-0.017 -0.014 -0.125
-0.008 -0.016 -0.122
-0.179 -0.066 -0.127
-0.011 -0.048 -0.167
 0.009 -0.025 -0.156
-0.002 -0.037 -0.221
 0.051  0.095 -0.043
 0.003  0.043  0.000
 0.025  0.050  0.038
 0.013  0.054  0.087
 0.055  0.046  0.066
 0.055  0.020  0.015
 0.035 -0.016 -0.087
 0.043  0.029 -0.073
 0.004  0.016 -0.143
 0.047  0.151  0.176
 0.045  0.159  0.436
 0.038  0.160  0.471
 0.039  0.160  0.430
 0.042  0.171  0.414
 0.075  0.270  0.496
 0.053  0.231  0.450
 0.076  0.221  0.407
 0.083  0.201  0.377
 0.055  0.142  0.327
 0.058  0.167  0.274
 0.018  0.085  0.088
 0.029  0.111  0.113
-0.084  0.020  0.071
-0.060 -0.015 -0.033
-0.001  0.049  0.076
-0.039 -0.029 -0.022
-0.010  0.016 -0.013
-0.047 -0.035 -0.023
-0.026  0.025  0.026
 0.066  0.122  0.010
 0.036  0.096 -0.064
 0.043  0.078 -0.076
 0.012 -0.007 -0.158
 0.012 -0.029 -0.179
-0.153 -0.040 -0.121
 0.038  0.037 -0.129
 0.047  0.134 -0.066
 0.120  0.258  0.078
 0.194  0.375  0.197
 0.227  0.407  0.292
 0.339  0.566  0.474
 0.338  0.536  0.494
 0.375  0.577  0.485
 0.374  0.553  0.362
 0.379  0.580  0.442
 0.404  0.588  0.437
 0.409  0.525  0.306
 0.262  0.444  0.249
 0.411  0.514  0.433
 0.379  0.524  0.549
 0.366  0.494  0.569
 0.413  0.492  0.376
 0.370  0.407  0.154
 0.361  0.446  0.389
 0.295  0.357  0.549
 0.286  0.338  0.500
 0.267  0.340  0.449
 0.215  0.293  0.452
 0.071  0.246  0.394
 0.183  0.272  0.394
 0.181  0.272  0.427
 0.182  0.267  0.430
 0.203  0.319  0.445
 0.148  0.190  0.329
 0.146  0.159  0.290
 0.134  0.135  0.268
 0.084  0.083  0.213
-0.107  0.008  0.171
 0.031  0.054  0.154
 0.016  0.046  0.131
-0.013 -0.008  0.106
-0.016 -0.007  0.127
-0.035 -0.065  0.027
-0.057 -0.097  0.011
-0.072 -0.115 -0.056
-0.105 -0.151 -0.214
-0.091 -0.076 -0.191
-0.184 -0.105 -0.134
-0.117 -0.181 -0.180
-0.094 -0.184 -0.337
-0.117 -0.215 -0.341
-0.109 -0.192 -0.307
-0.137 -0.233 -0.314
-0.093 -0.160 -0.259
-0.100 -0.175 -0.215
-0.060 -0.130 -0.206
-0.182 -0.193 -0.078
-0.080 -0.176 -0.099
-0.062 -0.136 -0.291
-0.086 -0.189 -0.310
-0.036 -0.142 -0.101
-0.222 -0.180 -0.085
-0.046 -0.140 -0.150
-0.027 -0.119 -0.122
-0.083 -0.189 -0.092
-0.027 -0.134 -0.139
-0.078 -0.205 -0.244
-0.038 -0.112 -0.198
-0.070 -0.167 -0.193
-0.068 -0.153 -0.267
-0.183 -0.174 -0.352
-0.096 -0.226 -0.442
-0.109 -0.217 -0.360
-0.119 -0.234 -0.363
-0.058 -0.131 -0.306
-0.093 -0.198 -0.403
-0.082 -0.175 -0.394
-0.076 -0.169 -0.376
-0.113 -0.218 -0.362
-0.121 -0.237 -0.375
-0.228 -0.274 -0.385
-0.132 -0.241 -0.442
-0.111 -0.171 -0.270
-0.166 -0.233 -0.145
-0.164 -0.185  0.057
-0.183 -0.163  0.077
-0.197 -0.175 -0.028
-0.225 -0.193 -0.083
-0.245 -0.231 -0.065
-0.217 -0.187  0.057
-0.226 -0.236 -0.034
-0.180 -0.176 -0.009
-0.318 -0.212 -0.078
-0.117 -0.123 -0.155
-0.089 -0.023  0.088
-0.164 -0.085 -0.118
-0.138 -0.255 -0.637
-0.155 -0.233 -0.384
-0.203 -0.242 -0.183
-0.173 -0.189 -0.166
-0.243 -0.226 -0.253
-0.225 -0.237 -0.176
-0.148 -0.111 -0.135
-0.247 -0.105 -0.072
-0.249 -0.202 -0.035
-0.224 -0.165  0.033
-0.254 -0.228 -0.152
-0.216 -0.343 -0.488
-0.145 -0.285 -0.377
-0.138 -0.253 -0.427
-0.131 -0.221 -0.464
-0.159 -0.244 -0.355
-0.155 -0.274 -0.471
-0.142 -0.281 -0.479
-0.161 -0.260 -0.476
-0.191 -0.218 -0.356
-0.170 -0.143 -0.133
-0.116 -0.063 -0.043
-0.217 -0.155 -0.000
-0.166 -0.163 -0.096
-0.132 -0.176 -0.249
-0.095 -0.143 -0.397
-0.065 -0.118 -0.275
-0.104 -0.088 -0.272
-0.065  0.079  0.009
-0.063  0.102  0.293
-0.092  0.123  0.277
-0.103  0.181  0.171
-0.343  0.075  0.083
-0.174  0.152  0.011
-0.123  0.281  0.068
-0.157  0.253 -0.098
-0.116  0.319 -0.147
-0.037  0.444 -0.070
-0.235  0.396  0.024
-0.030  0.438  0.068
 0.009  0.379  0.001
 0.064  0.405  0.092
 0.032  0.320  0.023
 0.046  0.273 -0.010
-0.099  0.241  0.094
 0.055  0.210 -0.049
 0.040  0.187 -0.028
 0.032  0.138 -0.097
 0.030  0.105 -0.252
 0.018  0.059 -0.357
 0.015  0.073 -0.304
-0.039  0.039 -0.106
-0.005  0.061  0.041
 0.002  0.062 -0.098
 0.015  0.097 -0.060
 0.020  0.041 -0.186
 0.091  0.103 -0.044
 0.077  0.038 -0.009
 0.080  0.024  0.135
 0.072  0.001  0.171
 0.069 -0.041  0.029
 0.085 -0.036 -0.102
 0.061 -0.071 -0.186
 0.058 -0.056 -0.254
 0.039 -0.074 -0.369
 0.013 -0.137 -0.469
-0.059 -0.151 -0.514
-0.237  0.016 -0.196
-0.211  0.265 -0.058
-0.122  0.700  0.401
 0.053  1.390  1.108
 0.290  2.218  1.946
 0.577  2.942  2.637
 0.843  3.314  3.097
 1.066  3.148  3.419
 1.287  2.867  3.689
 1.495  2.708  3.900
 1.609  2.587  3.908
 1.612  2.470  3.836
 1.548  2.357  3.637
 1.539  2.248  3.545
 1.561  2.142  3.451
 1.495  2.041  3.286
 1.474  1.943  3.137
 1.428  1.847  2.938
 1.376  1.756  2.796
 1.285  1.667  2.610
 1.214  1.582  2.420
 1.183  1.499  2.294
 1.134  1.419  2.129
 1.152  1.343  2.113
 1.109  1.269  1.979
 0.995  1.196  1.598
 0.933  1.127  1.550
 0.913  1.061  1.507
 0.853  0.996  1.609
 0.813  0.934  1.550
 0.786  0.875  1.370
 0.607  0.816  0.985
 0.474  0.761  0.840
 0.377  0.707  0.975
 0.367  0.656  1.118
 0.228  0.606  1.245
 0.396  0.558  1.132
 0.512  0.512  1.108
 0.594  0.468  1.059
 0.665  0.425  0.866
 0.667  0.384  0.669
 0.706  0.345  0.549
 0.640  0.306  0.355
 0.633  0.269  0.181
 0.528  0.234 -0.056
 0.458  0.201 -0.068
 0.475  0.169 -0.073
 0.514  0.137 -0.160
 0.586  0.108 -0.155
 0.584  0.079 -0.284
 0.569  0.051 -0.313
 0.526  0.025 -0.214
 0.479  0.000 -0.316
 0.440 -0.024 -0.427
 0.404 -0.047 -0.578
 0.263 -0.069 -0.823
 0.248 -0.090 -0.846
 0.193 -0.110 -0.942
 0.159 -0.129 -1.020
 0.112 -0.148 -1.075
 0.010 -0.166 -1.149
-0.073 -0.183 -1.214
-0.046 -0.198 -1.390
-0.075 -0.213 -1.422
-0.345 -0.228 -1.569
-0.545 -0.242 -1.590
-0.655 -0.255 -1.654
-0.902 -0.267 -1.791
-1.089 -0.279 -1.771
-1.190 -0.290 -1.697
-1.277 -0.301 -1.678
-1.264 -0.311 -1.582
-1.333 -0.320 -1.619
-1.318 -0.328 -1.577
-1.347 -0.336 -1.648
-1.241 -0.344 -1.562
-1.223 -0.352 -1.594
-1.136 -0.359 -1.622
-1.264 -0.366 -1.464
-1.379 -0.372 -1.606
-1.540 -0.378 -1.718
-1.540 -0.382 -1.777
-1.469 -0.387 -1.622
-1.447 -0.391 -1.603
-1.282 -0.395 -1.481
-1.161 -0.399 -1.423
-1.066 -0.402 -1.380
-1.163 -0.405 -1.530
-1.281 -0.408 -1.665
-1.270 -0.411 -1.716
-1.185 -0.413 -1.730
-1.213 -0.414 -1.687
-0.941 -0.416 -1.753
-0.828 -0.417 -1.731
-0.770 -0.418 -1.786
-0.669 -0.420 -1.746
-0.641 -0.420 -1.818
-0.537 -0.420 -1.771
-0.556 -0.421 -1.828
-0.872 -0.421 -2.171
-0.908 -0.421 -2.208
-0.804 -0.420 -2.164
-0.875 -0.419 -2.214
-1.134 -0.419 -2.351
-1.096 -0.418 -2.166
-1.082 -0.417 -2.080
-1.065 -0.415 -1.937
-1.078 -0.414 -1.772
-1.030 -0.413 -1.614
-1.157 -0.411 -1.612
-0.798 -0.410 -1.288
-0.814 -0.407 -0.927
-0.740 -0.404 -0.744
-0.466 -0.403 -0.455
-0.160 -0.401 -0.200
