 0.169  0.264  0.039
-0.056  0.054 -0.105
 0.010  0.107 -0.092
-0.024  0.044 -0.123
 0.261  0.335  0.014
 0.050  0.215 -0.139
 0.022  0.130 -0.145
 0.114  0.228  0.043
-0.070 -0.077 -0.156
-0.031 -0.071 -0.105
-0.013 -0.080 -0.136
 0.086  0.021 -0.093
 0.128  0.116 -0.071
 0.327  0.310  0.013
 0.138  0.145 -0.078
 0.131  0.126 -0.082
 0.132  0.114 -0.081
 0.110  0.102 -0.100
 0.351  0.350  0.076
 0.082  0.093 -0.091
 0.053  0.064 -0.116
 0.000  0.008 -0.153
-0.016  0.004 -0.147
-0.048 -0.024 -0.160
-0.004  0.011 -0.150
-0.053 -0.024 -0.163
 0.109  0.197  0.013
-0.070 -0.041 -0.167
-0.119 -0.095 -0.186
-0.041 -0.054 -0.158
-0.085 -0.078 -0.178
 0.106  0.147  0.015
-0.067 -0.064 -0.150
-0.024 -0.022 -0.118
-0.040 -0.043 -0.128
-0.032 -0.043 -0.131
-0.076 -0.075 -0.142
-0.001 -0.016 -0.105
-0.018 -0.032 -0.106
 0.118  0.105 -0.032
-0.023 -0.011 -0.111
-0.020 -0.012 -0.120
 0.100  0.104 -0.036
-0.018 -0.019 -0.138
 0.024  0.033 -0.110
-0.015 -0.023 -0.148
 0.021  0.023 -0.132
-0.018 -0.031 -0.155
 0.023 -0.018 -0.143
 0.006 -0.028 -0.150
 0.034  0.022 -0.119
 0.259  0.244  0.035
 0.112  0.102 -0.071
 0.136  0.135 -0.046
 0.112  0.142 -0.043
 0.156  0.202 -0.011
 0.148  0.204 -0.056
 0.238  0.295 -0.003
 0.163  0.218 -0.026
 0.361  0.381  0.119
 0.152  0.162 -0.007
 0.171  0.174  0.022
 0.072  0.066 -0.034
 0.083  0.060 -0.039
 0.114  0.106  0.003
 0.159  0.153  0.047
 0.133  0.159  0.061
 0.117  0.149  0.063
 0.130  0.152  0.053
 0.101  0.124  0.036
 0.118  0.142  0.043
 0.262  0.360  0.242
 0.071  0.083  0.011
 0.010  0.025 -0.028
 0.025  0.022 -0.040
-0.070 -0.049 -0.081
-0.056 -0.033 -0.073
-0.110 -0.070 -0.098
 0.047  0.150  0.102
-0.113 -0.065 -0.090
 0.049  0.163  0.117
-0.103 -0.069 -0.082
-0.058 -0.005 -0.068
-0.081 -0.031 -0.090
-0.082 -0.057 -0.105
-0.022 -0.022 -0.067
-0.130 -0.124 -0.107
-0.106 -0.124 -0.082
-0.166 -0.140 -0.090
-0.077 -0.001 -0.041
-0.094  0.013 -0.059
-0.077  0.018 -0.042
-0.101 -0.077 -0.029
-0.056 -0.021 -0.022
 0.022  0.062 -0.006
 0.033  0.062  0.019
-0.121 -0.173 -0.081
-0.007 -0.022 -0.014
 0.017  0.032  0.037
-0.086 -0.172  0.006
-0.032 -0.086  0.066
 0.078  0.155  0.007
 0.113  0.187  0.043
 0.104  0.126  0.068
 0.123  0.117  0.070
 0.125  0.078  0.060
 0.132  0.127  0.093
 0.283  0.343  0.275
 0.063  0.071  0.047
-0.045 -0.043  0.015
 0.116  0.075  0.101
-0.083 -0.085 -0.054
 0.102  0.115  0.031
-0.038  0.007 -0.107
 0.152  0.217 -0.001
-0.032  0.038 -0.107
-0.011  0.043 -0.047
-0.140 -0.165 -0.135
-0.125 -0.117 -0.113
-0.001  0.082 -0.041
-0.077 -0.023 -0.135
-0.175 -0.130 -0.202
-0.072 -0.037 -0.156
-0.091 -0.028 -0.175
-0.123 -0.034 -0.194
-0.202 -0.117 -0.235
-0.105 -0.101 -0.145
-0.032 -0.046 -0.081
 0.100  0.083  0.002
 0.019  0.003 -0.025
 0.073  0.086  0.066
 0.017 -0.001 -0.009
 0.018 -0.002 -0.015
-0.030 -0.050 -0.025
-0.046 -0.044 -0.043
 0.128  0.103  0.040
-0.024 -0.035 -0.056
 0.030  0.010 -0.023
-0.004  0.003 -0.028
 0.211  0.200  0.122
 0.040  0.045  0.033
 0.214  0.132  0.159
 0.035 -0.009  0.068
 0.146  0.127  0.134
 0.015  0.003  0.083
 0.140  0.113  0.197
 0.022 -0.004  0.112
 0.005  0.004  0.088
-0.034 -0.017  0.051
 0.015  0.019  0.075
-0.031 -0.080  0.010
 0.065  0.161  0.109
 0.037  0.112 -0.027
 0.073  0.131 -0.007
 0.017  0.041  0.027
 0.115  0.127  0.094
 0.057  0.085  0.059
 0.029  0.023  0.023
 0.003  0.010  0.027
 0.088  0.122  0.048
-0.089 -0.035 -0.087
 0.046  0.099  0.028
-0.191 -0.133 -0.131
-0.040  0.074  0.033
-0.205 -0.151 -0.176
-0.227 -0.164 -0.192
-0.035  0.024 -0.046
-0.173 -0.115 -0.156
-0.119 -0.071 -0.140
-0.113 -0.078 -0.141
-0.086 -0.041 -0.098
-0.109 -0.060 -0.110
-0.044 -0.018 -0.090
-0.111 -0.083 -0.124
-0.062 -0.018 -0.063
-0.101 -0.087 -0.117
-0.047 -0.062 -0.066
-0.146 -0.165 -0.090
 0.032 -0.005  0.048
-0.127 -0.136 -0.062
-0.100 -0.107 -0.071
 0.032  0.046 -0.018
 0.261  0.336  0.246
 0.076  0.040  0.073
 0.104  0.084  0.184
 0.035  0.013  0.075
-0.050 -0.051  0.052
 0.018 -0.041  0.081
-0.015 -0.055  0.081
 0.073  0.044  0.105
 0.027  0.006  0.084
 0.157  0.130  0.145
-0.000  0.006  0.051
-0.002  0.003  0.060
 0.038  0.031  0.083
 0.033  0.030  0.091
 0.062  0.052  0.098
 0.153  0.212  0.277
 0.010 -0.038  0.090
-0.014 -0.095  0.051
-0.039 -0.077  0.040
 0.136  0.107  0.158
-0.096 -0.136 -0.013
-0.076 -0.112 -0.008
-0.034 -0.042  0.047
-0.070 -0.100 -0.027
-0.052 -0.053  0.006
-0.069 -0.066 -0.031
 0.152  0.196  0.194
-0.017 -0.040  0.001
-0.051 -0.111 -0.023
-0.094 -0.109 -0.044
-0.006  0.024 -0.036
-0.017  0.028 -0.043
-0.056 -0.044 -0.066
-0.108 -0.109 -0.174
 0.068  0.068 -0.017
-0.027  0.013 -0.042
 0.146  0.148  0.104
-0.047 -0.148  0.013
 0.047  0.015  0.086
 0.026 -0.010  0.046
 0.027 -0.005  0.027
 0.103  0.067  0.054
 0.191  0.131  0.112
 0.241  0.226  0.212
 0.216  0.195  0.141
 0.226  0.227  0.130
 0.272  0.232  0.144
 0.086  0.038  0.043
 0.084  0.037  0.003
 0.076  0.050 -0.001
 0.223  0.230  0.067
 0.135  0.167  0.054
 0.099  0.087  0.095
 0.113  0.088  0.103
 0.144  0.141  0.097
 0.062  0.089  0.082
 0.013  0.030  0.067
-0.079 -0.062  0.012
-0.133 -0.128 -0.012
-0.033 -0.068  0.026
-0.146 -0.185 -0.060
-0.142 -0.250 -0.073
-0.162 -0.294 -0.077
-0.038 -0.062  0.081
-0.137 -0.131 -0.089
-0.147 -0.145 -0.110
 0.042 -0.048  0.058
-0.179 -0.251 -0.062
-0.113 -0.117  0.062
-0.253 -0.168 -0.001
-0.167 -0.074 -0.006
-0.199 -0.159 -0.037
-0.174 -0.138 -0.061
-0.072  0.010 -0.015
 0.019  0.098 -0.018
-0.025 -0.012 -0.049
-0.017 -0.079  0.048
-0.127 -0.196 -0.070
-0.082 -0.120 -0.082
-0.080 -0.019 -0.071
 0.119  0.238  0.172
-0.047 -0.096 -0.056
-0.045 -0.145 -0.053
 0.218  0.100  0.121
 0.056  0.037  0.002
 0.225  0.205  0.169
 0.032 -0.020  0.039
 0.218  0.156  0.145
 0.017 -0.027  0.040
 0.021 -0.007  0.030
-0.092 -0.111 -0.035
-0.052 -0.099  0.041
-0.125 -0.164  0.009
 0.033  0.046  0.114
 0.013  0.053  0.083
 0.000  0.033  0.077
 0.144  0.175  0.165
-0.013  0.034  0.068
 0.074  0.188  0.220
-0.059 -0.051  0.005
-0.060 -0.048  0.022
-0.075 -0.083  0.006
-0.031 -0.013  0.019
-0.063 -0.040 -0.016
-0.063 -0.031 -0.029
-0.086 -0.057 -0.065
-0.082 -0.058 -0.064
-0.139 -0.073 -0.065
-0.098 -0.032 -0.081
 0.101  0.170  0.063
-0.105 -0.030 -0.081
-0.013  0.049  0.010
-0.058 -0.039 -0.034
-0.062 -0.058 -0.030
-0.125 -0.117 -0.037
-0.123 -0.108 -0.029
-0.121 -0.075 -0.032
-0.023 -0.022 -0.022
 0.199  0.200  0.150
-0.072 -0.070 -0.030
-0.040 -0.047  0.028
-0.061 -0.103 -0.028
-0.036 -0.088 -0.035
 0.182  0.115  0.092
 0.102  0.081  0.049
 0.290  0.272  0.165
 0.017  0.003  0.008
 0.200  0.145  0.150
 0.022 -0.014  0.010
 0.056  0.019  0.022
 0.066  0.035  0.082
 0.013 -0.007  0.057
 0.073  0.095  0.116
 0.002 -0.004 -0.061
 0.138  0.251 -0.035
 0.164  0.320  0.036
 0.050  0.141  0.042
 0.030  0.112  0.056
-0.006  0.094 -0.001
-0.049 -0.007 -0.020
 0.124  0.157  0.184
-0.005 -0.054 -0.007
 0.033  0.023  0.028
 0.003  0.038  0.029
 0.026  0.100  0.047
-0.043  0.010 -0.016
-0.029  0.021 -0.010
-0.064 -0.016 -0.026
 0.011  0.050  0.013
-0.114 -0.055 -0.049
-0.133 -0.069 -0.068
-0.100 -0.049 -0.076
-0.111 -0.059 -0.066
-0.091 -0.040 -0.050
 0.081  0.203  0.174
-0.079 -0.030 -0.029
-0.041  0.007 -0.020
-0.027  0.005 -0.039
 0.108  0.149  0.092
-0.088 -0.052 -0.044
-0.091 -0.058 -0.038
-0.092 -0.055 -0.027
-0.122 -0.082 -0.043
-0.145 -0.124 -0.044
 0.023 -0.005  0.032
-0.083 -0.089 -0.002
-0.045 -0.043  0.038
-0.086 -0.068  0.037
-0.080 -0.057  0.034
-0.107 -0.049  0.030
-0.112 -0.046  0.022
-0.035  0.029  0.030
 0.096  0.149  0.061
 0.096  0.170  0.053
 0.125  0.181  0.074
 0.077  0.154  0.074
 0.065  0.133  0.076
 0.035  0.095  0.070
 0.153  0.265  0.219
 0.057  0.094  0.047
 0.105  0.175  0.098
 0.043  0.098  0.041
 0.050  0.111  0.040
-0.000  0.094  0.015
 0.071  0.215  0.143
-0.087 -0.041 -0.019
-0.105 -0.071 -0.035
 0.060  0.091  0.053
-0.096 -0.059 -0.033
-0.090 -0.106 -0.031
-0.094 -0.126 -0.057
-0.082 -0.115 -0.062
-0.114 -0.160 -0.087
-0.066 -0.116 -0.087
-0.123 -0.145 -0.115
-0.068 -0.095 -0.075
-0.127 -0.142 -0.082
-0.021 -0.075 -0.026
-0.140 -0.185 -0.088
 0.038 -0.004  0.035
-0.082 -0.124 -0.063
 0.041 -0.002  0.032
-0.097 -0.113 -0.035
-0.132 -0.149 -0.052
-0.074 -0.085 -0.024
-0.094 -0.103 -0.021
-0.040 -0.034  0.044
-0.075 -0.054  0.006
 0.001  0.043  0.089
-0.045 -0.015  0.027
 0.022  0.075  0.078
-0.022  0.026  0.041
-0.027 -0.008  0.057
-0.019 -0.019  0.037
 0.005  0.023  0.044
-0.033  0.006  0.010
-0.021  0.009 -0.020
-0.004 -0.001 -0.015
 0.144  0.146  0.086
 0.010  0.015  0.017
-0.014 -0.016 -0.015
 0.035  0.032  0.004
 0.077  0.087  0.033
 0.151  0.133  0.081
 0.039  0.002  0.016
 0.022 -0.035  0.015
 0.038  0.014  0.040
-0.092 -0.100 -0.035
-0.124 -0.104 -0.016
-0.037  0.033  0.007
-0.048  0.031 -0.001
 0.005  0.061  0.013
-0.033  0.053 -0.004
-0.015  0.029 -0.016
-0.158 -0.095 -0.083
-0.125 -0.065 -0.063
-0.139 -0.068 -0.063
-0.075 -0.017 -0.032
-0.142 -0.079 -0.075
 0.028  0.033  0.025
-0.159 -0.141 -0.103
-0.176 -0.208 -0.125
-0.169 -0.243 -0.143
-0.152 -0.199 -0.175
 0.081  0.032 -0.024
-0.123 -0.176 -0.151
-0.061 -0.105 -0.078
-0.134 -0.178 -0.111
-0.078 -0.116 -0.085
-0.109 -0.160 -0.123
-0.078 -0.129 -0.104
-0.023 -0.085 -0.060
-0.037 -0.081 -0.041
-0.033 -0.041 -0.033
 0.020  0.014 -0.001
-0.019 -0.017 -0.025
-0.023 -0.096 -0.045
 0.085 -0.036 -0.011
 0.031 -0.071 -0.054
 0.046 -0.035 -0.047
 0.055 -0.000 -0.029
 0.066  0.028 -0.006
 0.029 -0.011 -0.032
 0.076  0.033  0.004
-0.057 -0.088 -0.064
-0.052 -0.089 -0.065
-0.033 -0.079 -0.089
-0.049 -0.065 -0.072
-0.052 -0.066 -0.065
-0.028 -0.059 -0.045
-0.041 -0.077 -0.062
 0.028 -0.015 -0.017
-0.033 -0.061 -0.060
-0.015 -0.043 -0.047
-0.065 -0.090 -0.088
-0.050 -0.093 -0.101
-0.086 -0.129 -0.109
-0.033 -0.098 -0.107
-0.046 -0.087 -0.092
 0.066  0.088  0.059
-0.070 -0.102 -0.102
-0.070 -0.114 -0.106
-0.071 -0.099 -0.085
 0.039  0.077  0.073
-0.063 -0.077 -0.062
-0.059 -0.078 -0.068
-0.079 -0.096 -0.078
-0.076 -0.096 -0.079
-0.101 -0.117 -0.077
-0.069 -0.092 -0.064
 0.100  0.046  0.038
-0.034 -0.069 -0.038
 0.007 -0.036 -0.018
-0.035 -0.065 -0.027
-0.002 -0.029 -0.005
-0.026 -0.045 -0.004
-0.006 -0.027  0.007
-0.022 -0.042 -0.013
 0.026 -0.012 -0.019
 0.013 -0.008 -0.017
 0.035  0.013 -0.002
 0.008 -0.001 -0.016
 0.006 -0.017 -0.018
 0.123  0.071  0.047
 0.040 -0.000  0.020
 0.208  0.243  0.239
 0.063  0.036  0.063
 0.241  0.296  0.284
 0.093  0.075  0.073
 0.276  0.342  0.274
 0.146  0.145  0.056
 0.185  0.177  0.119
 0.111  0.034  0.051
 0.064  0.038  0.055
 0.094  0.092  0.091
 0.303  0.365  0.304
 0.131  0.127  0.064
 0.294  0.349  0.251
 0.209  0.202  0.100
 0.172  0.163  0.108
 0.089  0.112  0.079
 0.050  0.085  0.059
 0.038  0.068  0.074
-0.002  0.006  0.054
-0.000 -0.005  0.060
-0.078 -0.063  0.005
-0.022  0.014  0.042
-0.130 -0.077 -0.004
 0.028  0.060  0.089
-0.176 -0.108 -0.033
-0.004  0.031  0.055
-0.158 -0.137 -0.065
-0.105 -0.102 -0.077
-0.163 -0.170 -0.131
-0.204 -0.219 -0.136
-0.227 -0.250 -0.145
-0.179 -0.205 -0.118
-0.164 -0.204 -0.104
-0.027 -0.002  0.054
-0.112 -0.149 -0.068
-0.070 -0.083 -0.011
-0.117 -0.096 -0.013
-0.111 -0.084 -0.017
 0.071  0.082  0.113
-0.113 -0.101 -0.028
-0.057 -0.036  0.031
-0.090 -0.079 -0.004
-0.040 -0.047 -0.010
-0.023 -0.028 -0.002
 0.028  0.037  0.035
-0.042 -0.046 -0.026
-0.043 -0.050 -0.038
-0.093 -0.078 -0.053
-0.066 -0.080 -0.047
-0.125 -0.143 -0.073
-0.026 -0.053 -0.050
-0.082 -0.097 -0.092
-0.033 -0.061 -0.050
-0.080 -0.083 -0.064
-0.038 -0.059 -0.045
 0.096  0.073  0.071
-0.060 -0.081 -0.052
-0.072 -0.091 -0.060
-0.093 -0.072 -0.049
-0.040  0.028  0.051
-0.046  0.015 -0.004
-0.014  0.017 -0.013
-0.042 -0.021 -0.066
 0.242  0.317  0.132
 0.113  0.177 -0.096
 0.136  0.184 -0.068
 0.007  0.034 -0.065
 0.027  0.080 -0.006
 0.111  0.211  0.084
 0.189  0.263  0.113
 0.024  0.093  0.049
 0.031  0.032  0.088
-0.114 -0.147  0.025
 0.051 -0.018  0.083
 0.025 -0.001  0.034
 0.095  0.094  0.043
 0.069  0.079  0.038
 0.224  0.220  0.169
 0.041  0.058  0.092
 0.155  0.152  0.201
-0.066 -0.121  0.024
 0.156  0.122  0.137
 0.075  0.109  0.039
 0.207  0.257  0.163
-0.002  0.026 -0.005
 0.190  0.180  0.094
 0.102  0.069 -0.031
 0.221  0.200  0.027
 0.191  0.176 -0.036
 0.172  0.184 -0.019
 0.118  0.129 -0.070
 0.069  0.060 -0.092
 0.232  0.246  0.132
-0.026 -0.086 -0.072
 0.018  0.044 -0.009
 0.079  0.170  0.053
 0.106  0.178  0.059
 0.047  0.050 -0.008
 0.040 -0.003 -0.021
 0.012 -0.008 -0.003
 0.184  0.185  0.142
 0.028  0.049  0.028
 0.032  0.057  0.045
-0.019  0.005 -0.003
 0.001  0.014 -0.007
-0.066 -0.050 -0.080
-0.071 -0.062 -0.102
 0.108  0.186  0.118
-0.091 -0.066 -0.101
-0.088 -0.070 -0.104
-0.030 -0.030 -0.075
-0.072 -0.051 -0.087
 0.168  0.223  0.086
 0.048  0.106 -0.084
 0.015  0.058 -0.105
-0.154 -0.129 -0.159
-0.122 -0.133 -0.165
-0.168 -0.169 -0.171
-0.100 -0.147 -0.073
-0.141 -0.171 -0.052
 0.025 -0.040  0.050
-0.158 -0.220 -0.049
 0.132  0.150  0.110
 0.092  0.140 -0.015
 0.142  0.234  0.048
 0.034  0.130  0.023
 0.126  0.216  0.092
 0.202  0.255  0.069
 0.223  0.274  0.039
 0.428  0.457  0.134
 0.205  0.252  0.020
 0.370  0.421  0.162
 0.152  0.219  0.052
 0.161  0.221  0.064
 0.097  0.175  0.050
 0.175  0.239  0.101
 0.099  0.174  0.056
 0.162  0.209  0.056
 0.044  0.097 -0.052
 0.079  0.098 -0.076
 0.006  0.052 -0.105
 0.050  0.090 -0.084
-0.024  0.018 -0.156
-0.028 -0.022 -0.197
-0.101 -0.109 -0.195
-0.092 -0.124 -0.148
-0.182 -0.265 -0.124
-0.185 -0.276 -0.080
-0.129 -0.140 -0.037
 0.037  0.039  0.072
 0.019  0.002  0.064
 0.008 -0.019  0.041
-0.110 -0.116 -0.046
-0.008  0.026  0.037
-0.124 -0.072 -0.026
 0.100  0.158  0.142
-0.017  0.029  0.067
 0.002  0.033  0.083
-0.045 -0.020  0.041
-0.082 -0.063  0.027
-0.076 -0.041  0.046
-0.046 -0.007  0.074
-0.016  0.035  0.070
 0.024  0.079  0.092
 0.040  0.094  0.111
 0.215  0.272  0.268
 0.063  0.119  0.156
 0.130  0.165  0.190
 0.094  0.132  0.165
 0.103  0.125  0.130
 0.027  0.063  0.088
 0.075  0.090  0.094
 0.064  0.093  0.105
 0.179  0.187  0.179
 0.046  0.075  0.098
 0.066  0.119  0.108
-0.019  0.018  0.070
-0.028 -0.045  0.103
 0.139  0.157  0.305
-0.033 -0.050  0.099
-0.031 -0.023  0.098
-0.118 -0.156  0.019
-0.117 -0.154  0.038
 0.001  0.041  0.179
-0.180 -0.208 -0.067
-0.202 -0.242 -0.078
-0.134 -0.186 -0.052
-0.183 -0.198 -0.057
-0.153 -0.174 -0.054
-0.181 -0.179 -0.083
-0.054  0.005 -0.033
-0.082 -0.030 -0.040
-0.039 -0.041 -0.061
-0.035 -0.057 -0.119
-0.017 -0.050 -0.073
 0.001 -0.006 -0.010
-0.135 -0.123 -0.108
-0.092 -0.042 -0.068
-0.119 -0.078 -0.109
-0.088 -0.058 -0.086
-0.112 -0.089 -0.088
-0.058 -0.044 -0.087
-0.126 -0.079 -0.134
-0.057 -0.006 -0.113
-0.123 -0.053 -0.119
-0.091 -0.088 -0.106
-0.154 -0.168 -0.076
-0.139 -0.158 -0.046
-0.095 -0.087 -0.030
-0.073 -0.065 -0.019
-0.124 -0.118 -0.009
 0.065  0.114  0.205
-0.070 -0.084  0.022
 0.021  0.033  0.075
 0.047  0.028  0.075
 0.086  0.047  0.095
-0.020 -0.061  0.033
 0.049  0.030  0.015
 0.063  0.093 -0.002
 0.142  0.156  0.030
-0.030  0.001 -0.039
 0.062  0.094  0.088
-0.043  0.084  0.022
 0.129  0.221  0.078
-0.033  0.036 -0.030
-0.035 -0.007 -0.097
-0.005  0.015 -0.125
-0.061 -0.090 -0.140
-0.036 -0.095  0.016
-0.278 -0.403 -0.076
-0.105 -0.227 -0.021
-0.206 -0.311 -0.107
-0.060 -0.123  0.025
-0.186 -0.286 -0.060
-0.206 -0.295 -0.064
-0.237 -0.313 -0.076
-0.238 -0.296 -0.062
-0.119 -0.208 -0.014
-0.231 -0.281 -0.082
-0.108 -0.032  0.124
-0.135 -0.067 -0.032
-0.136 -0.046 -0.085
-0.060  0.029 -0.107
-0.100 -0.020 -0.109
 0.006  0.071 -0.136
 0.052  0.143 -0.116
 0.046  0.138 -0.092
 0.106  0.190 -0.074
 0.094  0.152 -0.067
-0.015  0.058 -0.115
 0.033  0.063 -0.004
 0.130  0.153  0.090
 0.334  0.371  0.278
 0.206  0.232  0.172
 0.351  0.422  0.338
 0.115  0.121  0.035
 0.093  0.107 -0.005
 0.081  0.099 -0.009
 0.019  0.039 -0.094
-0.018  0.050 -0.138
-0.008  0.065 -0.159
 0.023  0.099 -0.099
 0.029  0.123 -0.059
 0.028  0.107 -0.062
 0.009  0.089 -0.052
-0.066  0.055 -0.045
 0.037  0.201  0.072
-0.005  0.133  0.032
 0.053  0.156  0.045
 0.011  0.091  0.010
 0.113  0.191  0.135
 0.055  0.073  0.017
 0.066  0.103  0.079
-0.000  0.000  0.058
 0.071  0.061  0.053
-0.056 -0.031  0.004
 0.083  0.054  0.038
 0.055  0.048  0.008
 0.105  0.131  0.076
 0.022  0.013  0.009
 0.051  0.103  0.060
 0.005 -0.004  0.002
 0.047  0.090  0.126
 0.024  0.102  0.067
 0.001  0.079  0.069
-0.076 -0.005  0.054
 0.013  0.093  0.129
-0.007  0.093  0.151
 0.024  0.112  0.187
-0.002  0.054  0.108
 0.047  0.073  0.148
 0.006  0.033  0.119
 0.014  0.017  0.106
-0.076 -0.099  0.094
 0.001 -0.071  0.099
 0.016 -0.055  0.083
 0.021 -0.082  0.090
-0.059 -0.185  0.026
 0.061 -0.090  0.104
-0.114 -0.209  0.053
 0.020 -0.098  0.166
-0.115 -0.235  0.057
 0.017 -0.077  0.138
-0.036 -0.121  0.049
 0.044 -0.042  0.082
-0.063 -0.178 -0.027
-0.060 -0.174 -0.046
-0.013 -0.143 -0.055
-0.052 -0.183 -0.093
-0.020 -0.178 -0.117
-0.068 -0.236 -0.170
-0.048 -0.203 -0.128
-0.183 -0.285 -0.150
-0.149 -0.250 -0.139
-0.225 -0.305 -0.174
-0.181 -0.285 -0.155
-0.213 -0.303 -0.169
-0.140 -0.235 -0.119
-0.238 -0.302 -0.144
-0.031 -0.073  0.014
-0.181 -0.217 -0.098
-0.002 -0.060 -0.040
-0.129 -0.203 -0.179
 0.058 -0.037 -0.081
-0.145 -0.234 -0.232
-0.144 -0.208 -0.223
-0.201 -0.256 -0.254
-0.117 -0.157 -0.142
-0.267 -0.340 -0.245
-0.229 -0.303 -0.222
 0.051  0.012 -0.017
-0.115 -0.185 -0.147
-0.109 -0.195 -0.126
-0.148 -0.175 -0.132
-0.072 -0.079 -0.099
-0.003 -0.003 -0.082
 0.015 -0.023 -0.067
 0.113  0.065  0.028
 0.214  0.254  0.086
 0.314  0.439  0.168
 0.210  0.290  0.083
 0.096  0.138  0.059
 0.092  0.151  0.070
 0.140  0.224  0.104
 0.172  0.241  0.091
 0.150  0.181  0.066
 0.084  0.078  0.060
 0.152  0.098  0.055
 0.171  0.147  0.081
 0.163  0.152  0.074
 0.091  0.094  0.063
 0.109  0.110  0.102
 0.017  0.043  0.066
 0.094  0.076  0.092
-0.019 -0.030  0.023
 0.078  0.079  0.103
-0.078 -0.052 -0.029
-0.066 -0.006 -0.040
-0.058  0.057 -0.058
-0.081  0.037 -0.034
-0.175 -0.070 -0.130
-0.192 -0.128 -0.171
-0.156 -0.089 -0.139
-0.046  0.002 -0.103
 0.074  0.096 -0.089
 0.030  0.094 -0.039
 0.025  0.085 -0.008
-0.003  0.058 -0.020
 0.073  0.151  0.073
 0.015  0.059 -0.028
 0.046  0.094 -0.016
 0.040  0.056 -0.042
 0.098  0.124 -0.028
 0.017  0.069 -0.072
 0.016  0.052 -0.096
-0.118 -0.079 -0.145
-0.135 -0.105 -0.118
 0.008  0.074  0.035
-0.008  0.033 -0.012
 0.130  0.114  0.056
-0.048 -0.091 -0.026
 0.089  0.053  0.120
-0.009 -0.031  0.074
 0.030  0.022  0.118
 0.068  0.048  0.147
 0.128  0.106  0.201
 0.314  0.389  0.433
 0.138  0.185  0.242
 0.213  0.349  0.344
 0.140  0.271  0.246
 0.301  0.453  0.401
 0.038  0.097  0.064
 0.056  0.062 -0.057
-0.012 -0.065 -0.150
 0.008 -0.056 -0.132
-0.019 -0.088 -0.206
 0.148  0.174 -0.020
 0.061  0.015 -0.138
 0.088  0.059 -0.073
 0.042  0.007 -0.102
 0.048  0.041 -0.047
-0.049  0.002 -0.012
 0.080  0.145  0.131
-0.056  0.032  0.048
 0.037  0.122  0.122
-0.004  0.066  0.090
-0.012  0.037  0.057
 0.127  0.226  0.221
-0.075 -0.044 -0.032
-0.059  0.008  0.024
-0.125 -0.070 -0.024
-0.052  0.020  0.051
-0.043  0.003  0.018
 0.003  0.026 -0.003
-0.080 -0.110 -0.052
 0.005 -0.081  0.043
-0.079 -0.136  0.054
-0.098 -0.138 -0.004
-0.090 -0.139 -0.073
-0.038 -0.102 -0.096
 0.029  0.022 -0.077
 0.061  0.059 -0.065
 0.099  0.083 -0.009
 0.156  0.115  0.064
 0.132  0.081  0.073
 0.231  0.196  0.133
 0.137  0.128  0.063
 0.282  0.256  0.133
 0.105  0.064 -0.001
 0.221  0.169  0.087
 0.080  0.008 -0.021
 0.027 -0.059 -0.097
-0.151 -0.192 -0.161
-0.403 -0.433 -0.321
-0.223 -0.166 -0.056
-0.361 -0.412 -0.193
-0.369 -0.406 -0.153
-0.371 -0.448 -0.190
-0.317 -0.400 -0.176
-0.324 -0.379 -0.145
-0.242 -0.294 -0.060
-0.194 -0.222  0.021
-0.089 -0.160  0.032
-0.143 -0.219 -0.011
 0.006 -0.100  0.115
-0.096 -0.182  0.058
-0.033 -0.124  0.105
-0.182 -0.274 -0.021
-0.202 -0.322 -0.053
-0.096 -0.199  0.004
-0.179 -0.355 -0.149
-0.156 -0.336 -0.148
-0.189 -0.334 -0.167
-0.207 -0.317 -0.122
-0.126 -0.204  0.008
-0.114 -0.197  0.012
-0.036 -0.117  0.078
-0.076 -0.134  0.081
-0.013 -0.084  0.108
 0.041 -0.020  0.140
-0.062 -0.107  0.094
-0.047 -0.092  0.062
-0.194 -0.207 -0.063
-0.038 -0.044  0.021
-0.120 -0.129 -0.073
-0.097 -0.076 -0.043
-0.181 -0.181 -0.092
-0.210 -0.195 -0.041
-0.142 -0.101  0.064
-0.126 -0.065  0.136
-0.030  0.029  0.199
 0.087  0.129  0.230
 0.234  0.207  0.233
 0.162  0.139  0.142
 0.214  0.246  0.179
 0.153  0.253  0.109
 0.108  0.183  0.050
 0.227  0.312  0.199
 0.093  0.087  0.024
 0.135  0.166  0.056
 0.196  0.279  0.102
 0.411  0.548  0.222
 0.331  0.521  0.167
 0.350  0.542  0.222
 0.230  0.419  0.170
 0.139  0.241  0.133
 0.260  0.301  0.192
 0.132  0.138  0.049
 0.053  0.037 -0.032
-0.129 -0.120 -0.125
-0.113 -0.079 -0.117
-0.156 -0.138 -0.166
 0.019  0.010 -0.119
-0.029 -0.056 -0.176
 0.005 -0.001 -0.129
 0.208  0.280  0.155
 0.040  0.088  0.034
 0.117  0.181  0.127
 0.128  0.203  0.169
 0.244  0.287  0.222
 0.160  0.185  0.126
 0.168  0.164  0.065
-0.004 -0.023 -0.067
-0.037  0.019 -0.057
 0.023  0.085 -0.067
-0.024  0.000 -0.083
-0.067 -0.022 -0.152
-0.005  0.110 -0.189
 0.097  0.178 -0.196
-0.069  0.010 -0.217
-0.042  0.106 -0.042
-0.037  0.095 -0.092
 0.070  0.124 -0.039
-0.023  0.011 -0.040
 0.109  0.187  0.169
 0.089  0.121  0.090
 0.133  0.175  0.129
 0.095  0.134  0.149
 0.119  0.151  0.155
 0.097  0.131  0.131
 0.167  0.194  0.171
 0.161  0.197  0.191
 0.236  0.256  0.212
 0.193  0.232  0.199
 0.309  0.344  0.269
 0.040  0.103  0.036
 0.140  0.245  0.084
 0.050  0.175 -0.016
 0.013  0.120 -0.037
 0.036  0.094 -0.039
-0.087 -0.016 -0.135
-0.009  0.043 -0.115
-0.060 -0.024 -0.124
 0.015  0.013 -0.082
 0.022  0.014 -0.101
 0.101  0.087 -0.089
 0.025  0.027 -0.146
 0.140  0.162 -0.029
-0.049 -0.039 -0.136
-0.001 -0.013 -0.047
-0.115 -0.111 -0.117
 0.118  0.141  0.013
 0.020  0.062 -0.071
 0.043  0.079 -0.076
-0.115 -0.103 -0.229
-0.096 -0.114 -0.257
-0.060 -0.065 -0.256
-0.053 -0.083 -0.215
 0.170  0.192  0.106
-0.026 -0.052  0.022
 0.100  0.160  0.267
 0.106  0.181  0.205
 0.176  0.217  0.222
 0.090  0.113  0.206
 0.156  0.188  0.325
-0.030 -0.075  0.127
-0.106 -0.153  0.021
-0.264 -0.307 -0.117
-0.226 -0.229 -0.066
-0.334 -0.406 -0.246
-0.187 -0.212 -0.105
-0.208 -0.281 -0.163
-0.127 -0.191 -0.093
-0.143 -0.195 -0.028
-0.080 -0.135  0.019
-0.073 -0.080  0.021
 0.030  0.053  0.101
 0.044  0.049  0.113
 0.069  0.080  0.150
 0.026  0.020  0.153
 0.056  0.036  0.162
-0.092 -0.068  0.061
 0.034  0.043  0.082
-0.040 -0.007  0.073
 0.038  0.057  0.102
-0.022  0.007  0.045
 0.014  0.014  0.036
-0.030 -0.027  0.015
 0.088  0.054  0.078
 0.096  0.062  0.085
 0.260  0.212  0.179
 0.061  0.037  0.057
 0.151  0.143  0.134
-0.001 -0.006  0.015
-0.000 -0.008  0.021
-0.036 -0.063 -0.009
-0.011 -0.035  0.017
 0.019 -0.033  0.008
-0.084 -0.092 -0.026
-0.134 -0.134 -0.086
-0.118 -0.131 -0.127
-0.093 -0.101 -0.147
 0.021  0.022 -0.129
 0.113  0.115 -0.067
-0.053 -0.074 -0.180
-0.028 -0.094 -0.204
-0.115 -0.205 -0.293
-0.070 -0.159 -0.288
-0.033 -0.047 -0.202
-0.060 -0.018 -0.187
 0.073  0.074 -0.039
-0.131 -0.139 -0.132
-0.148 -0.146 -0.144
-0.142 -0.070 -0.141
-0.024  0.076 -0.135
-0.040  0.076 -0.121
-0.132 -0.078 -0.179
 0.040  0.001 -0.065
 0.005 -0.078 -0.018
 0.006 -0.131  0.018
-0.141 -0.221 -0.020
 0.004 -0.135  0.041
-0.198 -0.328 -0.073
-0.086 -0.240  0.027
 0.045 -0.115  0.036
-0.001 -0.084 -0.016
 0.094  0.069 -0.001
-0.025  0.008 -0.004
-0.001  0.054  0.035
 0.073  0.181  0.069
 0.115  0.195  0.059
 0.162  0.217  0.075
 0.168  0.194  0.134
-0.049 -0.029  0.040
 0.106  0.109  0.152
-0.042 -0.028  0.069
 0.135  0.157  0.178
-0.033 -0.023  0.026
 0.118  0.111  0.142
-0.026 -0.037  0.004
 0.116  0.112  0.111
 0.035  0.064 -0.021
 0.246  0.308  0.088
 0.038  0.114 -0.004
-0.022  0.013 -0.073
-0.060 -0.001 -0.117
 0.038  0.130 -0.083
-0.016  0.093 -0.085
 0.036  0.083 -0.024
-0.071 -0.039 -0.038
-0.035 -0.018 -0.047
-0.084 -0.035 -0.080
-0.022  0.032 -0.044
-0.082 -0.004 -0.048
-0.019  0.019  0.004
-0.034 -0.025  0.024
 0.134  0.131  0.154
-0.049 -0.004  0.047
 0.036  0.113  0.109
-0.003  0.063  0.031
 0.254  0.247  0.174
 0.106  0.074  0.064
 0.152  0.095  0.075
 0.126  0.127 -0.001
 0.106  0.159 -0.005
 0.070  0.124 -0.014
 0.170  0.213  0.126
-0.041 -0.027 -0.021
-0.011  0.011  0.021
 0.262  0.260  0.196
 0.079  0.098  0.086
 0.139  0.150  0.200
 0.050  0.075  0.149
 0.331  0.322  0.338
 0.128  0.103  0.191
 0.220  0.166  0.263
 0.059  0.043  0.099
 0.076  0.101  0.084
 0.145  0.141  0.094
 0.067  0.097  0.013
 0.172  0.181  0.020
-0.047 -0.019 -0.139
 0.262  0.273  0.043
 0.080  0.105 -0.070
 0.083  0.138 -0.027
-0.028 -0.003 -0.084
-0.055 -0.013 -0.003
 0.107  0.217  0.240
-0.044  0.018  0.049
-0.084  0.003  0.015
-0.126 -0.058 -0.021
-0.198 -0.152  0.014
-0.122 -0.138  0.082
-0.123 -0.125  0.082
 0.065  0.052  0.191
-0.152 -0.147  0.042
-0.101 -0.119  0.041
-0.184 -0.208 -0.008
-0.003 -0.065  0.072
-0.146 -0.202 -0.031
-0.010 -0.098  0.052
-0.154 -0.256 -0.086
-0.008 -0.155 -0.053
-0.007 -0.106 -0.007
-0.018 -0.082 -0.001
-0.103 -0.155 -0.028
-0.110 -0.164 -0.050
-0.074 -0.127  0.003
-0.067 -0.121  0.016
-0.019 -0.074  0.051
-0.065 -0.129 -0.015
-0.114 -0.150 -0.029
 0.047  0.089  0.180
-0.129 -0.146 -0.030
 0.038  0.001  0.067
-0.031 -0.077 -0.001
 0.068  0.060  0.112
-0.005 -0.043  0.031
 0.063  0.030  0.085
 0.064  0.041  0.089
 0.044  0.021  0.060
 0.074  0.026  0.046
-0.036 -0.071 -0.025
 0.024 -0.025 -0.012
-0.071 -0.085 -0.039
-0.007 -0.034  0.009
-0.063 -0.077 -0.026
 0.037 -0.026  0.017
-0.025 -0.074 -0.016
 0.120  0.083  0.116
-0.112 -0.142 -0.041
-0.202 -0.217 -0.082
-0.276 -0.270 -0.104
-0.043 -0.016  0.044
-0.120 -0.085 -0.033
-0.066 -0.005  0.015
-0.059 -0.019  0.014
-0.071 -0.034 -0.014
-0.037  0.038 -0.055
-0.006  0.100 -0.078
 0.053  0.131 -0.063
-0.011  0.054 -0.049
-0.083 -0.033 -0.081
 0.089  0.117  0.061
-0.020  0.014 -0.049
 0.049  0.073 -0.031
-0.078 -0.068 -0.111
-0.090 -0.140 -0.105
-0.152 -0.198 -0.088
-0.010 -0.093 -0.012
-0.055 -0.162 -0.103
-0.066 -0.175 -0.130
-0.048 -0.115 -0.073
-0.081 -0.179 -0.128
 0.065 -0.034 -0.001
-0.041 -0.108 -0.037
-0.088 -0.139 -0.070
-0.076 -0.133 -0.064
 0.031 -0.047 -0.023
 0.032 -0.046 -0.044
 0.019 -0.056 -0.039
-0.045 -0.074 -0.033
 0.011 -0.029  0.014
-0.016 -0.047  0.035
 0.162  0.108  0.143
 0.031 -0.014  0.028
 0.044  0.007  0.020
-0.079 -0.125 -0.102
 0.069  0.030 -0.016
-0.017 -0.032 -0.094
 0.167  0.165  0.014
-0.059 -0.056 -0.141
 0.056  0.009 -0.082
-0.121 -0.168 -0.207
 0.128  0.080 -0.080
 0.050 -0.034 -0.173
 0.089  0.004 -0.113
 0.016 -0.060 -0.130
 0.016 -0.019 -0.083
 0.003 -0.002 -0.048
 0.010  0.001 -0.025
-0.021 -0.047 -0.047
 0.023  0.030 -0.026
 0.049  0.102 -0.053
 0.009  0.086 -0.063
 0.057  0.098 -0.008
-0.060 -0.065 -0.071
-0.058 -0.069 -0.039
-0.052 -0.027 -0.025
 0.050  0.063  0.015
-0.080 -0.141 -0.018
 0.015 -0.045  0.041
 0.001 -0.067 -0.001
 0.182  0.126  0.131
 0.007 -0.033 -0.008
-0.042 -0.074 -0.035
-0.083 -0.117 -0.053
 0.114  0.122  0.166
-0.096 -0.142 -0.066
-0.084 -0.145 -0.101
-0.008 -0.009 -0.094
 0.054  0.046 -0.043
-0.009 -0.035 -0.040
 0.056  0.025 -0.008
 0.139  0.125  0.017
 0.309  0.383  0.186
 0.155  0.170  0.003
 0.269  0.332  0.190
 0.099  0.088 -0.045
 0.204  0.252  0.059
 0.075  0.054 -0.131
 0.046  0.022 -0.142
-0.040 -0.043 -0.165
-0.037 -0.036 -0.137
-0.059 -0.040 -0.124
 0.028  0.039 -0.057
 0.049  0.071 -0.005
 0.120  0.140  0.057
 0.021  0.061  0.015
 0.072  0.094  0.055
 0.035  0.076  0.039
 0.164  0.181  0.100
 0.086  0.119  0.060
 0.142  0.190  0.121
 0.061  0.098  0.046
 0.029  0.076  0.045
 0.092  0.082  0.059
 0.048  0.059  0.056
 0.133  0.200  0.150
 0.079  0.136  0.100
 0.076  0.129  0.121
-0.006  0.011  0.075
 0.002 -0.020  0.082
-0.044 -0.083  0.067
 0.093  0.048  0.147
-0.016 -0.038  0.089
 0.059  0.034  0.112
-0.090 -0.100 -0.006
 0.100  0.115  0.063
 0.030  0.067 -0.012
 0.079  0.119  0.030
 0.001  0.001 -0.051
-0.046 -0.029 -0.032
 0.006  0.088  0.085
-0.038 -0.034 -0.072
-0.017 -0.043 -0.100
-0.005 -0.033 -0.134
 0.107  0.105 -0.099
 0.040  0.085 -0.142
 0.145  0.217 -0.024
 0.052  0.093 -0.092
 0.222  0.237  0.084
 0.076  0.035  0.033
 0.098  0.053  0.076
 0.155  0.105  0.124
 0.109  0.114  0.157
 0.185  0.274  0.335
-0.036 -0.000  0.125
 0.092  0.179  0.300
-0.057 -0.084  0.082
 0.000 -0.047  0.098
-0.073 -0.105  0.036
-0.022 -0.050  0.031
-0.138 -0.131 -0.040
 0.016  0.009  0.054
-0.163 -0.171 -0.084
-0.210 -0.236 -0.117
-0.108 -0.094 -0.002
-0.299 -0.293 -0.135
-0.333 -0.326 -0.183
-0.381 -0.352 -0.218
-0.284 -0.254 -0.184
-0.201 -0.157 -0.120
 0.039  0.095  0.043
-0.126 -0.081 -0.080
-0.129 -0.076 -0.049
 0.001  0.119  0.158
-0.044  0.023  0.081
 0.045  0.093  0.141
 0.017  0.061  0.114
 0.139  0.161  0.169
 0.044  0.073  0.119
 0.081  0.108  0.144
 0.061  0.090  0.123
 0.047  0.080  0.114
 0.150  0.238  0.239
 0.038  0.055  0.085
 0.080  0.087  0.102
 0.013  0.040  0.085
 0.087  0.103  0.129
-0.006  0.011  0.062
 0.032  0.011  0.015
-0.032 -0.066 -0.069
 0.078  0.035 -0.009
-0.072 -0.103 -0.096
 0.041  0.017 -0.009
-0.011 -0.021 -0.135
 0.072  0.113 -0.100
 0.092  0.123 -0.103
 0.045  0.044 -0.097
 0.019  0.052 -0.012
-0.064 -0.022 -0.006
 0.024  0.072  0.036
-0.039  0.014 -0.000
-0.067 -0.083 -0.010
-0.133 -0.160 -0.031
 0.029 -0.013  0.050
-0.075 -0.097 -0.049
 0.093  0.051  0.101
-0.073 -0.125 -0.024
 0.041 -0.013  0.061
-0.111 -0.135 -0.059
-0.046 -0.013 -0.063
 0.077  0.181  0.143
-0.229 -0.199 -0.139
-0.244 -0.170 -0.186
-0.244 -0.133 -0.221
-0.247 -0.228 -0.236
-0.294 -0.325 -0.223
-0.190 -0.193 -0.146
-0.377 -0.314 -0.225
-0.249 -0.257 -0.122
-0.395 -0.421 -0.244
-0.243 -0.303 -0.193
-0.244 -0.265 -0.169
-0.027 -0.074 -0.018
-0.166 -0.229 -0.150
-0.126 -0.181 -0.131
-0.126 -0.198 -0.176
-0.174 -0.240 -0.210
-0.128 -0.234 -0.222
-0.080 -0.193 -0.214
 0.160  0.051 -0.022
 0.049 -0.061 -0.114
 0.026 -0.047 -0.056
 0.110  0.053  0.071
 0.095  0.064  0.137
 0.224  0.197  0.254
 0.174  0.152  0.220
 0.298  0.244  0.247
 0.168  0.112  0.137
 0.235  0.186  0.194
 0.145  0.094  0.114
 0.158  0.106  0.094
 0.137  0.074  0.040
 0.338  0.270  0.172
 0.210  0.143  0.081
 0.193  0.133  0.094
 0.164  0.128  0.103
 0.154  0.139  0.139
 0.222  0.214  0.172
 0.090  0.073  0.057
 0.168  0.201  0.152
 0.056  0.035  0.010
 0.053  0.033 -0.003
-0.079 -0.076 -0.077
-0.060 -0.063 -0.087
-0.093 -0.091 -0.108
 0.110  0.088  0.004
 0.003 -0.005 -0.061
 0.017  0.028 -0.031
 0.069  0.088  0.012
-0.001  0.061  0.037
 0.018  0.062  0.031
-0.003  0.061  0.052
 0.023  0.077  0.072
-0.048 -0.026 -0.017
-0.029 -0.027 -0.026
-0.153 -0.126 -0.103
-0.074 -0.065 -0.089
-0.175 -0.164 -0.155
-0.102 -0.134 -0.091
-0.210 -0.218 -0.150
-0.083 -0.087 -0.054
-0.162 -0.167 -0.118
-0.118 -0.128 -0.083
-0.066 -0.093 -0.071
-0.063 -0.093 -0.071
 0.051  0.076  0.074
-0.089 -0.125 -0.102
-0.077 -0.111 -0.096
-0.130 -0.135 -0.102
-0.054 -0.054 -0.026
-0.076 -0.053 -0.004
-0.027 -0.004  0.043
 0.181  0.209  0.228
 0.089  0.118  0.156
 0.192  0.203  0.191
 0.017  0.056  0.090
 0.112  0.125  0.128
-0.027  0.007  0.040
 0.181  0.188  0.139
 0.029  0.025  0.012
 0.031  0.042 -0.003
 0.018  0.036 -0.009
-0.013  0.019  0.001
 0.018  0.064  0.048
 0.131  0.191  0.157
 0.114  0.159  0.130
 0.146  0.176  0.137
 0.100  0.130  0.100
 0.098  0.127  0.085
 0.069  0.092  0.040
 0.042  0.065  0.011
 0.017  0.045 -0.004
-0.046 -0.008 -0.039
-0.117 -0.058 -0.048
-0.214 -0.162 -0.118
-0.134 -0.113 -0.107
-0.252 -0.220 -0.217
-0.196 -0.166 -0.189
-0.222 -0.208 -0.219
-0.210 -0.198 -0.214
-0.165 -0.154 -0.200
-0.133 -0.118 -0.149
-0.153 -0.118 -0.117
-0.141 -0.090 -0.066
-0.019  0.028  0.035
-0.092 -0.034  0.004
 0.041  0.131  0.131
-0.030 -0.008 -0.020
-0.000 -0.007 -0.040
-0.054 -0.053 -0.056
 0.119  0.116  0.070
-0.033 -0.020 -0.025
 0.042  0.065  0.063
-0.037 -0.028 -0.015
-0.054 -0.033 -0.005
-0.057 -0.073 -0.027
-0.142 -0.135 -0.063
-0.091 -0.084 -0.045
-0.191 -0.160 -0.100
-0.082 -0.071 -0.022
-0.071 -0.073  0.003
 0.139  0.117  0.136
 0.051  0.021  0.066
 0.065  0.043  0.074
 0.006 -0.014  0.020
 0.004 -0.017  0.010
 0.012 -0.031 -0.026
 0.029 -0.013 -0.011
 0.056  0.016  0.013
-0.024 -0.054 -0.028
 0.007 -0.035 -0.038
-0.139 -0.168 -0.128
-0.001 -0.032 -0.038
-0.144 -0.175 -0.135
-0.141 -0.170 -0.135
-0.136 -0.159 -0.133
-0.160 -0.169 -0.136
-0.094 -0.124 -0.111
-0.125 -0.157 -0.122
-0.036 -0.079 -0.041
-0.164 -0.149 -0.086
-0.206 -0.170 -0.115
-0.213 -0.175 -0.133
-0.263 -0.224 -0.171
-0.169 -0.135 -0.105
-0.175 -0.132 -0.092
-0.018  0.031  0.049
-0.096 -0.045 -0.004
 0.036  0.110  0.121
-0.093 -0.016  0.026
-0.111 -0.049  0.009
-0.081 -0.024  0.028
-0.105 -0.036  0.002
-0.136 -0.089 -0.072
-0.163 -0.136 -0.140
 0.018  0.108  0.063
-0.168 -0.129 -0.125
-0.090  0.010  0.001
-0.164 -0.115 -0.119
-0.119 -0.092 -0.105
-0.135 -0.095 -0.098
 0.032  0.056 -0.005
-0.143 -0.105 -0.105
-0.147 -0.125 -0.091
-0.105 -0.101 -0.109
-0.015  0.007 -0.093
 0.100  0.119 -0.064
 0.139  0.193 -0.068
 0.259  0.397  0.092
 0.042  0.110 -0.069
 0.181  0.151  0.121
 0.165  0.111  0.050
 0.216  0.196  0.089
 0.139  0.131  0.088
 0.193  0.179  0.141
 0.075  0.092  0.119
 0.201  0.211  0.166
-0.022 -0.018 -0.020
 0.142  0.110  0.044
-0.004 -0.030 -0.073
-0.010 -0.038 -0.081
-0.099 -0.123 -0.137
-0.103 -0.119 -0.132
-0.102 -0.114 -0.108
-0.091 -0.086 -0.062
-0.058 -0.055 -0.030
-0.066 -0.062 -0.027
-0.109 -0.101 -0.060
-0.114 -0.076 -0.037
 0.004  0.118  0.138
-0.157 -0.087 -0.044
 0.028  0.144  0.151
-0.139 -0.082 -0.048
-0.135 -0.085 -0.060
-0.186 -0.137 -0.102
-0.071 -0.054 -0.047
-0.157 -0.120 -0.076
 0.074  0.104  0.094
-0.058 -0.017  0.018
 0.088  0.134  0.154
 0.035  0.075  0.097
 0.070  0.126  0.142
 0.107  0.150  0.158
 0.036  0.067  0.083
 0.052  0.051  0.053
-0.049 -0.037  0.011
 0.110  0.124  0.143
 0.011  0.034  0.082
 0.036  0.079  0.113
 0.005  0.046  0.091
 0.046  0.068  0.079
 0.273  0.311  0.228
 0.164  0.220  0.128
 0.262  0.298  0.155
 0.228  0.248  0.141
 0.270  0.268  0.124
 0.273  0.346  0.097
 0.382  0.438  0.130
 0.177  0.231  0.045
 0.259  0.297  0.142
 0.312  0.323  0.119
 0.118  0.112  0.084
 0.120  0.114  0.123
 0.091  0.096  0.094
 0.096  0.096  0.081
 0.042  0.035  0.021
 0.198  0.175  0.089
 0.047  0.039  0.006
 0.053  0.058  0.021
 0.119  0.130  0.057
 0.128  0.132  0.047
 0.261  0.250  0.129
 0.219  0.211  0.137
 0.194  0.182  0.113
 0.310  0.385  0.247
 0.234  0.261  0.093
 0.174  0.177  0.110
 0.176  0.184  0.049
 0.367  0.425  0.111
 0.332  0.362  0.129
 0.356  0.364  0.201
 0.152  0.225  0.051
 0.172  0.229  0.071
-0.066 -0.035 -0.030
 0.033  0.041  0.078
-0.162 -0.194 -0.049
-0.070 -0.140  0.014
-0.103 -0.218 -0.011
-0.092 -0.215  0.004
-0.119 -0.238 -0.026
-0.099 -0.217 -0.012
-0.045 -0.181 -0.009
-0.047 -0.150  0.006
 0.043 -0.005  0.111
-0.041 -0.102  0.041
 0.022 -0.037  0.066
 0.038 -0.010  0.072
 0.066  0.012  0.092
-0.027 -0.073  0.033
 0.157  0.106  0.107
-0.044 -0.085 -0.028
-0.057 -0.062 -0.025
-0.032 -0.040 -0.023
-0.001 -0.001  0.020
 0.025  0.016  0.043
 0.015 -0.017  0.033
 0.196  0.218  0.224
 0.034 -0.014  0.022
 0.003 -0.048 -0.026
-0.086 -0.141 -0.102
-0.084 -0.143 -0.105
-0.121 -0.193 -0.145
-0.051 -0.142 -0.118
-0.048 -0.137 -0.108
 0.029 -0.070 -0.056
-0.044 -0.116 -0.067
 0.084  0.014  0.033
-0.068 -0.109 -0.052
-0.078 -0.100 -0.060
-0.182 -0.203 -0.130
-0.178 -0.192 -0.112
-0.225 -0.215 -0.108
-0.139 -0.139 -0.049
-0.258 -0.228 -0.075
-0.132 -0.124  0.003
-0.242 -0.231 -0.065
-0.218 -0.209 -0.055
-0.258 -0.231 -0.079
-0.234 -0.208 -0.053
-0.010  0.018  0.122
-0.133 -0.179 -0.070
-0.093 -0.170 -0.084
-0.118 -0.195 -0.131
-0.083 -0.158 -0.114
-0.163 -0.228 -0.147
-0.125 -0.217 -0.162
-0.184 -0.253 -0.173
-0.095 -0.168 -0.104
-0.099 -0.158 -0.068
 0.003 -0.070 -0.036
-0.065 -0.086 -0.091
 0.126  0.096  0.003
-0.084 -0.116 -0.171
 0.046 -0.005 -0.096
-0.139 -0.179 -0.222
-0.052 -0.101 -0.161
-0.111 -0.137 -0.166
 0.028 -0.002 -0.069
-0.106 -0.128 -0.166
-0.039 -0.052 -0.109
-0.144 -0.147 -0.140
-0.156 -0.136 -0.125
-0.158 -0.136 -0.130
-0.018  0.004 -0.027
-0.057 -0.049 -0.074
 0.010  0.061  0.018
-0.155 -0.145 -0.175
-0.146 -0.135 -0.163
-0.231 -0.190 -0.209
-0.210 -0.185 -0.211
-0.258 -0.223 -0.249
-0.078 -0.064 -0.123
-0.082 -0.052 -0.051
 0.011  0.048  0.061
-0.063  0.003  0.059
 0.047  0.093  0.119
 0.175  0.224  0.216
 0.149  0.174  0.169
 0.342  0.374  0.306
 0.149  0.166  0.141
 0.235  0.263  0.192
 0.043  0.072  0.052
 0.097  0.096  0.074
-0.018 -0.027 -0.011
 0.065  0.033  0.018
 0.044  0.030  0.006
 0.181  0.155  0.086
-0.026 -0.015 -0.025
 0.028  0.029 -0.012
-0.139 -0.115 -0.112
-0.154 -0.140 -0.137
-0.127 -0.121 -0.126
-0.073 -0.090 -0.116
 0.079  0.053 -0.002
-0.015 -0.047 -0.102
-0.017 -0.050 -0.116
-0.012 -0.049 -0.120
 0.022 -0.007 -0.083
 0.111  0.053 -0.059
 0.101  0.054 -0.038
 0.193  0.152  0.043
 0.162  0.114  0.019
 0.133  0.102  0.025
 0.034  0.026 -0.000
-0.016 -0.021 -0.035
 0.029  0.017 -0.012
-0.071 -0.081 -0.066
 0.018 -0.019 -0.033
-0.045 -0.058 -0.046
-0.053 -0.058 -0.039
-0.085 -0.068 -0.017
-0.088 -0.053 -0.011
 0.068  0.106  0.106
-0.083 -0.058 -0.022
 0.107  0.120  0.094
-0.067 -0.045 -0.018
-0.020  0.019  0.025
-0.076 -0.036  0.008
-0.098 -0.028  0.040
-0.086 -0.013  0.043
-0.003  0.063  0.102
-0.007  0.052  0.090
 0.184  0.302  0.316
 0.009  0.053  0.095
-0.022  0.015  0.052
-0.007  0.016  0.039
 0.085  0.091  0.059
-0.001  0.016  0.015
 0.113  0.115  0.076
 0.003  0.030  0.029
 0.005  0.043  0.046
 0.201  0.248  0.193
 0.024  0.063  0.064
-0.006  0.062  0.049
 0.074  0.121  0.077
-0.019  0.057  0.050
-0.016  0.029  0.018
-0.075 -0.011  0.008
-0.062 -0.003  0.004
-0.080 -0.003  0.032
-0.064  0.013  0.052
 0.034  0.115  0.142
 0.051  0.125  0.160
 0.074  0.148  0.143
 0.062  0.122  0.139
 0.106  0.224  0.249
-0.019  0.044  0.100
 0.145  0.285  0.288
-0.082 -0.010  0.032
-0.107 -0.054 -0.013
-0.047 -0.027  0.008
-0.056 -0.024  0.020
-0.033 -0.022  0.009
-0.108 -0.061  0.010
-0.138 -0.080 -0.001
-0.138 -0.075 -0.005
-0.117 -0.076 -0.033
-0.097 -0.090 -0.070
 0.020  0.051  0.005
-0.024 -0.042 -0.119
 0.002 -0.031 -0.109
 0.000 -0.038 -0.117
 0.046 -0.009 -0.122
 0.010 -0.026 -0.122
 0.155  0.103 -0.026
 0.029  0.017 -0.072
 0.056  0.085  0.013
-0.125 -0.074 -0.092
-0.119 -0.053 -0.065
-0.172 -0.127 -0.107
-0.127 -0.090 -0.086
 0.020  0.034  0.001
-0.057 -0.066 -0.076
 0.006  0.004 -0.030
-0.029 -0.022 -0.042
 0.001  0.015 -0.019
-0.075 -0.070 -0.072
-0.071 -0.056 -0.055
-0.108 -0.110 -0.111
-0.057 -0.082 -0.114
-0.132 -0.169 -0.162
 0.033 -0.022 -0.056
-0.124 -0.177 -0.167
 0.005 -0.047 -0.069
-0.010 -0.083 -0.095
 0.048 -0.053 -0.075
 0.280  0.228  0.182
 0.103  0.039  0.053
 0.131  0.086  0.110
 0.108  0.076  0.113
 0.124  0.081  0.104
 0.053  0.019  0.034
 0.093  0.054  0.058
-0.010 -0.021  0.019
 0.063  0.048  0.053
-0.157 -0.147 -0.089
-0.169 -0.188 -0.148
-0.214 -0.241 -0.205
-0.128 -0.186 -0.189
-0.207 -0.254 -0.228
-0.121 -0.145 -0.130
-0.254 -0.264 -0.207
-0.274 -0.274 -0.193
-0.279 -0.280 -0.196
-0.278 -0.285 -0.202
-0.226 -0.256 -0.189
-0.134 -0.169 -0.109
 0.106  0.133  0.156
-0.083 -0.103 -0.048
-0.096 -0.114 -0.056
-0.014 -0.051 -0.028
-0.034 -0.066 -0.048
 0.137  0.162  0.139
-0.011 -0.048 -0.044
-0.008 -0.037 -0.033
-0.007 -0.030 -0.039
-0.008 -0.033 -0.042
 0.189  0.159  0.095
 0.013 -0.024 -0.048
 0.121  0.065 -0.009
-0.020 -0.076 -0.121
-0.015 -0.081 -0.136
-0.080 -0.129 -0.162
 0.015 -0.050 -0.107
-0.014 -0.057 -0.076
 0.079  0.037  0.011
 0.008 -0.014 -0.008
 0.009 -0.010 -0.001
 0.022  0.011  0.010
-0.024 -0.040 -0.045
 0.102  0.090  0.048
-0.083 -0.112 -0.119
 0.095  0.037 -0.020
-0.000 -0.061 -0.089
 0.232  0.166  0.080
 0.058 -0.011 -0.054
 0.116  0.053  0.001
 0.078  0.009 -0.031
 0.115  0.054  0.012
 0.094  0.028 -0.015
 0.317  0.303  0.225
 0.154  0.088  0.053
 0.135  0.068  0.053
 0.085  0.037  0.033
 0.172  0.126  0.098
 0.038  0.010  0.029
 0.139  0.184  0.197
-0.009 -0.027 -0.000
 0.041  0.007  0.009
-0.024 -0.050 -0.040
 0.023 -0.011 -0.018
-0.110 -0.127 -0.101
 0.068  0.044  0.026
-0.118 -0.134 -0.105
-0.025 -0.028 -0.017
-0.083 -0.088 -0.057
-0.083 -0.068 -0.042
-0.055 -0.058 -0.052
-0.061 -0.053 -0.045
-0.019 -0.032 -0.043
 0.009 -0.004 -0.017
 0.206  0.249  0.194
 0.023  0.015 -0.017
 0.065  0.050  0.001
 0.125  0.124  0.058
 0.125  0.109  0.056
 0.110  0.102  0.046
 0.205  0.287  0.221
 0.066  0.085  0.068
 0.091  0.113  0.097
 0.048  0.078  0.081
 0.169  0.191  0.165
 0.059  0.091  0.097
 0.051  0.096  0.110
 0.008  0.052  0.073
 0.009  0.054  0.075
 0.071  0.107  0.110
 0.196  0.270  0.248
 0.150  0.197  0.184
 0.214  0.319  0.309
 0.108  0.172  0.186
 0.151  0.194  0.183
 0.098  0.165  0.174
 0.115  0.172  0.167
 0.092  0.145  0.131
 0.054  0.102  0.093
 0.026  0.074  0.059
 0.054  0.086  0.049
 0.063  0.087  0.044
 0.127  0.136  0.065
 0.040  0.075  0.041
 0.054  0.073  0.029
 0.007  0.056  0.042
 0.001  0.039  0.042
 0.013  0.042  0.044
 0.077  0.139  0.129
-0.047 -0.033 -0.030
-0.040 -0.037 -0.044
-0.070 -0.072 -0.075
 0.009 -0.012 -0.046
-0.025 -0.029 -0.059
 0.103  0.118  0.069
-0.051 -0.035 -0.032
-0.067 -0.036 -0.011
 0.058  0.159  0.182
-0.036  0.003  0.048
 0.007  0.048  0.096
-0.056 -0.018  0.060
 0.010  0.026  0.075
 0.105  0.190  0.215
-0.023  0.002  0.063
 0.030  0.045  0.081
-0.005  0.029  0.057
 0.038  0.055  0.064
 0.105  0.125  0.119
 0.030  0.034  0.046
 0.118  0.103  0.092
 0.021  0.016  0.041
 0.127  0.127  0.116
-0.085 -0.095 -0.084
-0.108 -0.106 -0.092
-0.102 -0.107 -0.090
-0.073 -0.066 -0.058
-0.046 -0.050 -0.053
-0.071 -0.035 -0.006
-0.046 -0.007  0.045
-0.050 -0.006  0.057
-0.016  0.008  0.059
-0.064 -0.015  0.062
-0.015  0.026  0.059
-0.121 -0.059 -0.011
-0.097 -0.059 -0.023
-0.082 -0.049 -0.023
 0.034  0.085  0.076
-0.001  0.006  0.003
 0.020  0.012 -0.008
-0.043 -0.040 -0.045
-0.025 -0.040 -0.062
-0.077 -0.084 -0.088
-0.010 -0.025 -0.054
-0.142 -0.145 -0.143
-0.107 -0.110 -0.140
-0.346 -0.348 -0.332
-0.225 -0.248 -0.279
-0.327 -0.349 -0.347
-0.061 -0.103 -0.161
-0.186 -0.226 -0.253
-0.153 -0.178 -0.193
-0.123 -0.133 -0.125
-0.079 -0.073 -0.053
-0.024 -0.003  0.012
-0.021 -0.007  0.019
 0.046  0.032  0.012
-0.006 -0.004 -0.006
-0.003  0.033  0.028
-0.098 -0.061 -0.034
 0.003  0.048  0.091
-0.046 -0.060 -0.029
 0.029  0.004  0.018
-0.004 -0.024  0.028
 0.061  0.037  0.081
-0.016  0.017  0.061
 0.156  0.165  0.161
 0.058  0.068  0.083
 0.131  0.155  0.154
-0.018 -0.001  0.044
-0.087 -0.071 -0.008
-0.113 -0.096 -0.040
-0.101 -0.085 -0.044
 0.131  0.185  0.170
-0.032 -0.049 -0.037
 0.015 -0.012 -0.026
-0.026 -0.050 -0.042
 0.033  0.003 -0.019
-0.025 -0.056 -0.062
 0.059 -0.001 -0.055
-0.011 -0.063 -0.105
 0.163  0.114  0.013
-0.006 -0.045 -0.107
 0.175  0.132  0.014
 0.042  0.007 -0.069
 0.196  0.148  0.036
 0.091  0.044 -0.032
 0.198  0.161  0.075
 0.050  0.025 -0.016
 0.028  0.023  0.011
-0.009 -0.003  0.007
 0.073  0.051  0.032
 0.052  0.030  0.006
 0.293  0.237  0.141
 0.092  0.055  0.024
 0.087  0.084  0.045
 0.152  0.143  0.084
 0.105  0.102  0.067
 0.120  0.102  0.073
 0.108  0.085  0.041
 0.106  0.050  0.011
 0.065  0.027  0.002
 0.126  0.157  0.108
-0.058 -0.069 -0.055
-0.113 -0.121 -0.089
-0.148 -0.144 -0.114
-0.131 -0.138 -0.112
-0.108 -0.106 -0.061
 0.175  0.192  0.181
 0.037  0.023  0.033
 0.071  0.069  0.045
 0.025  0.028  0.026
 0.008  0.024  0.040
 0.152  0.160  0.154
 0.020  0.037  0.078
 0.061  0.070  0.088
 0.034  0.057  0.060
 0.067  0.083  0.051
-0.056 -0.039 -0.035
 0.045  0.035  0.009
-0.021 -0.020 -0.037
 0.150  0.131  0.082
 0.072  0.060  0.031
 0.180  0.176  0.129
 0.084  0.090  0.041
 0.050  0.066  0.017
 0.031  0.042  0.002
 0.091  0.096  0.027
 0.025  0.024 -0.052
 0.026  0.010 -0.050
 0.017  0.026 -0.029
 0.028  0.064 -0.005
-0.053 -0.010 -0.042
-0.009  0.031 -0.004
-0.028  0.039  0.009
 0.044  0.078  0.047
 0.004  0.037  0.045
 0.189  0.211  0.160
-0.008  0.022  0.028
-0.039  0.010  0.005
-0.075 -0.052 -0.072
 0.040  0.026 -0.028
-0.017 -0.033 -0.066
 0.180  0.156  0.065
-0.025 -0.028 -0.072
 0.099  0.098  0.028
-0.087 -0.094 -0.104
-0.023 -0.055 -0.091
-0.079 -0.093 -0.102
 0.074  0.075  0.038
-0.087 -0.079 -0.074
-0.096 -0.077 -0.077
-0.152 -0.142 -0.113
-0.163 -0.171 -0.132
-0.007 -0.024 -0.009
-0.119 -0.140 -0.112
-0.153 -0.164 -0.134
-0.111 -0.132 -0.102
-0.072 -0.102 -0.059
-0.082 -0.118 -0.063
-0.058 -0.088 -0.053
-0.074 -0.117 -0.069
-0.058 -0.116 -0.074
-0.028 -0.089 -0.073
-0.104 -0.131 -0.081
-0.133 -0.151 -0.110
-0.045 -0.080 -0.060
-0.137 -0.164 -0.124
-0.062 -0.122 -0.107
-0.149 -0.197 -0.142
 0.005 -0.050 -0.038
-0.140 -0.177 -0.130
-0.001 -0.051 -0.043
-0.123 -0.171 -0.144
 0.036 -0.027 -0.071
-0.075 -0.147 -0.153
 0.079  0.001 -0.029
-0.041 -0.100 -0.096
 0.058  0.024  0.021
 0.021 -0.021 -0.012
 0.199  0.144  0.102
 0.033 -0.004  0.013
 0.222  0.172  0.165
 0.068  0.012  0.053
 0.141  0.079  0.091
 0.052 -0.025  0.021
 0.023 -0.028  0.024
-0.007 -0.054 -0.019
-0.013 -0.061 -0.030
 0.040 -0.024 -0.014
-0.019 -0.070 -0.035
 0.121  0.061  0.049
 0.021 -0.023  0.008
 0.168  0.140  0.145
 0.028 -0.005  0.031
 0.067  0.043  0.064
-0.026 -0.042 -0.010
-0.068 -0.067 -0.031
-0.086 -0.086 -0.031
-0.102 -0.081 -0.032
-0.084 -0.077 -0.046
-0.006  0.025  0.018
-0.024 -0.026 -0.032
 0.067  0.039  0.016
-0.010 -0.004  0.024
 0.051  0.117  0.151
 0.003  0.023  0.050
 0.031  0.040  0.070
-0.034 -0.025  0.008
 0.001 -0.017  0.003
-0.064 -0.060 -0.034
 0.068  0.061  0.049
-0.039 -0.016  0.023
 0.064  0.076  0.102
-0.000  0.027  0.075
 0.164  0.164  0.181
 0.061  0.057  0.088
 0.207  0.218  0.206
 0.054  0.067  0.103
 0.100  0.136  0.170
 0.021  0.053  0.111
 0.185  0.271  0.279
-0.008  0.010  0.048
 0.101  0.090  0.082
-0.024 -0.026 -0.014
 0.015  0.018 -0.003
-0.050 -0.042 -0.026
 0.041  0.036  0.020
-0.007 -0.005  0.001
 0.200  0.191  0.146
 0.050  0.037  0.030
 0.028  0.036  0.023
-0.033 -0.017 -0.006
-0.060 -0.045 -0.024
-0.078 -0.068 -0.038
-0.045 -0.057 -0.003
-0.079 -0.078 -0.031
-0.084 -0.099 -0.070
-0.096 -0.104 -0.085
-0.010  0.056  0.047
-0.135 -0.136 -0.092
-0.100 -0.111 -0.080
-0.106 -0.109 -0.106
-0.028 -0.053 -0.088
-0.047 -0.054 -0.096
 0.158  0.149  0.054
-0.050 -0.046 -0.084
-0.086 -0.066 -0.089
-0.097 -0.080 -0.107
 0.091  0.086  0.013
-0.003 -0.005 -0.041
 0.197  0.194  0.123
 0.028  0.033  0.011
 0.033  0.052  0.038
 0.001  0.024  0.009
-0.041 -0.007 -0.011
-0.076 -0.033 -0.026
-0.075 -0.028 -0.023
-0.046 -0.027 -0.042
-0.032 -0.030 -0.054
 0.024  0.017 -0.039
-0.001 -0.004 -0.052
 0.120  0.137  0.035
-0.036  0.007 -0.032
 0.015  0.067  0.015
-0.026  0.003 -0.035
 0.018  0.042 -0.022
 0.071  0.078 -0.018
 0.059  0.106  0.028
 0.139  0.217  0.144
 0.083  0.168  0.118
 0.114  0.206  0.165
 0.066  0.138  0.141
 0.130  0.195  0.187
 0.132  0.191  0.175
 0.212  0.253  0.196
 0.034  0.095  0.101
 0.131  0.194  0.175
-0.072  0.008  0.032
 0.061  0.125  0.100
-0.094 -0.028 -0.018
-0.043  0.015  0.012
 0.137  0.213  0.158
 0.057  0.120  0.062
 0.155  0.246  0.177
 0.104  0.122  0.059
 0.105  0.122  0.043
-0.016  0.010 -0.046
-0.018  0.010 -0.052
-0.116 -0.071 -0.094
 0.027  0.092  0.015
-0.147 -0.097 -0.090
-0.045  0.024  0.008
-0.137 -0.118 -0.097
-0.094 -0.074 -0.082
-0.141 -0.138 -0.133
-0.087 -0.094 -0.106
-0.095 -0.112 -0.119
-0.121 -0.144 -0.145
-0.160 -0.190 -0.159
-0.128 -0.164 -0.150
-0.090 -0.131 -0.147
-0.147 -0.164 -0.152
-0.094 -0.096 -0.088
-0.117 -0.141 -0.077
-0.085 -0.112 -0.028
-0.090 -0.114 -0.003
 0.002 -0.043  0.029
-0.035 -0.084 -0.003
 0.146  0.078  0.121
 0.009 -0.049  0.016
 0.016 -0.030  0.019
 0.004 -0.026  0.003
-0.002 -0.031  0.008
 0.033  0.001  0.016
 0.075  0.029  0.027
 0.133  0.060  0.048
 0.113  0.039  0.049
 0.182  0.187  0.181
 0.067  0.022  0.051
 0.054  0.019  0.070
 0.045  0.028  0.097
 0.056  0.025  0.089
 0.048  0.003  0.076
 0.024 -0.007  0.066
-0.067 -0.093 -0.006
 0.079  0.044  0.069
-0.136 -0.212 -0.132
-0.226 -0.325 -0.205
-0.138 -0.264 -0.168
-0.212 -0.265 -0.236
-0.096 -0.189 -0.173
-0.086 -0.153 -0.137
 0.082  0.055  0.027
-0.076 -0.123 -0.084
-0.091 -0.128 -0.064
-0.031 -0.090 -0.011
 0.003 -0.062  0.059
 0.250  0.175  0.248
 0.185  0.122  0.218
 0.231  0.171  0.231
 0.243  0.151  0.165
 0.139  0.056  0.103
 0.142  0.075  0.114
 0.097  0.058  0.099
-0.002 -0.020  0.049
 0.059  0.071  0.075
-0.106 -0.082 -0.023
-0.043 -0.014 -0.002
-0.103 -0.149 -0.068
-0.096 -0.136 -0.075
 0.009 -0.040 -0.015
-0.077 -0.117 -0.066
-0.104 -0.126 -0.058
-0.171 -0.159 -0.045
-0.029 -0.022  0.051
-0.148 -0.115 -0.037
 0.029  0.071  0.082
-0.117 -0.073 -0.028
-0.101 -0.073 -0.045
-0.013  0.051  0.047
-0.119 -0.111 -0.096
-0.036 -0.042 -0.049
-0.142 -0.133 -0.116
-0.102 -0.096 -0.115
-0.142 -0.132 -0.132
-0.115 -0.100 -0.104
 0.113  0.177  0.125
-0.071 -0.052 -0.065
-0.046 -0.025 -0.048
-0.102 -0.062 -0.056
-0.049 -0.023 -0.022
-0.095 -0.054 -0.047
-0.029 -0.027 -0.046
-0.052 -0.045 -0.067
 0.081  0.059 -0.020
-0.056 -0.070 -0.126
-0.093 -0.096 -0.128
-0.141 -0.148 -0.167
-0.168 -0.171 -0.176
-0.151 -0.164 -0.166
-0.147 -0.174 -0.172
-0.130 -0.148 -0.143
-0.168 -0.167 -0.150
-0.015 -0.033 -0.060
-0.108 -0.117 -0.106
-0.105 -0.104 -0.104
-0.050 -0.078 -0.130
-0.139 -0.145 -0.161
-0.110 -0.115 -0.148
-0.176 -0.178 -0.195
-0.133 -0.138 -0.177
-0.166 -0.152 -0.167
-0.100 -0.095 -0.120
-0.154 -0.138 -0.122
-0.074 -0.073 -0.071
-0.136 -0.122 -0.099
 0.058  0.072  0.044
-0.039 -0.025 -0.028
 0.040  0.060  0.056
 0.037  0.032  0.014
 0.054  0.047  0.001
 0.105  0.122  0.058
 0.065  0.053 -0.013
 0.232  0.219  0.098
 0.035  0.026 -0.030
 0.024  0.023 -0.030
 0.105  0.097  0.036
-0.034 -0.013 -0.027
-0.041 -0.038 -0.050
-0.030 -0.040 -0.048
 0.032  0.030  0.013
-0.058 -0.012  0.016
-0.016  0.025  0.044
-0.120 -0.057 -0.007
-0.016  0.009 -0.005
-0.068 -0.050 -0.045
 0.013  0.034 -0.003
-0.049 -0.021 -0.028
 0.004  0.033  0.013
-0.061 -0.013 -0.008
 0.077  0.107  0.074
-0.012  0.024  0.036
 0.164  0.215  0.188
 0.002  0.043  0.055
-0.019  0.021  0.048
 0.000  0.023  0.024
-0.015  0.012  0.022
-0.020  0.012  0.027
 0.159  0.173  0.142
-0.012  0.008  0.029
-0.002  0.013  0.039
 0.009  0.009  0.035
 0.005  0.042  0.063
 0.026  0.054  0.055
 0.012  0.045  0.067
-0.003  0.027  0.030
-0.006  0.005 -0.002
 0.174  0.239  0.175
-0.013 -0.027 -0.065
 0.030  0.004 -0.056
-0.028 -0.044 -0.076
-0.016 -0.020 -0.066
 0.098  0.100  0.052
 0.035  0.036  0.013
 0.152  0.154  0.111
 0.072  0.087  0.086
 0.268  0.287  0.219
 0.033  0.070  0.083
-0.014  0.035  0.067
-0.008  0.035  0.061
-0.001  0.031  0.046
-0.011  0.001  0.003
-0.049 -0.055 -0.045
-0.058 -0.075 -0.050
-0.068 -0.068 -0.031
-0.086 -0.081 -0.027
 0.068  0.154  0.187
-0.115 -0.085 -0.010
-0.134 -0.094  0.001
 0.026  0.057  0.100
-0.141 -0.094  0.002
-0.076 -0.036  0.048
-0.148 -0.081  0.043
