 0.127  0.359 -0.257
 0.346  0.563 -0.115
 0.168  0.385 -0.250
 0.213  0.432 -0.222
 0.034  0.288 -0.289
 0.014  0.289 -0.300
-0.048  0.261 -0.320
 0.077  0.368 -0.246
-0.024  0.295 -0.296
 0.040  0.372 -0.268
-0.024  0.326 -0.266
-0.071  0.317 -0.280
-0.150  0.248 -0.333
 0.081  0.460 -0.174
-0.173  0.201 -0.376
-0.167  0.224 -0.336
-0.150  0.174 -0.304
 0.067  0.361 -0.210
-0.088  0.233 -0.307
-0.115  0.237 -0.318
-0.021  0.386 -0.182
-0.110  0.240 -0.274
-0.078  0.258 -0.226
-0.123  0.213 -0.259
-0.071  0.255 -0.251
-0.121  0.213 -0.280
-0.116  0.234 -0.278
 0.156  0.515 -0.077
 0.005  0.344 -0.203
 0.066  0.380 -0.156
 0.167  0.508 -0.023
-0.010  0.304 -0.182
-0.118  0.224 -0.294
-0.118  0.241 -0.315
 0.042  0.367 -0.219
 0.042  0.341 -0.225
 0.277  0.552 -0.037
 0.163  0.432 -0.125
 0.085  0.374 -0.152
-0.020  0.302 -0.172
 0.242  0.626  0.073
 0.129  0.427 -0.100
 0.157  0.457 -0.076
 0.291  0.616  0.092
 0.169  0.475  0.003
 0.194  0.489  0.008
 0.124  0.425 -0.012
 0.125  0.419 -0.006
 0.170  0.441 -0.011
 0.399  0.667  0.150
 0.214  0.490 -0.010
 0.083  0.414 -0.081
 0.180  0.568  0.047
-0.015  0.350 -0.108
 0.179  0.627  0.184
 0.084  0.391 -0.033
 0.093  0.389 -0.020
 0.108  0.399 -0.007
 0.097  0.380 -0.026
 0.114  0.399 -0.018
 0.150  0.481  0.060
 0.065  0.358 -0.017
 0.124  0.392  0.012
 0.002  0.292 -0.040
 0.119  0.401  0.033
-0.025  0.280 -0.032
 0.073  0.367  0.026
-0.002  0.286 -0.038
 0.192  0.449  0.076
 0.037  0.312 -0.017
 0.182  0.444  0.036
 0.421  0.646  0.163
 0.329  0.507  0.065
 0.307  0.477  0.039
 0.136  0.340 -0.024
 0.258  0.443  0.077
 0.078  0.294 -0.004
 0.243  0.424  0.059
 0.041  0.278  0.004
 0.244  0.461  0.154
 0.070  0.288 -0.046
 0.152  0.373  0.004
 0.027  0.261 -0.097
 0.111  0.328 -0.045
 0.118  0.317 -0.043
 0.091  0.310 -0.029
 0.046  0.281 -0.047
-0.010  0.244 -0.069
 0.212  0.461  0.086
-0.038  0.266 -0.062
 0.020  0.302 -0.020
 0.266  0.594  0.244
-0.015  0.261 -0.025
 0.149  0.518  0.211
 0.040  0.277 -0.001
 0.121  0.324  0.048
 0.097  0.290  0.021
 0.155  0.332  0.027
 0.141  0.318  0.015
 0.320  0.478  0.133
 0.088  0.271  0.001
 0.192  0.388  0.118
 0.034  0.219  0.002
 0.163  0.334  0.081
 0.013  0.218  0.002
 0.116  0.369  0.104
-0.046  0.201 -0.003
-0.045  0.191 -0.016
-0.045  0.202 -0.015
-0.076  0.133 -0.091
-0.103  0.115 -0.089
-0.159  0.065 -0.112
-0.033  0.177 -0.056
-0.012  0.183 -0.067
 0.091  0.273  0.002
 0.091  0.250  0.035
 0.270  0.414  0.161
 0.072  0.239  0.033
 0.284  0.437  0.161
-0.016  0.164 -0.010
-0.063  0.119 -0.037
-0.048  0.133 -0.032
-0.011  0.161  0.001
 0.117  0.338  0.218
-0.169  0.083  0.022
-0.084  0.139  0.001
 0.121  0.440  0.224
-0.033  0.164 -0.019
 0.015  0.238  0.064
-0.007  0.168  0.021
 0.037  0.209  0.045
-0.002  0.180  0.018
 0.082  0.238  0.044
-0.032  0.119 -0.023
 0.166  0.290  0.129
-0.083  0.079  0.049
-0.158  0.046  0.056
-0.142  0.063  0.063
-0.396 -0.105  0.000
-0.350 -0.097 -0.042
 0.069  0.277  0.180
-0.039  0.114  0.025
 0.148  0.374  0.236
-0.002  0.143  0.037
 0.208  0.436  0.298
-0.007  0.142  0.042
-0.018  0.139  0.035
-0.122  0.040 -0.021
-0.112  0.036  0.005
-0.242 -0.064 -0.047
-0.203 -0.038 -0.036
-0.234 -0.058 -0.037
-0.124  0.031  0.018
-0.176 -0.019 -0.008
-0.076  0.070  0.047
-0.178 -0.011 -0.007
 0.038  0.214  0.161
-0.174 -0.011 -0.006
-0.153 -0.003  0.006
-0.157 -0.013  0.005
-0.119  0.013  0.023
-0.026  0.087  0.056
-0.082  0.057  0.047
-0.057  0.081  0.067
-0.103  0.028  0.041
 0.032  0.152  0.132
-0.170 -0.035  0.012
 0.050  0.184  0.189
-0.175 -0.038  0.021
 0.084  0.217  0.196
-0.186 -0.027  0.029
-0.262 -0.073  0.021
-0.288 -0.102 -0.009
-0.364 -0.177 -0.024
-0.344 -0.167 -0.011
-0.363 -0.169  0.038
-0.350 -0.180  0.015
-0.198 -0.065  0.059
-0.160 -0.040  0.051
 0.101  0.192  0.198
-0.127 -0.024  0.046
-0.079  0.011  0.048
-0.076 -0.013  0.019
-0.183 -0.066  0.029
-0.060  0.089  0.129
-0.113  0.031  0.074
-0.032  0.098  0.091
-0.149  0.011  0.027
-0.149  0.019  0.040
-0.199 -0.007  0.035
-0.163  0.009  0.027
 0.103  0.270  0.200
-0.154  0.041  0.034
 0.107  0.270  0.168
-0.058  0.108  0.060
 0.005  0.171  0.100
-0.145  0.035  0.036
-0.184  0.005  0.023
-0.211 -0.016  0.006
-0.191 -0.001  0.004
-0.202 -0.016 -0.006
-0.110  0.045  0.013
 0.097  0.316  0.239
-0.145  0.017 -0.006
 0.005  0.282  0.241
-0.120  0.025 -0.023
-0.155  0.002 -0.033
-0.115  0.063  0.052
-0.423 -0.144 -0.049
-0.238  0.027  0.033
-0.299 -0.054 -0.070
-0.092  0.112  0.041
-0.346 -0.120 -0.084
-0.142  0.074  0.084
-0.373 -0.153 -0.049
-0.270 -0.050 -0.003
-0.210 -0.028 -0.006
-0.149  0.023  0.033
-0.152  0.022  0.032
-0.282 -0.085 -0.029
-0.239 -0.080  0.001
-0.376 -0.182 -0.056
-0.147 -0.033  0.009
 0.125  0.225  0.156
 0.029  0.117  0.057
 0.024  0.140  0.079
-0.065  0.047  0.006
-0.017  0.068  0.013
-0.028  0.064  0.016
-0.059  0.045  0.010
-0.125  0.031  0.044
 0.167  0.331  0.275
-0.106  0.055  0.068
-0.103  0.040  0.055
-0.191 -0.035  0.022
-0.157 -0.015  0.033
-0.135 -0.004  0.028
-0.135  0.003  0.039
-0.175 -0.015  0.061
-0.185 -0.009  0.064
-0.046  0.086  0.098
-0.112  0.032  0.079
-0.089  0.138  0.199
-0.169 -0.052  0.017
-0.196 -0.071  0.013
-0.032  0.085  0.118
-0.149 -0.044  0.004
-0.104  0.001  0.028
-0.066  0.001 -0.006
-0.096 -0.031 -0.009
 0.004  0.212  0.241
-0.151 -0.061 -0.027
-0.059 -0.027 -0.024
-0.102 -0.030 -0.007
-0.107 -0.025 -0.002
-0.031  0.041  0.016
-0.081 -0.016 -0.028
-0.111 -0.039 -0.031
-0.051 -0.007 -0.020
-0.106 -0.037 -0.032
-0.140 -0.061 -0.031
-0.081 -0.032 -0.026
-0.009  0.012 -0.019
 0.011  0.048 -0.015
-0.017  0.023 -0.046
-0.071 -0.007 -0.045
 0.086  0.242  0.190
-0.123 -0.061 -0.060
-0.105 -0.069 -0.081
-0.020  0.004 -0.027
 0.028  0.024 -0.056
-0.008  0.015 -0.045
-0.039  0.045  0.004
-0.313 -0.203 -0.134
-0.449 -0.286 -0.177
-0.344 -0.230 -0.159
-0.152 -0.052 -0.036
-0.129 -0.077 -0.083
 0.014  0.081  0.051
-0.122 -0.086 -0.081
-0.081 -0.010 -0.023
-0.139 -0.096 -0.104
-0.088 -0.048 -0.081
-0.284 -0.201 -0.150
-0.022  0.014 -0.038
-0.217 -0.181 -0.172
 0.002  0.010 -0.050
-0.194 -0.183 -0.200
 0.082  0.098 -0.036
-0.094 -0.076 -0.132
-0.096 -0.042 -0.081
-0.224 -0.136 -0.124
-0.183 -0.117 -0.103
-0.049  0.024  0.006
-0.183 -0.145 -0.124
-0.245 -0.190 -0.142
-0.116 -0.055 -0.047
-0.274 -0.187 -0.138
-0.086  0.027  0.050
-0.296 -0.216 -0.134
-0.232 -0.178 -0.102
-0.254 -0.199 -0.114
-0.236 -0.183 -0.091
-0.237 -0.186 -0.092
-0.178 -0.135 -0.057
-0.208 -0.155 -0.072
-0.152 -0.135 -0.082
-0.202 -0.184 -0.104
-0.265 -0.202 -0.082
-0.260 -0.209 -0.090
-0.033 -0.016  0.033
-0.178 -0.140 -0.048
 0.007  0.000 -0.004
-0.019 -0.018 -0.014
 0.050  0.052  0.043
-0.142 -0.094 -0.020
 0.101  0.110  0.099
-0.058 -0.044 -0.030
 0.221  0.204  0.135
 0.081  0.062  0.027
-0.007  0.042  0.037
-0.256 -0.147 -0.060
-0.228 -0.126 -0.019
-0.116 -0.052  0.015
-0.150 -0.069  0.007
-0.155 -0.065  0.008
-0.011  0.055  0.067
-0.055  0.002  0.010
-0.085 -0.021 -0.002
 0.004  0.153  0.177
-0.182 -0.101 -0.043
-0.065 -0.050 -0.037
-0.075 -0.052 -0.040
-0.099 -0.040 -0.026
-0.256 -0.139 -0.037
-0.237 -0.115 -0.029
-0.230 -0.119 -0.036
-0.187 -0.069  0.002
-0.250 -0.152 -0.065
-0.166 -0.088 -0.024
-0.313 -0.172 -0.064
-0.190 -0.068 -0.019
-0.247 -0.121 -0.055
-0.042  0.072  0.092
-0.280 -0.169 -0.073
-0.226 -0.109 -0.029
-0.124  0.020  0.078
-0.230 -0.152 -0.087
-0.149 -0.096 -0.051
-0.197 -0.145 -0.090
-0.065 -0.011  0.011
-0.157 -0.108 -0.078
-0.107 -0.056 -0.047
-0.071  0.009  0.008
-0.167 -0.096 -0.062
-0.014  0.021  0.008
-0.175 -0.119 -0.074
 0.026  0.075  0.060
-0.125 -0.046 -0.021
-0.012  0.055  0.026
-0.003  0.058  0.008
 0.025  0.097  0.040
-0.101 -0.017 -0.042
 0.206  0.261  0.143
 0.009  0.084  0.023
-0.017  0.082  0.015
 0.003  0.110  0.037
-0.066  0.068  0.009
 0.034  0.146  0.023
 0.158  0.356  0.234
 0.096  0.187  0.067
 0.063  0.171  0.066
 0.214  0.325  0.166
 0.081  0.169  0.029
 0.192  0.269  0.074
 0.142  0.222  0.020
 0.382  0.450  0.183
 0.125  0.191 -0.010
 0.347  0.406  0.142
 0.171  0.205 -0.024
 0.303  0.426  0.170
 0.107  0.181 -0.024
 0.107  0.186 -0.001
 0.466  0.507  0.187
 0.228  0.271  0.010
 0.439  0.462  0.140
 0.153  0.188 -0.047
 0.244  0.265  0.004
 0.114  0.157 -0.057
 0.138  0.191 -0.020
 0.063  0.154 -0.008
 0.223  0.310  0.100
 0.070  0.160 -0.010
 0.319  0.383  0.136
 0.039  0.144 -0.002
 0.038  0.151  0.015
 0.085  0.198  0.066
 0.004  0.139  0.050
 0.081  0.206  0.084
-0.066  0.072  0.004
-0.054  0.072  0.005
-0.147 -0.008 -0.044
-0.263 -0.093 -0.081
-0.272 -0.079 -0.068
-0.060  0.222  0.192
-0.230 -0.021 -0.020
-0.218 -0.000  0.001
-0.326 -0.079 -0.046
-0.266 -0.044 -0.039
-0.278 -0.068 -0.058
-0.234 -0.040 -0.041
-0.166  0.017 -0.015
 0.130  0.352  0.231
-0.004  0.103 -0.011
-0.062  0.048 -0.053
-0.013  0.081 -0.042
-0.006  0.079 -0.048
 0.027  0.110 -0.023
 0.018  0.123 -0.001
 0.255  0.358  0.136
 0.086  0.166 -0.025
 0.350  0.396  0.122
 0.087  0.147 -0.046
 0.119  0.172 -0.037
 0.059  0.127 -0.070
 0.120  0.181 -0.031
 0.042  0.109 -0.086
 0.041  0.148 -0.006
 0.020  0.079 -0.068
 0.046  0.087 -0.075
 0.037  0.097 -0.058
 0.103  0.218  0.048
 0.032  0.097 -0.051
 0.036  0.081 -0.051
-0.047  0.013 -0.056
-0.115 -0.029 -0.052
 0.100  0.177  0.069
-0.100 -0.007 -0.066
 0.009  0.148  0.055
-0.064  0.033 -0.050
-0.123 -0.005 -0.052
 0.007  0.157  0.090
-0.206 -0.042 -0.052
-0.110  0.085  0.038
-0.453 -0.221 -0.179
-0.265 -0.051 -0.044
-0.468 -0.262 -0.188
-0.222 -0.086 -0.091
-0.336 -0.175 -0.142
-0.163 -0.047 -0.055
-0.107 -0.008 -0.050
 0.003  0.109  0.004
-0.035  0.060 -0.036
-0.020  0.065 -0.021
-0.086  0.009 -0.046
-0.058  0.027 -0.042
 0.215  0.238  0.096
 0.049  0.084  0.003
 0.255  0.386  0.237
 0.043  0.095  0.005
 0.047  0.165  0.095
-0.004  0.036 -0.032
 0.145  0.256  0.148
-0.049  0.022 -0.054
 0.052  0.138  0.037
-0.060  0.020 -0.057
 0.074  0.228  0.139
-0.078 -0.033 -0.075
 0.131  0.106 -0.026
 0.063  0.043 -0.056
 0.062  0.041 -0.039
 0.244  0.206  0.060
 0.077  0.058 -0.039
 0.006  0.027 -0.039
-0.061 -0.017 -0.085
 0.121  0.119 -0.027
 0.049  0.018 -0.098
 0.172  0.120 -0.014
-0.015 -0.037 -0.093
-0.067 -0.073 -0.091
 0.111  0.043 -0.027
 0.183  0.087  0.002
 0.197  0.131  0.053
 0.072  0.027 -0.017
 0.104  0.048 -0.023
 0.224  0.130  0.007
-0.016 -0.059 -0.089
 0.129  0.125  0.065
-0.023 -0.056 -0.088
-0.072 -0.077 -0.108
 0.070  0.032 -0.076
 0.093  0.048 -0.097
 0.209  0.136 -0.045
 0.146  0.066 -0.069
 0.189  0.092 -0.034
 0.057 -0.014 -0.077
 0.040  0.003 -0.059
 0.063 -0.001 -0.081
 0.179  0.080 -0.054
 0.188  0.077 -0.046
 0.281  0.162  0.013
 0.217  0.082 -0.051
 0.446  0.283  0.115
 0.063 -0.036 -0.063
 0.137  0.022 -0.008
 0.191  0.055 -0.011
 0.314  0.167  0.057
 0.300  0.145  0.014
 0.422  0.247  0.076
 0.294  0.128  0.015
 0.509  0.338  0.162
 0.253  0.082 -0.017
 0.478  0.309  0.160
 0.222  0.052 -0.024
 0.453  0.264  0.088
 0.266  0.082 -0.041
 0.303  0.120 -0.006
 0.356  0.158  0.019
 0.251  0.058 -0.022
 0.172 -0.018 -0.081
 0.193 -0.006 -0.066
 0.179 -0.014 -0.068
-0.042 -0.120 -0.054
 0.037 -0.027  0.017
 0.074 -0.068 -0.069
 0.122 -0.030 -0.025
 0.084 -0.068 -0.046
 0.140 -0.027 -0.015
 0.252  0.092  0.081
 0.130 -0.021 -0.009
 0.334  0.203  0.163
 0.023 -0.089 -0.023
 0.024 -0.063  0.017
 0.045 -0.038  0.003
 0.260  0.099  0.035
 0.230  0.061  0.004
 0.428  0.260  0.132
 0.262  0.096  0.001
 0.276  0.108  0.013
 0.246  0.057 -0.022
 0.223  0.062  0.003
 0.174  0.029 -0.009
 0.229  0.084  0.019
 0.177  0.044 -0.012
 0.379  0.338  0.224
 0.225  0.094  0.002
 0.251  0.118  0.023
 0.163  0.044 -0.011
 0.208  0.088  0.021
 0.112  0.018 -0.012
 0.170  0.058  0.000
 0.133  0.035 -0.015
 0.238  0.138  0.053
 0.077 -0.011 -0.038
 0.197  0.075  0.014
 0.079 -0.029 -0.051
 0.085 -0.020 -0.046
 0.178  0.082  0.017
 0.083 -0.008 -0.048
 0.129  0.028 -0.022
 0.035 -0.069 -0.076
 0.073 -0.012 -0.031
 0.005 -0.097 -0.094
 0.201  0.166  0.132
 0.013 -0.080 -0.088
-0.057 -0.107 -0.093
-0.005 -0.071 -0.066
-0.031 -0.106 -0.097
-0.083 -0.139 -0.105
-0.098 -0.162 -0.112
-0.099 -0.131 -0.066
-0.306 -0.257 -0.095
-0.335 -0.283 -0.076
-0.207 -0.194 -0.052
-0.155 -0.173 -0.085
-0.111 -0.149 -0.088
-0.146 -0.176 -0.099
-0.136 -0.169 -0.102
-0.145 -0.186 -0.115
-0.050 -0.112 -0.083
-0.051 -0.116 -0.101
-0.036 -0.111 -0.104
-0.066 -0.137 -0.116
-0.026 -0.099 -0.089
-0.044 -0.105 -0.103
-0.021 -0.073 -0.090
-0.098 -0.142 -0.121
 0.141  0.080  0.046
-0.117 -0.150 -0.100
-0.052 -0.089 -0.066
-0.174 -0.176 -0.166
-0.161 -0.164 -0.177
 0.046  0.130  0.077
-0.125 -0.116 -0.121
 0.087  0.179  0.115
 0.053 -0.001 -0.068
-0.037 -0.063 -0.073
 0.150  0.222  0.177
 0.078  0.019 -0.057
 0.087  0.029 -0.055
 0.193  0.118 -0.026
 0.075  0.021 -0.055
 0.142  0.068 -0.036
 0.183  0.095 -0.036
 0.276  0.315  0.218
-0.094 -0.100 -0.071
-0.078  0.025  0.056
-0.150 -0.138 -0.136
 0.015 -0.035 -0.102
 0.192  0.102 -0.026
 0.101 -0.002 -0.101
 0.359  0.237  0.068
 0.140  0.023 -0.092
 0.340  0.233  0.048
 0.125  0.013 -0.116
 0.152  0.031 -0.113
 0.114 -0.000 -0.110
 0.168  0.064 -0.036
 0.112 -0.008 -0.080
 0.278  0.243  0.135
 0.135  0.006 -0.076
 0.210  0.185  0.107
 0.025 -0.049 -0.075
-0.008 -0.086 -0.093
 0.314  0.190  0.069
 0.104 -0.016 -0.082
 0.283  0.198  0.097
-0.143 -0.175 -0.142
-0.231 -0.252 -0.143
-0.131 -0.216 -0.122
 0.257  0.105  0.064
 0.117 -0.067 -0.086
 0.270  0.193  0.162
 0.069 -0.077 -0.069
 0.045 -0.080 -0.050
-0.010 -0.139 -0.087
 0.042 -0.109 -0.085
-0.027 -0.181 -0.133
 0.046 -0.125 -0.107
 0.059 -0.114 -0.097
 0.162 -0.042 -0.085
 0.108 -0.089 -0.116
 0.088 -0.080 -0.076
 0.056 -0.096 -0.068
 0.108 -0.047 -0.042
-0.029 -0.136 -0.117
-0.026 -0.141 -0.110
 0.020 -0.054  0.007
-0.075 -0.160 -0.078
 0.053 -0.066 -0.046
-0.050 -0.159 -0.103
 0.014 -0.120 -0.085
-0.026 -0.174 -0.123
 0.068 -0.108 -0.105
 0.031 -0.134 -0.126
 0.117 -0.055 -0.151
 0.144 -0.029 -0.137
 0.227  0.059 -0.075
 0.075 -0.048 -0.109
 0.314  0.185  0.062
 0.016 -0.116 -0.145
-0.021 -0.165 -0.185
-0.097 -0.199 -0.163
-0.109 -0.186 -0.161
 0.023 -0.100 -0.159
 0.086 -0.086 -0.176
-0.002 -0.137 -0.173
-0.014 -0.171 -0.205
-0.012 -0.153 -0.179
-0.043 -0.165 -0.173
 0.025 -0.098 -0.132
 0.035 -0.081 -0.129
 0.003 -0.081 -0.108
 0.007 -0.103 -0.129
 0.130 -0.008 -0.091
 0.106 -0.050 -0.147
 0.288  0.191  0.044
 0.148  0.009 -0.123
 0.209  0.122 -0.031
 0.152  0.049 -0.076
 0.168  0.071 -0.039
 0.098  0.009 -0.079
 0.145  0.046 -0.068
 0.101  0.013 -0.090
 0.242  0.225  0.103
 0.134  0.021 -0.089
 0.174  0.096 -0.026
 0.150  0.040 -0.079
 0.352  0.294  0.132
 0.049 -0.027 -0.078
 0.046  0.086  0.059
 0.124  0.075 -0.061
 0.181  0.100 -0.067
 0.134  0.064 -0.053
 0.256  0.179  0.029
 0.213  0.102 -0.043
 0.166  0.084 -0.045
 0.060  0.001 -0.113
 0.109  0.058 -0.125
 0.091  0.039 -0.150
 0.156  0.101 -0.085
 0.067  0.051 -0.082
 0.097  0.116  0.027
-0.199 -0.129 -0.086
-0.118 -0.081 -0.069
-0.183 -0.138 -0.115
-0.037 -0.024 -0.049
-0.013 -0.007 -0.055
 0.066  0.042 -0.059
 0.029  0.037 -0.047
 0.085  0.175  0.088
-0.100 -0.064 -0.096
-0.090 -0.054 -0.096
-0.151 -0.111 -0.135
-0.186 -0.135 -0.143
-0.006  0.037 -0.019
-0.131 -0.086 -0.115
 0.077  0.138  0.039
-0.156 -0.097 -0.136
-0.135 -0.085 -0.121
-0.161 -0.104 -0.105
-0.143 -0.091 -0.099
-0.154 -0.106 -0.112
 0.061  0.213  0.147
-0.087 -0.031 -0.077
 0.074  0.230  0.165
-0.097 -0.055 -0.078
-0.133 -0.086 -0.096
-0.090 -0.039 -0.059
-0.130 -0.057 -0.085
-0.053  0.005 -0.068
-0.005  0.019 -0.088
-0.043  0.008 -0.075
-0.070 -0.020 -0.086
 0.090  0.131  0.028
-0.037 -0.023 -0.072
 0.063  0.068 -0.006
-0.026  0.011 -0.039
 0.102  0.115  0.008
 0.016  0.027 -0.052
 0.364  0.320  0.137
 0.051  0.041 -0.014
 0.072  0.074  0.020
 0.027  0.037  0.002
 0.172  0.166  0.055
-0.096 -0.058 -0.069
 0.063  0.115  0.072
-0.305 -0.217 -0.126
-0.100 -0.053 -0.029
-0.238 -0.185 -0.124
-0.309 -0.234 -0.158
-0.260 -0.205 -0.140
-0.179 -0.131 -0.101
-0.130 -0.095 -0.067
-0.082 -0.087 -0.073
-0.060 -0.060 -0.039
-0.071 -0.073 -0.045
-0.014 -0.036 -0.027
-0.070 -0.108 -0.058
-0.067 -0.093 -0.042
-0.036 -0.056 -0.007
 0.145  0.211  0.215
-0.065 -0.067 -0.019
-0.072 -0.066 -0.017
-0.043 -0.044 -0.014
-0.038 -0.044 -0.019
 0.167  0.142  0.085
-0.013 -0.001 -0.003
 0.245  0.266  0.178
-0.028 -0.009 -0.019
-0.019 -0.018 -0.030
-0.067 -0.059 -0.056
-0.044 -0.047 -0.046
-0.046 -0.054 -0.045
-0.000  0.001 -0.008
 0.002 -0.004 -0.007
 0.184  0.230  0.177
 0.009  0.021  0.008
 0.058  0.121  0.105
-0.026 -0.011  0.001
-0.055 -0.034 -0.017
 0.073  0.072  0.043
-0.021 -0.017 -0.020
-0.040 -0.034 -0.029
-0.046 -0.043 -0.038
-0.058 -0.060 -0.048
 0.036  0.032  0.014
-0.046 -0.037 -0.019
 0.234  0.228  0.164
-0.019 -0.032 -0.011
-0.060 -0.070 -0.034
-0.091 -0.116 -0.080
-0.034 -0.077 -0.047
 0.021 -0.058 -0.049
 0.083 -0.010 -0.038
 0.047 -0.044 -0.066
 0.089 -0.008 -0.044
 0.045 -0.058 -0.071
 0.094 -0.025 -0.045
 0.042 -0.070 -0.048
 0.039 -0.069 -0.037
 0.232  0.140  0.126
-0.119 -0.153 -0.026
-0.067 -0.052  0.059
-0.029 -0.075  0.023
 0.152  0.202  0.243
 0.089 -0.003  0.027
 0.314  0.282  0.237
 0.170  0.034  0.025
 0.127 -0.012 -0.008
 0.201  0.046  0.022
 0.131 -0.004 -0.003
 0.227  0.092  0.048
 0.033 -0.057 -0.037
 0.031 -0.023  0.056
-0.233 -0.233 -0.021
 0.076  0.007  0.072
 0.075 -0.034 -0.026
 0.171  0.028 -0.036
 0.078 -0.051 -0.085
 0.229  0.087  0.003
 0.105  0.015 -0.051
 0.098  0.022 -0.049
-0.025 -0.087 -0.116
 0.033 -0.044 -0.063
 0.087  0.018 -0.015
 0.057 -0.004 -0.022
 0.147  0.071  0.023
 0.143  0.060  0.012
 0.216  0.222  0.150
 0.098  0.027 -0.024
 0.197  0.133  0.045
 0.065  0.024 -0.032
 0.046  0.019 -0.039
 0.095  0.059 -0.008
 0.249  0.321  0.218
 0.086  0.057 -0.003
 0.135  0.091  0.020
 0.121  0.070  0.010
 0.070  0.029 -0.012
 0.181  0.116  0.024
-0.032 -0.065 -0.090
 0.088  0.102  0.029
-0.043 -0.084 -0.117
 0.038 -0.014 -0.069
 0.218  0.153  0.052
 0.056  0.016 -0.020
 0.127  0.101  0.050
 0.055  0.043  0.047
 0.068  0.130  0.154
-0.046 -0.027  0.035
 0.069  0.052  0.055
 0.046  0.009  0.017
 0.171  0.121  0.074
-0.086 -0.087 -0.027
-0.056 -0.040 -0.003
-0.032 -0.025 -0.008
 0.133  0.156  0.096
 0.077  0.039 -0.016
 0.114  0.107  0.042
 0.013 -0.010 -0.032
 0.033  0.008 -0.013
-0.013 -0.029 -0.021
 0.000 -0.027 -0.033
 0.180  0.150  0.056
 0.005 -0.018 -0.052
-0.021  0.021  0.007
-0.240 -0.202 -0.113
-0.038  0.046  0.081
-0.216 -0.224 -0.151
-0.172 -0.194 -0.153
-0.006 -0.039 -0.063
-0.072 -0.120 -0.143
 0.073  0.013 -0.074
 0.040 -0.012 -0.162
 0.255  0.186 -0.001
-0.008 -0.076 -0.166
 0.204  0.133 -0.017
-0.026 -0.099 -0.167
 0.148  0.058 -0.072
-0.024 -0.087 -0.158
 0.229  0.167  0.007
-0.012 -0.071 -0.152
 0.079  0.031 -0.076
-0.070 -0.122 -0.174
 0.148  0.157  0.053
 0.000 -0.077 -0.186
-0.155 -0.194 -0.205
 0.033 -0.006 -0.050
-0.151 -0.197 -0.173
-0.040 -0.086 -0.112
-0.135 -0.178 -0.173
-0.124 -0.166 -0.169
-0.147 -0.188 -0.175
-0.131 -0.187 -0.189
-0.120 -0.187 -0.192
-0.086 -0.154 -0.188
-0.086 -0.176 -0.227
-0.112 -0.181 -0.198
-0.111 -0.194 -0.195
-0.174 -0.210 -0.165
-0.238 -0.246 -0.184
-0.215 -0.222 -0.170
-0.223 -0.241 -0.188
-0.177 -0.210 -0.178
-0.197 -0.225 -0.199
-0.135 -0.174 -0.172
-0.129 -0.186 -0.207
-0.060 -0.133 -0.177
-0.074 -0.142 -0.185
 0.174  0.192  0.086
-0.007 -0.079 -0.135
 0.072  0.092  0.020
-0.046 -0.115 -0.142
-0.164 -0.186 -0.155
-0.204 -0.197 -0.153
-0.074 -0.108 -0.130
 0.273  0.177 -0.005
 0.137  0.051 -0.086
 0.273  0.207  0.033
 0.037 -0.026 -0.149
 0.162  0.096 -0.060
 0.071 -0.008 -0.109
 0.413  0.323  0.107
 0.171  0.088 -0.053
 0.291  0.216  0.026
 0.117  0.025 -0.099
 0.347  0.253  0.059
 0.065 -0.013 -0.093
 0.044 -0.020 -0.088
-0.001 -0.043 -0.105
-0.039 -0.073 -0.128
 0.160  0.132  0.010
-0.048 -0.091 -0.132
 0.080  0.044 -0.041
-0.040 -0.073 -0.110
 0.070  0.048 -0.032
-0.052 -0.068 -0.109
-0.025 -0.039 -0.096
 0.159  0.196  0.096
-0.049 -0.082 -0.124
-0.036 -0.089 -0.149
-0.056 -0.083 -0.115
-0.070 -0.082 -0.105
 0.019  0.002 -0.055
 0.006 -0.015 -0.070
 0.105  0.110  0.007
 0.020 -0.023 -0.074
 0.066  0.132  0.094
-0.062 -0.056 -0.062
-0.011 -0.038 -0.078
 0.021 -0.017 -0.075
 0.249  0.285  0.172
 0.026 -0.002 -0.065
-0.060 -0.040 -0.054
-0.185 -0.150 -0.097
-0.165 -0.152 -0.095
 0.065  0.009 -0.018
-0.003 -0.046 -0.046
 0.108  0.070  0.031
 0.081  0.020 -0.032
 0.205  0.139  0.040
 0.070  0.018 -0.022
 0.141  0.150  0.086
-0.078 -0.102 -0.062
 0.092  0.146  0.129
-0.087 -0.090 -0.048
-0.025 -0.025 -0.014
-0.014 -0.032 -0.022
 0.049  0.008  0.005
-0.018 -0.055 -0.033
-0.042 -0.077 -0.048
 0.208  0.163  0.093
-0.035 -0.073 -0.054
 0.041 -0.013 -0.021
-0.054 -0.096 -0.056
 0.150  0.085  0.056
-0.040 -0.094 -0.056
-0.008 -0.076 -0.051
 0.079 -0.006 -0.018
 0.108 -0.009 -0.036
 0.310  0.196  0.106
 0.065 -0.035 -0.035
 0.161  0.046  0.005
 0.050 -0.043 -0.053
 0.231  0.122  0.034
 0.026 -0.056 -0.085
 0.069  0.018 -0.050
 0.076  0.004 -0.055
 0.133  0.082 -0.005
 0.114  0.055 -0.020
 0.151  0.092  0.003
 0.046  0.014 -0.045
 0.044  0.019 -0.037
-0.026 -0.034 -0.062
-0.069 -0.068 -0.103
-0.080 -0.076 -0.120
-0.188 -0.163 -0.163
-0.076 -0.073 -0.137
-0.078 -0.087 -0.119
-0.041 -0.059 -0.087
-0.037 -0.045 -0.086
 0.006 -0.023 -0.087
 0.228  0.213  0.059
-0.056 -0.052 -0.105
-0.041 -0.033 -0.087
-0.100 -0.081 -0.109
-0.093 -0.072 -0.097
-0.161 -0.102 -0.101
-0.134 -0.052 -0.089
-0.137 -0.056 -0.106
-0.017  0.145  0.033
-0.126 -0.039 -0.100
-0.082 -0.015 -0.094
-0.123 -0.061 -0.113
-0.094 -0.044 -0.105
-0.111 -0.061 -0.112
-0.105 -0.056 -0.116
 0.027  0.066 -0.050
-0.114 -0.052 -0.118
-0.054 -0.000 -0.076
-0.116 -0.059 -0.106
-0.076 -0.024 -0.082
-0.114 -0.068 -0.109
-0.102 -0.055 -0.103
-0.005  0.042 -0.050
-0.055 -0.023 -0.091
 0.005  0.032 -0.068
-0.093 -0.058 -0.108
-0.052 -0.039 -0.097
-0.056 -0.042 -0.088
-0.016 -0.007 -0.062
-0.055 -0.048 -0.077
-0.005 -0.008 -0.061
-0.054 -0.052 -0.085
-0.078 -0.066 -0.101
-0.062 -0.049 -0.096
-0.089 -0.066 -0.116
-0.038 -0.026 -0.096
-0.054 -0.043 -0.100
-0.037 -0.027 -0.085
-0.101 -0.071 -0.102
-0.076 -0.048 -0.086
-0.092 -0.074 -0.104
-0.139 -0.107 -0.111
-0.084 -0.084 -0.102
-0.101 -0.069 -0.079
-0.019 -0.025 -0.094
 0.180  0.261  0.128
 0.036  0.025 -0.057
 0.111  0.087 -0.039
 0.260  0.221 -0.001
 0.146  0.108 -0.061
 0.172  0.124 -0.049
 0.114  0.079 -0.065
 0.119  0.083 -0.049
 0.173  0.181  0.033
 0.082  0.042 -0.057
 0.150  0.096 -0.023
 0.148  0.085 -0.026
 0.303  0.226  0.062
 0.250  0.240  0.093
 0.115  0.058 -0.021
 0.286  0.218  0.074
 0.031 -0.015 -0.065
 0.078  0.031 -0.042
 0.189  0.187  0.051
-0.021 -0.024 -0.074
 0.008 -0.016 -0.067
-0.010 -0.040 -0.062
 0.038 -0.006 -0.035
 0.030 -0.020 -0.044
 0.072  0.032 -0.023
-0.048 -0.078 -0.099
-0.042 -0.042 -0.094
 0.096  0.190  0.095
-0.058 -0.052 -0.068
 0.137  0.097  0.027
 0.060  0.034 -0.000
 0.041  0.023  0.006
 0.158  0.120  0.047
 0.073  0.046  0.009
 0.192  0.149  0.069
 0.064  0.029  0.003
 0.332  0.260  0.129
 0.102  0.047 -0.003
 0.218  0.133  0.047
 0.092  0.019 -0.006
 0.162  0.069  0.028
 0.089  0.013 -0.000
 0.235  0.152  0.081
 0.029 -0.036 -0.020
 0.143  0.074  0.043
-0.073 -0.132 -0.122
-0.035 -0.064 -0.082
-0.174 -0.207 -0.163
-0.097 -0.118 -0.105
 0.251  0.160  0.078
 0.187  0.073  0.062
 0.166  0.069  0.044
 0.117  0.017 -0.010
 0.181  0.081  0.014
 0.132  0.021 -0.014
 0.220  0.135  0.076
-0.053 -0.096 -0.034
-0.024 -0.066 -0.016
-0.095 -0.130 -0.037
 0.022 -0.058 -0.016
-0.056 -0.115 -0.058
 0.105  0.143  0.146
-0.004 -0.048 -0.049
 0.041 -0.002 -0.014
 0.145  0.083  0.054
 0.250  0.155  0.092
 0.070  0.012  0.010
 0.045 -0.018 -0.021
 0.294  0.199  0.136
 0.045 -0.033 -0.019
 0.083  0.014  0.031
-0.153 -0.148 -0.036
 0.014 -0.017  0.048
-0.056 -0.099 -0.013
 0.061 -0.022  0.037
-0.059 -0.107 -0.010
-0.107 -0.128 -0.010
 0.138  0.109  0.122
-0.148 -0.142 -0.052
-0.067 -0.046  0.005
-0.290 -0.230 -0.090
-0.102 -0.109 -0.047
-0.060 -0.110 -0.084
 0.034 -0.043 -0.090
 0.156  0.087 -0.000
 0.147  0.066 -0.005
 0.199  0.117  0.040
 0.069 -0.029 -0.093
 0.211  0.092 -0.053
 0.154  0.052 -0.072
 0.224  0.106  0.003
 0.184  0.081  0.029
 0.028 -0.034 -0.025
 0.080 -0.007 -0.065
 0.091 -0.011 -0.084
 0.340  0.262  0.104
 0.161  0.051 -0.062
 0.118  0.013 -0.074
 0.278  0.129 -0.013
 0.232  0.089 -0.035
 0.393  0.251  0.065
 0.201  0.095 -0.031
 0.292  0.196  0.022
 0.122  0.021 -0.083
 0.119  0.024 -0.085
 0.156  0.058 -0.072
 0.120  0.042 -0.075
 0.126  0.045 -0.071
 0.054 -0.011 -0.101
 0.149  0.064 -0.056
 0.092 -0.002 -0.076
 0.253  0.262  0.149
 0.066 -0.007 -0.083
 0.061 -0.001 -0.084
 0.276  0.175  0.013
 0.159  0.062 -0.030
 0.340  0.245  0.086
 0.097  0.003 -0.067
 0.139  0.048 -0.060
 0.087  0.009 -0.071
 0.143  0.055 -0.029
 0.154  0.085  0.019
 0.089  0.046  0.016
 0.041  0.015  0.042
 0.013 -0.004  0.045
 0.110  0.068  0.077
 0.105  0.056  0.078
 0.145  0.163  0.166
 0.084  0.022  0.042
 0.180  0.157  0.139
 0.062  0.011  0.068
-0.019 -0.026  0.058
-0.015 -0.032  0.031
 0.128  0.045 -0.007
 0.374  0.238  0.079
 0.139  0.041 -0.028
 0.269  0.244  0.114
 0.164  0.077 -0.010
 0.163  0.131  0.012
 0.029 -0.034 -0.067
 0.043 -0.026 -0.042
 0.233  0.135  0.053
 0.104  0.033 -0.003
 0.201  0.119  0.046
 0.053 -0.000 -0.009
 0.162  0.109  0.076
-0.083 -0.081 -0.006
 0.005 -0.033  0.013
 0.065  0.063  0.085
-0.148 -0.126 -0.022
 0.007 -0.006  0.005
-0.124 -0.123 -0.059
-0.035 -0.053 -0.020
-0.051 -0.057 -0.007
-0.061 -0.059 -0.008
-0.066 -0.060 -0.004
-0.057 -0.051 -0.008
 0.215  0.223  0.157
-0.019 -0.018  0.011
 0.012 -0.007  0.006
-0.034 -0.050 -0.018
 0.017  0.035  0.035
-0.075 -0.071 -0.034
-0.050 -0.054 -0.021
 0.073  0.056  0.044
-0.075 -0.106 -0.050
 0.246  0.175  0.109
-0.088 -0.121 -0.054
-0.012 -0.044  0.003
-0.100 -0.099 -0.022
 0.188  0.172  0.128
 0.001 -0.016  0.017
 0.266  0.229  0.173
 0.066  0.023  0.029
-0.010 -0.017 -0.007
-0.034 -0.042 -0.037
 0.002 -0.017 -0.021
 0.112  0.071  0.023
 0.035  0.003 -0.010
 0.202  0.128  0.067
 0.044 -0.014 -0.004
 0.155  0.057  0.043
 0.029 -0.034 -0.010
 0.033 -0.030 -0.001
-0.041 -0.088 -0.027
 0.086  0.018  0.045
-0.053 -0.109  0.003
 0.221  0.129  0.149
-0.037 -0.120  0.014
-0.044 -0.106  0.041
 0.023 -0.045  0.044
 0.027 -0.044  0.039
 0.069  0.004  0.068
-0.034 -0.097  0.019
-0.000 -0.072  0.029
 0.001 -0.082  0.022
 0.157  0.054  0.091
-0.005 -0.074  0.017
 0.228  0.145  0.151
-0.029 -0.105 -0.004
 0.119  0.014  0.053
-0.061 -0.143 -0.034
-0.009 -0.113 -0.036
-0.031 -0.118 -0.052
 0.093 -0.003  0.024
-0.033 -0.121 -0.047
 0.102  0.090  0.124
-0.025 -0.137 -0.052
-0.028 -0.164 -0.074
-0.005 -0.126 -0.050
 0.151  0.046  0.074
 0.008 -0.088 -0.018
 0.039 -0.048  0.003
-0.027 -0.124 -0.038
-0.014 -0.102 -0.034
-0.046 -0.147 -0.060
-0.029 -0.128 -0.057
-0.037 -0.144 -0.069
 0.001 -0.116 -0.052
-0.046 -0.163 -0.082
-0.013 -0.127 -0.073
-0.060 -0.184 -0.108
 0.017 -0.109 -0.062
-0.035 -0.147 -0.079
 0.228  0.120  0.102
-0.036 -0.127 -0.035
-0.029 -0.119 -0.027
 0.003 -0.090 -0.012
-0.032 -0.118 -0.018
-0.048 -0.138 -0.033
 0.107 -0.008  0.024
-0.047 -0.126 -0.049
 0.147  0.045  0.044
-0.039 -0.123 -0.046
 0.131  0.041  0.045
-0.013 -0.095 -0.028
 0.142  0.045  0.050
 0.022 -0.049  0.004
 0.266  0.194  0.167
-0.003 -0.080  0.003
 0.235  0.150  0.140
 0.025 -0.068 -0.001
 0.129  0.037  0.053
-0.054 -0.141 -0.050
 0.166  0.068  0.065
-0.071 -0.179 -0.088
 0.026 -0.094 -0.052
-0.021 -0.128 -0.068
 0.061 -0.040 -0.025
 0.145  0.033  0.027
 0.038 -0.058 -0.021
 0.022 -0.086 -0.051
 0.026 -0.071 -0.037
 0.001 -0.087 -0.042
 0.056 -0.033 -0.017
 0.017 -0.054 -0.019
 0.035 -0.024 -0.004
 0.002 -0.068 -0.019
-0.027 -0.095 -0.032
 0.007 -0.061 -0.032
-0.037 -0.101 -0.049
 0.194  0.131  0.086
-0.032 -0.093 -0.043
 0.094  0.031  0.024
-0.051 -0.120 -0.055
 0.013 -0.028 -0.006
-0.026 -0.092 -0.046
 0.165  0.125  0.108
-0.006 -0.073 -0.042
-0.024 -0.101 -0.063
-0.015 -0.083 -0.046
-0.045 -0.109 -0.063
 0.040 -0.038 -0.033
-0.046 -0.106 -0.066
-0.001 -0.063 -0.047
-0.049 -0.113 -0.067
-0.008 -0.082 -0.050
-0.045 -0.110 -0.064
 0.001 -0.068 -0.044
-0.022 -0.095 -0.052
 0.026 -0.054 -0.036
-0.017 -0.089 -0.044
-0.028 -0.084 -0.032
 0.005 -0.045 -0.007
-0.018 -0.071 -0.022
 0.005 -0.060 -0.009
 0.001 -0.065 -0.009
 0.270  0.183  0.137
 0.021 -0.042  0.005
 0.099  0.033  0.040
 0.077  0.022  0.038
 0.141  0.073  0.072
 0.071  0.015  0.044
 0.121  0.050  0.065
 0.044 -0.022  0.020
 0.081  0.002  0.018
 0.058 -0.028 -0.007
-0.013 -0.082 -0.023
 0.107  0.015  0.033
 0.012 -0.051 -0.057
 0.302  0.178  0.058
 0.203  0.078  0.035
 0.036  0.048  0.047
-0.035 -0.037  0.042
 0.039  0.013  0.085
 0.022 -0.028  0.057
 0.129  0.151  0.196
 0.006 -0.047  0.050
-0.064 -0.091  0.029
-0.044 -0.084  0.023
 0.012 -0.048  0.028
-0.060 -0.095  0.011
-0.014 -0.068  0.024
 0.096  0.015  0.063
 0.102  0.023  0.061
 0.120  0.042  0.068
 0.144  0.069  0.077
 0.125  0.061  0.083
 0.342  0.262  0.210
 0.066  0.010  0.054
 0.203  0.109  0.096
 0.071 -0.001  0.035
 0.121  0.046  0.059
 0.073  0.010  0.032
 0.229  0.132  0.089
 0.111  0.022  0.021
 0.266  0.145  0.089
 0.043 -0.031  0.011
-0.007 -0.049  0.015
 0.196  0.175  0.163
 0.051  0.023  0.055
 0.310  0.279  0.221
-0.026 -0.033  0.032
 0.209  0.187  0.170
-0.073 -0.077  0.008
-0.107 -0.103  0.003
-0.230 -0.160  0.009
-0.237 -0.165  0.013
-0.120 -0.069  0.057
-0.191 -0.126  0.028
 0.083  0.131  0.204
-0.190 -0.134  0.033
-0.164 -0.112  0.042
-0.169 -0.122  0.027
-0.010  0.045  0.105
-0.010 -0.024  0.028
 0.057  0.036  0.041
 0.031 -0.006  0.019
 0.027 -0.003  0.024
-0.002 -0.037  0.003
-0.002 -0.034  0.009
 0.153  0.083  0.062
 0.128  0.068  0.058
 0.124  0.066  0.052
 0.102  0.051  0.051
 0.053  0.004  0.013
 0.212  0.155  0.098
-0.030 -0.064 -0.028
-0.032 -0.066 -0.031
 0.004 -0.038 -0.018
-0.003 -0.040 -0.019
 0.123  0.077  0.044
-0.003 -0.025 -0.007
 0.225  0.177  0.098
 0.053  0.018 -0.060
 0.289  0.190  0.079
 0.178  0.066 -0.050
 0.253  0.229  0.129
-0.015 -0.068 -0.053
 0.179  0.121  0.047
 0.068 -0.004 -0.056
 0.069  0.015 -0.044
 0.025 -0.053 -0.080
 0.049 -0.055 -0.090
 0.050 -0.037 -0.072
 0.083 -0.022 -0.076
 0.061 -0.008 -0.045
 0.033 -0.033 -0.061
 0.034 -0.034 -0.054
 0.003 -0.065 -0.068
 0.083  0.043 -0.004
 0.007 -0.076 -0.084
-0.016 -0.093 -0.098
 0.281  0.181  0.058
 0.040 -0.037 -0.062
 0.195  0.105  0.018
 0.075  0.009 -0.028
 0.356  0.285  0.140
 0.065  0.001 -0.025
 0.140  0.071  0.017
 0.037 -0.025 -0.037
 0.131  0.052 -0.002
 0.101  0.036  0.004
 0.117  0.038  0.004
-0.011 -0.070 -0.064
 0.001 -0.048 -0.058
 0.285  0.205  0.086
 0.081  0.009  0.028
 0.063 -0.006  0.032
-0.017 -0.069 -0.000
 0.138  0.141  0.144
 0.121  0.038  0.031
 0.129  0.042  0.044
 0.082  0.025  0.065
-0.149 -0.069  0.070
-0.302 -0.239 -0.016
-0.191 -0.175 -0.009
-0.151 -0.171 -0.021
-0.094 -0.102 -0.000
-0.097 -0.129 -0.025
 0.032  0.043  0.111
-0.021 -0.068  0.020
 0.119  0.118  0.199
 0.082  0.008  0.065
 0.127  0.041  0.017
 0.039 -0.028 -0.039
 0.003 -0.074 -0.060
 0.023 -0.054 -0.039
 0.059 -0.013 -0.015
-0.015 -0.064 -0.036
-0.142 -0.150 -0.075
-0.094 -0.118 -0.066
-0.138 -0.167 -0.076
 0.012 -0.037 -0.004
-0.085 -0.114 -0.048
-0.029 -0.073 -0.028
 0.090  0.091  0.068
-0.010 -0.075 -0.047
 0.016  0.015  0.025
-0.063 -0.115 -0.069
 0.152  0.168  0.152
-0.042 -0.076 -0.047
 0.032  0.032  0.008
-0.030 -0.083 -0.061
 0.018 -0.041 -0.039
-0.032 -0.075 -0.047
-0.066 -0.097 -0.056
 0.038 -0.004 -0.001
-0.063 -0.055 -0.038
 0.112  0.172  0.111
-0.070 -0.061 -0.095
-0.122 -0.066 -0.085
-0.063 -0.106 -0.083
-0.054 -0.092 -0.096
-0.175 -0.164 -0.121
-0.225 -0.211 -0.115
-0.071 -0.065 -0.031
 0.139  0.106 -0.007
-0.118 -0.092 -0.093
 0.207  0.192  0.075
-0.028 -0.036 -0.066
-0.034 -0.029 -0.065
-0.061 -0.080 -0.082
 0.089  0.034 -0.042
-0.014 -0.045 -0.059
 0.075  0.045 -0.002
-0.124 -0.117 -0.084
 0.239  0.185  0.099
 0.019 -0.038 -0.048
-0.060 -0.113 -0.125
-0.081 -0.121 -0.077
 0.022 -0.046 -0.041
 0.299  0.221  0.102
-0.084 -0.106 -0.088
-0.010 -0.031 -0.056
 0.239  0.263  0.208
-0.120 -0.107 -0.038
-0.168 -0.132 -0.073
-0.334 -0.236 -0.084
-0.284 -0.152 -0.066
-0.304 -0.177 -0.084
-0.264 -0.136 -0.056
-0.252 -0.131 -0.059
-0.271 -0.149 -0.062
-0.455 -0.287 -0.120
-0.470 -0.300 -0.120
-0.439 -0.242 -0.076
-0.376 -0.205 -0.055
 0.057  0.098  0.084
 0.043  0.038  0.003
 0.216  0.202  0.089
-0.090 -0.090 -0.086
 0.165  0.136  0.022
-0.032 -0.036 -0.066
 0.018  0.056 -0.022
 0.052  0.054 -0.011
-0.109 -0.059 -0.040
-0.068 -0.046 -0.024
-0.049 -0.031 -0.026
-0.039  0.011  0.001
-0.045  0.030  0.056
-0.099 -0.043 -0.016
-0.083 -0.030 -0.008
-0.007  0.027  0.006
-0.065 -0.014 -0.020
-0.054 -0.008 -0.026
-0.113 -0.067 -0.056
-0.076 -0.039 -0.048
-0.180 -0.112 -0.061
-0.196 -0.130 -0.060
-0.096 -0.031 -0.021
-0.167 -0.112 -0.068
-0.105 -0.069 -0.044
-0.120 -0.096 -0.053
-0.013 -0.014 -0.018
-0.100 -0.083 -0.050
 0.108  0.118  0.072
-0.160 -0.121 -0.056
-0.123 -0.082 -0.038
-0.109 -0.076 -0.041
-0.045 -0.033 -0.037
-0.029 -0.015 -0.021
 0.197  0.278  0.215
-0.027 -0.031 -0.024
-0.134 -0.092 -0.075
 0.049  0.039 -0.036
 0.189  0.100  0.015
 0.238  0.161  0.024
 0.062  0.039 -0.011
-0.028 -0.058 -0.075
 0.019 -0.008 -0.051
 0.212  0.136  0.018
 0.390  0.287  0.128
 0.348  0.244  0.125
 0.318  0.247  0.135
 0.184  0.121  0.062
 0.154  0.103  0.050
 0.050  0.032  0.034
 0.111  0.075  0.051
 0.080  0.045  0.039
 0.189  0.135  0.081
 0.261  0.183  0.092
 0.399  0.290  0.139
 0.233  0.143  0.062
 0.305  0.232  0.150
 0.085  0.079  0.081
 0.173  0.163  0.136
 0.079  0.081  0.078
 0.315  0.304  0.223
 0.056  0.035  0.037
 0.223  0.205  0.152
-0.060 -0.051 -0.004
 0.008 -0.002  0.018
 0.093  0.054  0.036
 0.076  0.034  0.029
 0.086  0.028  0.013
-0.016 -0.058 -0.026
-0.145 -0.132 -0.039
-0.125 -0.110 -0.034
-0.165 -0.138 -0.035
-0.181 -0.147 -0.029
-0.174 -0.154 -0.029
-0.144 -0.114  0.012
-0.180 -0.140  0.003
-0.111 -0.046  0.062
-0.223 -0.197 -0.038
-0.078  0.034  0.147
-0.172 -0.165 -0.026
-0.162 -0.161 -0.026
 0.080  0.075  0.113
-0.176 -0.167 -0.027
-0.174 -0.150 -0.012
-0.253 -0.214 -0.038
-0.194 -0.166 -0.027
-0.171 -0.158 -0.037
-0.133 -0.111 -0.011
-0.163 -0.149 -0.036
-0.058 -0.066  0.000
-0.146 -0.148 -0.037
-0.059 -0.082 -0.001
 0.085  0.059  0.079
 0.006 -0.035  0.034
 0.132  0.044  0.066
 0.194  0.071  0.063
 0.213  0.090  0.076
 0.208  0.051  0.046
 0.250  0.101  0.070
 0.231  0.082  0.046
 0.460  0.309  0.189
 0.128  0.010 -0.002
 0.101 -0.003 -0.006
 0.040 -0.047 -0.015
-0.062 -0.100 -0.023
-0.155 -0.143 -0.031
-0.155 -0.140 -0.019
 0.145  0.115  0.122
 0.136  0.045  0.052
 0.397  0.277  0.203
 0.149  0.024  0.029
 0.148  0.010  0.006
 0.139  0.013  0.013
 0.096 -0.021 -0.002
 0.141  0.080  0.082
-0.095 -0.115 -0.017
 0.123  0.089  0.108
 0.060 -0.009  0.028
 0.033 -0.041  0.007
 0.107  0.116  0.168
-0.076 -0.107 -0.017
 0.118  0.104  0.153
-0.075 -0.113 -0.011
-0.003 -0.030  0.028
-0.046 -0.094 -0.011
-0.016 -0.063  0.004
-0.050 -0.090 -0.013
-0.052 -0.085 -0.017
 0.032 -0.018  0.018
-0.060 -0.092 -0.010
 0.071  0.030  0.073
 0.014 -0.045 -0.019
 0.112 -0.002 -0.026
 0.172  0.039 -0.032
 0.110 -0.014 -0.075
 0.017 -0.081 -0.102
 0.095 -0.012 -0.063
 0.129  0.022 -0.017
 0.158  0.071  0.011
 0.175  0.043 -0.021
 0.125  0.020 -0.010
 0.099  0.010 -0.004
 0.142  0.058  0.016
 0.313  0.195  0.069
 0.329  0.200  0.060
 0.306  0.162  0.032
 0.330  0.162  0.031
 0.267  0.138  0.047
 0.237  0.108  0.037
 0.138  0.051 -0.003
 0.216  0.253  0.129
-0.082 -0.096 -0.116
-0.100 -0.112 -0.105
-0.114 -0.147 -0.106
-0.044 -0.061 -0.067
-0.091 -0.126 -0.088
-0.116 -0.141 -0.094
 0.180  0.125  0.046
-0.013 -0.047 -0.057
 0.125  0.084  0.011
-0.061 -0.056 -0.063
 0.151  0.123  0.039
-0.112 -0.111 -0.087
 0.101  0.106  0.046
-0.122 -0.111 -0.077
 0.110  0.095  0.041
-0.055 -0.040 -0.036
 0.230  0.224  0.124
-0.020 -0.017 -0.027
 0.220  0.212  0.118
-0.028 -0.032 -0.036
-0.057 -0.049 -0.047
-0.015 -0.028 -0.041
-0.030 -0.041 -0.044
 0.176  0.137  0.051
-0.012 -0.053 -0.068
 0.130  0.060 -0.022
 0.031 -0.013 -0.065
 0.167  0.116  0.002
 0.040  0.000 -0.058
 0.255  0.216  0.078
-0.012 -0.039 -0.064
 0.146  0.099 -0.001
-0.008 -0.030 -0.075
 0.002 -0.020 -0.072
 0.016  0.002 -0.063
-0.045 -0.056 -0.067
 0.150  0.130  0.048
-0.014 -0.029 -0.049
 0.220  0.180  0.068
-0.034 -0.024 -0.045
 0.151  0.171  0.081
-0.048 -0.032 -0.042
 0.192  0.202  0.101
-0.043 -0.033 -0.041
 0.199  0.206  0.114
-0.043 -0.032 -0.040
 0.114  0.143  0.056
-0.072 -0.041 -0.051
-0.083 -0.050 -0.051
-0.137 -0.089 -0.065
-0.078 -0.038 -0.050
-0.139 -0.104 -0.079
-0.122 -0.081 -0.066
-0.102 -0.056 -0.052
-0.134 -0.086 -0.058
-0.028  0.023 -0.003
-0.189 -0.135 -0.075
 0.054  0.079  0.035
-0.184 -0.141 -0.082
-0.066 -0.016 -0.024
-0.238 -0.191 -0.121
-0.204 -0.165 -0.129
-0.115 -0.076 -0.099
-0.141 -0.153 -0.148
-0.008 -0.046 -0.080
-0.063 -0.087 -0.094
 0.003 -0.014 -0.062
 0.027  0.062  0.024
-0.056 -0.099 -0.096
 0.061  0.001 -0.035
 0.033 -0.009 -0.029
 0.202  0.180  0.104
-0.148 -0.146 -0.092
 0.034  0.035 -0.014
-0.091 -0.088 -0.075
-0.027  0.001 -0.026
-0.084 -0.070 -0.060
-0.047 -0.031 -0.047
-0.069 -0.066 -0.056
 0.009  0.013 -0.012
-0.029 -0.015 -0.031
 0.199  0.213  0.098
-0.104 -0.081 -0.073
-0.091 -0.085 -0.080
-0.067 -0.091 -0.102
-0.036 -0.044 -0.075
 0.056  0.051 -0.011
-0.030 -0.010 -0.042
 0.116  0.251  0.229
-0.063  0.002  0.026
 0.083  0.099  0.047
-0.067 -0.043 -0.026
-0.028  0.100  0.083
-0.046 -0.026 -0.043
-0.012 -0.005 -0.029
 0.049  0.052  0.015
-0.052 -0.029 -0.026
 0.066  0.157  0.085
-0.071 -0.034 -0.035
-0.010  0.050  0.028
-0.046 -0.026 -0.017
-0.024 -0.007 -0.000
 0.026  0.034  0.023
 0.019  0.035  0.045
 0.191  0.202  0.166
-0.085 -0.057  0.014
 0.065  0.083  0.083
-0.060 -0.002  0.042
 0.019  0.058  0.063
-0.163 -0.103 -0.016
-0.096 -0.056  0.013
-0.201 -0.149 -0.030
-0.163 -0.129 -0.023
 0.008  0.030  0.062
-0.031 -0.025  0.032
 0.135  0.133  0.126
-0.027 -0.032  0.028
-0.024 -0.025  0.027
 0.096  0.176  0.196
-0.025 -0.036  0.014
-0.054 -0.059 -0.006
 0.010 -0.000  0.017
-0.015 -0.022 -0.003
 0.019  0.003  0.005
-0.018 -0.027  0.005
 0.027  0.019  0.030
 0.007 -0.013  0.016
 0.009 -0.003  0.024
 0.125  0.107  0.097
 0.020  0.020  0.036
 0.112  0.104  0.081
 0.017  0.016  0.030
 0.354  0.291  0.225
 0.037  0.008  0.063
 0.115  0.094  0.087
-0.060 -0.068 -0.028
 0.344  0.296  0.153
 0.129  0.115  0.080
 0.241  0.255  0.206
-0.007  0.016  0.061
 0.262  0.247  0.187
 0.102  0.031  0.005
 0.112  0.033  0.005
 0.037 -0.013 -0.016
 0.154  0.065 -0.002
 0.281  0.181  0.065
 0.010 -0.016 -0.015
 0.261  0.185  0.094
 0.101  0.059  0.016
 0.132  0.103  0.065
 0.085  0.059  0.042
 0.037  0.051  0.051
-0.036 -0.015 -0.000
 0.011  0.006  0.027
-0.076 -0.077 -0.005
-0.061 -0.069  0.001
-0.113 -0.110 -0.028
 0.057  0.137  0.170
-0.139 -0.134 -0.066
 0.035  0.116  0.115
-0.104 -0.094 -0.042
-0.054 -0.036 -0.020
-0.078 -0.074 -0.032
-0.035 -0.030 -0.003
-0.061 -0.060 -0.016
-0.076 -0.073 -0.017
 0.168  0.144  0.105
-0.090 -0.062 -0.018
 0.024  0.038  0.029
 0.036  0.037  0.030
 0.294  0.255  0.181
-0.041 -0.046 -0.004
 0.177  0.138  0.121
-0.007 -0.043 -0.000
-0.067 -0.085 -0.040
-0.144 -0.129 -0.068
-0.176 -0.154 -0.084
 0.015  0.035  0.011
-0.165 -0.165 -0.098
 0.023  0.017 -0.006
-0.170 -0.174 -0.101
-0.016 -0.027 -0.029
-0.154 -0.141 -0.085
 0.079  0.094  0.043
-0.113 -0.073 -0.055
 0.149  0.185  0.103
-0.098 -0.052 -0.030
 0.117  0.124  0.066
 0.056  0.054  0.021
 0.029  0.032  0.006
 0.076  0.085  0.020
-0.036 -0.026 -0.039
 0.075  0.058  0.002
-0.000  0.003 -0.027
 0.115  0.098  0.027
-0.058 -0.045 -0.037
 0.094  0.097  0.046
-0.162 -0.122 -0.067
 0.125  0.147  0.084
 0.182  0.108  0.034
 0.231  0.165  0.084
 0.090  0.066  0.029
 0.063  0.045  0.021
 0.066  0.134  0.120
-0.033 -0.005  0.029
 0.208  0.187  0.120
 0.047  0.064  0.056
-0.053  0.001  0.045
-0.082  0.009  0.058
-0.095 -0.038  0.007
-0.094 -0.073 -0.039
-0.105 -0.079 -0.075
-0.479 -0.308 -0.135
-0.267 -0.231 -0.121
 0.029 -0.033 -0.074
-0.287 -0.195 -0.072
 0.072  0.124  0.142
 0.229  0.255  0.178
 0.349  0.270  0.109
 0.318  0.233  0.076
 0.147  0.116  0.030
 0.081  0.065  0.010
-0.023 -0.019 -0.029
 0.055  0.041  0.011
-0.019 -0.016 -0.015
-0.036 -0.020 -0.007
-0.003  0.026  0.027
-0.008  0.012  0.025
 0.056  0.070  0.066
 0.039  0.052  0.053
 0.112  0.108  0.084
 0.003 -0.000  0.016
 0.132  0.115  0.078
-0.013 -0.032 -0.016
 0.003 -0.026 -0.013
-0.065 -0.077 -0.032
 0.149  0.218  0.224
 0.034  0.039  0.062
 0.103  0.140  0.090
 0.044  0.095  0.064
-0.170 -0.102 -0.030
-0.093 -0.066 -0.022
 0.015  0.018  0.016
-0.129 -0.082 -0.058
-0.177 -0.096 -0.073
-0.168 -0.089 -0.068
 0.026  0.068 -0.010
 0.002  0.056 -0.020
 0.221  0.255  0.107
-0.070 -0.009 -0.032
-0.071 -0.014 -0.043
 0.201  0.161  0.018
 0.151  0.174  0.131
-0.450 -0.284 -0.078
-0.211 -0.103 -0.043
-0.140 -0.115 -0.071
 0.172  0.219  0.157
-0.243 -0.048  0.027
-0.109 -0.002  0.023
 0.004  0.024  0.008
 0.003  0.031  0.001
 0.078  0.083  0.017
 0.008  0.005 -0.010
-0.009 -0.011 -0.019
 0.013  0.018 -0.010
 0.043  0.032 -0.010
 0.241  0.187  0.077
 0.034  0.023 -0.010
 0.131  0.101  0.022
 0.049  0.020 -0.016
 0.275  0.193  0.055
 0.109  0.068  0.010
 0.274  0.258  0.155
 0.058  0.037  0.022
 0.310  0.286  0.200
 0.109  0.073  0.053
 0.247  0.289  0.269
 0.028  0.013  0.036
 0.137  0.177  0.148
-0.054 -0.002  0.028
-0.109 -0.044  0.010
-0.181 -0.107 -0.011
-0.154 -0.098 -0.019
-0.167 -0.108 -0.015
-0.151 -0.091 -0.003
 0.100  0.156  0.154
-0.156 -0.095 -0.017
 0.127  0.196  0.181
-0.087 -0.031  0.037
-0.076 -0.015  0.064
-0.003  0.004  0.049
 0.144  0.130  0.119
-0.103 -0.062  0.000
-0.156 -0.048  0.016
-0.030  0.001  0.051
 0.433  0.331  0.209
 0.344  0.220  0.101
 0.463  0.330  0.164
 0.323  0.200  0.071
 0.306  0.184  0.073
 0.323  0.209  0.086
 0.215  0.138  0.034
 0.236  0.153  0.027
 0.193  0.121  0.039
 0.396  0.401  0.322
 0.178  0.103  0.078
 0.206  0.110  0.049
 0.237  0.139  0.071
 0.196  0.104  0.059
 0.299  0.180  0.082
 0.103  0.038 -0.021
 0.283  0.211  0.081
 0.050 -0.018 -0.056
 0.100  0.026 -0.020
 0.025 -0.034 -0.059
 0.129  0.058 -0.027
 0.091  0.009 -0.044
 0.108  0.006 -0.037
 0.037 -0.006 -0.047
-0.143 -0.086 -0.100
-0.054  0.018 -0.025
-0.197 -0.129 -0.050
-0.216 -0.159 -0.055
-0.258 -0.182 -0.063
-0.345 -0.224 -0.073
-0.304 -0.203 -0.057
-0.097  0.047  0.148
-0.249 -0.166 -0.037
 0.097  0.152  0.168
 0.024 -0.009  0.019
 0.073  0.053  0.074
-0.230 -0.141 -0.016
-0.422 -0.261 -0.094
-0.438 -0.238 -0.055
-0.407 -0.248 -0.072
-0.452 -0.293 -0.077
-0.331 -0.249 -0.092
-0.182 -0.150 -0.030
-0.256 -0.226 -0.063
-0.156 -0.148 -0.011
-0.074 -0.107 -0.009
 0.163  0.198  0.231
 0.016 -0.032  0.028
 0.153  0.102  0.116
 0.068  0.023  0.061
 0.094  0.092  0.109
 0.066 -0.002  0.032
 0.053 -0.015  0.033
 0.062  0.004  0.062
-0.055 -0.085  0.017
-0.080 -0.097 -0.004
 0.053 -0.003  0.023
 0.109  0.031  0.034
 0.472  0.342  0.235
 0.209  0.094  0.073
 0.281  0.201  0.165
 0.138  0.059  0.077
 0.129  0.058  0.064
 0.031 -0.017  0.041
-0.032  0.002  0.092
-0.366 -0.251 -0.036
-0.355 -0.255 -0.062
-0.406 -0.271 -0.055
-0.496 -0.299 -0.059
-0.403 -0.224 -0.005
-0.313 -0.164  0.043
-0.175 -0.063  0.096
-0.251 -0.129  0.040
-0.278 -0.167  0.007
-0.300 -0.171 -0.005
-0.314 -0.176 -0.014
-0.279 -0.145 -0.011
-0.219 -0.123 -0.014
-0.195 -0.122 -0.004
-0.151 -0.116 -0.015
-0.170 -0.126 -0.033
-0.206 -0.156 -0.046
-0.125 -0.004  0.079
-0.156 -0.118 -0.013
-0.191 -0.147 -0.036
-0.017  0.064  0.090
-0.340 -0.215 -0.053
-0.232 -0.137 -0.029
-0.040 -0.033 -0.003
 0.075  0.132  0.137
 0.342  0.173  0.061
 0.426  0.227  0.008
 0.339  0.198  0.042
 0.439  0.250  0.083
 0.649  0.392  0.168
 0.407  0.268  0.094
 0.234  0.147  0.008
 0.073  0.015 -0.070
 0.117  0.016 -0.075
 0.212  0.070 -0.049
 0.399  0.210  0.031
 0.357  0.195  0.049
 0.263  0.127  0.001
 0.136  0.047 -0.062
-0.016 -0.059 -0.101
 0.046 -0.023 -0.064
 0.142  0.041 -0.026
 0.111  0.022 -0.054
 0.042 -0.025 -0.075
 0.067 -0.007 -0.044
 0.205  0.173  0.101
 0.145  0.054  0.016
 0.201  0.139  0.080
 0.098  0.021  0.010
 0.101  0.073  0.053
 0.023 -0.029 -0.014
 0.050  0.024  0.017
 0.024 -0.007 -0.011
 0.195  0.260  0.202
 0.026 -0.015 -0.026
 0.029  0.017  0.005
-0.037 -0.076 -0.047
-0.078 -0.108 -0.059
-0.027 -0.073 -0.043
-0.086 -0.129 -0.085
-0.052 -0.091 -0.081
-0.070 -0.120 -0.092
-0.080 -0.107 -0.069
-0.104 -0.123 -0.065
-0.018 -0.051 -0.031
-0.070 -0.088 -0.038
-0.056 -0.059 -0.021
 0.013 -0.017  0.001
-0.097 -0.099 -0.034
-0.093 -0.061 -0.030
-0.088 -0.100 -0.049
 0.033  0.019  0.034
 0.021 -0.040 -0.007
-0.013 -0.064 -0.027
-0.020 -0.055 -0.025
-0.104 -0.105 -0.064
-0.143 -0.128 -0.086
-0.109 -0.126 -0.080
-0.058 -0.090 -0.042
-0.059 -0.094 -0.031
 0.077  0.018  0.031
-0.007 -0.047 -0.003
 0.103  0.157  0.154
-0.013 -0.028  0.003
 0.030  0.013  0.020
-0.001 -0.019  0.000
 0.051  0.017  0.028
-0.042 -0.062 -0.014
-0.001  0.026  0.042
-0.054 -0.061 -0.026
 0.133  0.128  0.088
-0.015 -0.026 -0.012
 0.126  0.209  0.197
-0.036 -0.049 -0.014
-0.085 -0.095 -0.032
-0.096 -0.103 -0.036
-0.195 -0.183 -0.079
-0.162 -0.135 -0.071
 0.137  0.130  0.107
-0.020 -0.035  0.013
 0.018  0.043  0.066
 0.007 -0.013  0.024
-0.036 -0.036  0.037
-0.247 -0.174 -0.009
-0.319 -0.232 -0.055
-0.029  0.023  0.074
-0.199 -0.161 -0.046
 0.117  0.112  0.105
-0.070 -0.081 -0.013
 0.145  0.137  0.139
-0.117 -0.121 -0.032
 0.108  0.117  0.126
-0.132 -0.110 -0.023
 0.038  0.097  0.108
-0.196 -0.160 -0.056
 0.010  0.050  0.089
-0.363 -0.279 -0.069
-0.095 -0.086  0.010
 0.005 -0.034 -0.014
 0.127  0.186  0.176
-0.067 -0.089 -0.046
-0.057 -0.066 -0.016
-0.006 -0.014  0.012
-0.052 -0.024  0.001
-0.033 -0.009  0.014
 0.089  0.237  0.227
-0.143 -0.091 -0.045
-0.166 -0.125 -0.059
-0.089 -0.076 -0.048
-0.141 -0.114 -0.069
-0.078 -0.033 -0.046
-0.086 -0.042 -0.054
 0.036  0.053 -0.007
 0.126  0.097  0.030
 0.023  0.019  0.005
 0.161  0.257  0.221
-0.025 -0.032 -0.024
 0.127  0.152  0.127
 0.047  0.051  0.048
 0.095  0.202  0.210
-0.129 -0.064  0.021
-0.090 -0.030  0.037
-0.073 -0.047  0.021
-0.019 -0.017  0.003
 0.025  0.030  0.016
-0.023 -0.009 -0.019
-0.055 -0.030 -0.033
 0.095  0.229  0.194
-0.115 -0.072 -0.055
-0.234 -0.175 -0.114
-0.189 -0.158 -0.110
-0.186 -0.171 -0.105
-0.068 -0.071 -0.069
-0.117 -0.108 -0.076
-0.066 -0.058 -0.046
 0.118  0.208  0.172
-0.036 -0.049 -0.025
-0.085 -0.087 -0.030
-0.060 -0.050 -0.010
-0.115 -0.092 -0.027
-0.128 -0.144 -0.035
 0.041  0.108  0.175
-0.126 -0.164 -0.066
-0.126 -0.163 -0.067
 0.001 -0.020  0.011
-0.048 -0.069 -0.014
 0.029 -0.009  0.015
 0.003 -0.022  0.029
 0.044  0.013  0.054
-0.047 -0.068 -0.002
-0.053 -0.059 -0.009
-0.076 -0.089 -0.033
-0.107 -0.086 -0.046
-0.046 -0.028 -0.037
-0.065 -0.062 -0.052
 0.009 -0.018 -0.016
-0.029 -0.049 -0.026
 0.088  0.044  0.021
 0.034  0.006  0.015
 0.122  0.088  0.082
 0.008  0.011  0.088
-0.236 -0.140  0.045
-0.166 -0.097  0.039
-0.198 -0.130 -0.005
-0.092 -0.052  0.017
 0.147  0.257  0.251
 0.097  0.075  0.051
-0.033 -0.021  0.016
-0.193 -0.141 -0.021
-0.328 -0.249 -0.050
-0.279 -0.216 -0.044
-0.259 -0.179 -0.038
-0.270 -0.182 -0.042
-0.133 -0.049  0.054
-0.281 -0.206 -0.038
-0.276 -0.221 -0.074
-0.254 -0.205 -0.080
-0.186 -0.141 -0.046
-0.247 -0.195 -0.062
 0.011  0.061  0.100
-0.246 -0.171 -0.043
-0.029  0.031  0.087
-0.262 -0.184 -0.043
-0.285 -0.190 -0.038
-0.210 -0.122 -0.010
-0.267 -0.175 -0.046
-0.088 -0.031  0.024
-0.285 -0.209 -0.087
-0.165 -0.083 -0.012
-0.268 -0.213 -0.089
-0.184 -0.011  0.068
-0.261 -0.172 -0.084
-0.045  0.073  0.086
-0.085 -0.068 -0.028
-0.062 -0.064 -0.020
 0.109  0.056  0.056
 0.044  0.012  0.026
 0.078  0.046  0.031
-0.044 -0.039 -0.017
 0.042  0.050  0.051
-0.081 -0.030  0.030
-0.201 -0.090  0.017
-0.445 -0.273 -0.077
-0.299 -0.169 -0.058
-0.023  0.101  0.128
-0.247 -0.103 -0.003
-0.360 -0.139 -0.020
-0.340 -0.211 -0.060
-0.161 -0.080  0.015
-0.128 -0.075  0.008
 0.084  0.085  0.087
 0.129  0.095  0.085
 0.231  0.163  0.083
 0.133  0.075  0.022
 0.257  0.176  0.046
 0.106  0.048 -0.034
 0.112  0.063 -0.014
-0.009 -0.020 -0.053
-0.011 -0.030 -0.073
 0.314  0.275  0.110
 0.117  0.087 -0.016
 0.161  0.139  0.020
 0.044  0.042 -0.034
 0.201  0.172  0.061
 0.145  0.096  0.031
 0.129  0.088  0.023
 0.171  0.122  0.023
 0.074  0.041 -0.020
 0.075  0.045 -0.007
-0.026 -0.029 -0.025
-0.125 -0.079 -0.019
-0.215 -0.146 -0.044
-0.008  0.010  0.027
 0.078  0.059  0.013
 0.270  0.207  0.048
 0.195  0.153  0.001
 0.165  0.156  0.022
 0.217  0.187  0.048
 0.377  0.305  0.136
 0.252  0.194  0.084
 0.227  0.173  0.065
 0.482  0.410  0.211
 0.127  0.094  0.012
 0.110  0.124  0.056
 0.009 -0.011 -0.034
-0.047 -0.036  0.010
-0.016  0.011  0.076
 0.145  0.100  0.067
 0.358  0.279  0.104
 0.250  0.163  0.029
 0.136  0.086  0.011
 0.051  0.029 -0.003
 0.399  0.320  0.217
 0.228  0.153  0.127
 0.429  0.395  0.301
 0.039  0.033  0.022
 0.160  0.165  0.114
 0.043  0.014  0.020
 0.360  0.262  0.150
 0.232  0.163  0.046
 0.026  0.005 -0.065
-0.019 -0.024 -0.056
 0.028  0.076  0.022
-0.078 -0.099 -0.103
 0.102  0.179  0.140
-0.010 -0.041 -0.063
 0.047 -0.003 -0.018
 0.138  0.081  0.057
 0.064  0.039  0.052
-0.067 -0.045 -0.001
-0.040 -0.039 -0.009
-0.067 -0.064 -0.015
-0.040 -0.070 -0.033
-0.072 -0.080  0.013
-0.245 -0.177 -0.011
-0.232 -0.128  0.048
-0.249 -0.170  0.007
-0.243 -0.169  0.005
-0.024  0.039  0.153
-0.141 -0.091  0.056
 0.090  0.119  0.183
-0.065 -0.007  0.099
 0.041  0.092  0.159
-0.004 -0.001  0.072
-0.012 -0.014  0.037
 0.042 -0.005 -0.002
 0.039  0.003 -0.014
 0.060  0.035  0.017
 0.230  0.159  0.075
 0.264  0.184  0.060
 0.312  0.255  0.088
 0.112  0.072 -0.031
 0.187  0.165  0.049
 0.108  0.083 -0.014
 0.108  0.078 -0.019
 0.398  0.352  0.169
 0.102  0.048 -0.039
 0.309  0.251  0.091
 0.051 -0.004 -0.060
 0.129  0.062 -0.009
-0.051 -0.081 -0.091
 0.114  0.077  0.011
 0.058  0.012 -0.032
 0.329  0.268  0.166
 0.168  0.092  0.084
 0.161  0.131  0.152
-0.113 -0.110 -0.000
 0.122  0.133  0.155
-0.114 -0.092  0.012
-0.101 -0.083  0.029
 0.072  0.087  0.152
 0.015 -0.023  0.016
 0.035 -0.012 -0.018
-0.072 -0.110 -0.087
 0.073  0.024 -0.022
-0.062 -0.105 -0.096
 0.200  0.134  0.053
-0.011 -0.032 -0.041
 0.106  0.135  0.066
-0.259 -0.177 -0.141
-0.214 -0.161 -0.153
-0.161 -0.138 -0.116
-0.154 -0.172 -0.080
-0.124 -0.151 -0.066
-0.083 -0.130 -0.076
 0.011 -0.056 -0.069
-0.065 -0.074 -0.120
 0.185  0.187  0.053
-0.055 -0.060 -0.096
-0.063 -0.066 -0.103
-0.148 -0.131 -0.128
-0.115 -0.107 -0.121
-0.133 -0.122 -0.138
-0.067 -0.066 -0.127
 0.014 -0.006 -0.095
-0.020 -0.001 -0.069
 0.033  0.040 -0.036
 0.023  0.024 -0.026
 0.095  0.077  0.009
 0.071  0.040 -0.013
 0.052  0.030 -0.018
 0.164  0.189  0.088
-0.164 -0.117 -0.093
