-0.066 -0.039  0.060
-0.078 -0.017  0.094
-0.065 -0.079  0.034
-0.090 -0.119  0.014
-0.005 -0.025  0.070
-0.118 -0.087  0.007
-0.140 -0.124  0.101
-0.007 -0.045  0.187
-0.191 -0.337  0.038
-0.245 -0.250 -0.105
-0.320 -0.490 -0.173
-0.374 -0.664 -0.304
-0.374 -0.748 -0.299
-0.376 -0.699 -0.295
-0.348 -0.669 -0.256
-0.439 -0.752 -0.324
-0.318 -0.649 -0.250
-0.445 -0.727 -0.296
-0.302 -0.614 -0.234
-0.416 -0.671 -0.277
-0.380 -0.613 -0.222
-0.409 -0.678 -0.257
-0.364 -0.623 -0.220
-0.360 -0.658 -0.291
-0.263 -0.464 -0.267
-0.248 -0.411 -0.323
-0.310 -0.491 -0.260
-0.202 -0.519 -0.234
-0.264 -0.555 -0.198
-0.159 -0.486 -0.190
-0.165 -0.587 -0.321
-0.135 -0.587 -0.386
-0.206 -0.565 -0.273
-0.114 -0.482 -0.202
-0.222 -0.507 -0.201
-0.049 -0.446 -0.223
-0.146 -0.567 -0.395
-0.103 -0.501 -0.372
-0.102 -0.363 -0.179
-0.150 -0.418 -0.128
-0.163 -0.463 -0.156
-0.176 -0.468 -0.137
-0.109 -0.472 -0.247
-0.136 -0.469 -0.291
 0.062 -0.197 -0.030
-0.080 -0.257  0.029
 0.071 -0.061  0.174
-0.124 -0.274  0.003
-0.037 -0.293 -0.108
-0.144 -0.438 -0.351
-0.168 -0.363 -0.207
-0.225 -0.394 -0.225
-0.191 -0.279 -0.097
-0.269 -0.420 -0.222
-0.228 -0.421 -0.269
-0.236 -0.470 -0.413
-0.213 -0.349 -0.240
-0.257 -0.378 -0.231
-0.219 -0.264 -0.078
-0.277 -0.393 -0.202
-0.207 -0.326 -0.174
-0.201 -0.398 -0.341
-0.139 -0.292 -0.197
-0.203 -0.349 -0.210
-0.142 -0.207 -0.010
-0.143 -0.214 -0.040
-0.094 -0.159 -0.014
-0.180 -0.309 -0.191
-0.184 -0.333 -0.256
-0.231 -0.346 -0.238
-0.204 -0.251 -0.056
-0.207 -0.275 -0.079
-0.187 -0.215  0.017
-0.146 -0.224 -0.069
-0.107 -0.210 -0.066
-0.155 -0.250 -0.114
-0.201 -0.229 -0.046
-0.247 -0.313 -0.137
-0.260 -0.291 -0.103
-0.272 -0.374 -0.218
-0.236 -0.370 -0.230
-0.194 -0.384 -0.306
-0.243 -0.306 -0.177
-0.308 -0.374 -0.218
-0.320 -0.341 -0.147
-0.345 -0.397 -0.231
-0.361 -0.376 -0.199
-0.373 -0.442 -0.305
-0.348 -0.410 -0.308
-0.339 -0.406 -0.347
-0.348 -0.336 -0.196
-0.310 -0.260 -0.145
-0.275 -0.237 -0.099
-0.241 -0.249 -0.121
-0.209 -0.211 -0.089
-0.116 -0.192 -0.160
-0.184 -0.202 -0.118
-0.125 -0.132 -0.069
-0.197 -0.158 -0.045
-0.202 -0.179 -0.068
-0.198 -0.137 -0.016
-0.215 -0.160 -0.048
-0.185 -0.134 -0.024
-0.167 -0.139 -0.055
-0.145 -0.097  0.025
-0.132 -0.115 -0.005
-0.155 -0.097  0.023
-0.147 -0.105 -0.014
-0.109 -0.040  0.058
-0.067 -0.032  0.020
-0.085 -0.038  0.028
-0.071 -0.036  0.021
-0.125 -0.045  0.059
-0.122 -0.083  0.010
-0.179 -0.102  0.022
-0.136 -0.096 -0.016
-0.196 -0.150 -0.045
-0.134 -0.155 -0.105
-0.209 -0.169 -0.070
-0.185 -0.162 -0.091
-0.286 -0.218 -0.082
-0.204 -0.180 -0.103
-0.246 -0.228 -0.133
-0.057 -0.105 -0.150
-0.143 -0.212 -0.270
-0.128 -0.136 -0.173
-0.241 -0.191 -0.145
-0.122 -0.035  0.003
-0.129 -0.064 -0.057
-0.037 -0.017 -0.083
 0.051  0.060 -0.091
-0.026  0.061 -0.017
 0.055  0.131  0.078
-0.016  0.114  0.121
 0.116  0.168  0.115
 0.147  0.171  0.025
 0.139  0.132 -0.036
 0.088  0.160  0.095
 0.082  0.224  0.245
 0.206  0.348  0.356
 0.254  0.386  0.421
 0.250  0.419  0.487
 0.267  0.355  0.390
 0.158  0.196  0.209
 0.169  0.136  0.048
 0.117  0.096  0.044
 0.127  0.129  0.119
-0.027  0.048  0.167
-0.034  0.022  0.124
-0.152 -0.085  0.063
-0.118 -0.138 -0.056
-0.159 -0.216 -0.153
-0.182 -0.162 -0.113
-0.255 -0.187 -0.066
-0.203 -0.179 -0.085
-0.221 -0.216 -0.115
 0.021 -0.099 -0.124
-0.060 -0.176 -0.208
-0.139 -0.125 -0.031
-0.104 -0.074  0.003
-0.088  0.004  0.081
-0.142 -0.106 -0.052
-0.017 -0.103 -0.174
-0.118 -0.221 -0.317
-0.006 -0.062 -0.151
-0.160 -0.178 -0.199
-0.002 -0.041 -0.089
-0.103 -0.111 -0.113
-0.032 -0.107 -0.185
 0.001 -0.120 -0.222
 0.102  0.016 -0.129
 0.058  0.065  0.014
 0.080  0.071  0.040
 0.064  0.103  0.105
 0.082  0.055  0.011
 0.085  0.038 -0.041
 0.169  0.108 -0.088
 0.098  0.078  0.013
 0.142  0.140  0.063
 0.080  0.122  0.104
 0.080  0.120  0.091
 0.059  0.079  0.074
 0.165  0.121  0.020
-0.011 -0.006 -0.011
-0.058 -0.066 -0.058
-0.135 -0.094 -0.001
-0.115 -0.112 -0.059
-0.154 -0.117 -0.056
-0.072 -0.102 -0.111
-0.069 -0.088 -0.115
-0.067 -0.078 -0.126
-0.160 -0.107 -0.080
-0.062 -0.029 -0.062
-0.142 -0.063 -0.037
-0.083 -0.079 -0.109
-0.069 -0.097 -0.152
-0.026 -0.083 -0.164
-0.095 -0.068 -0.086
-0.107 -0.081 -0.128
-0.077 -0.038 -0.062
-0.090 -0.058 -0.109
 0.120  0.119 -0.011
 0.066  0.039 -0.082
 0.149  0.188  0.070
 0.048  0.096  0.003
 0.047  0.124  0.066
 0.190  0.274  0.110
 0.040  0.061 -0.062
 0.006 -0.045 -0.170
-0.031  0.018 -0.066
 0.037  0.088 -0.010
 0.178  0.258  0.190
 0.427  0.505  0.374
 0.414  0.397  0.264
 0.430  0.378  0.193
 0.526  0.589  0.341
 0.236  0.290  0.184
 0.187  0.257  0.147
 0.146  0.216  0.147
 0.160  0.138  0.031
 0.162  0.085 -0.055
 0.212  0.130 -0.087
 0.130  0.177  0.060
 0.104  0.138  0.023
-0.033  0.057  0.034
-0.061  0.023  0.004
-0.059 -0.013 -0.033
 0.167  0.190  0.012
-0.035 -0.065 -0.165
-0.090 -0.085 -0.149
-0.189 -0.131 -0.118
-0.117 -0.086 -0.131
-0.164 -0.175 -0.171
 0.053 -0.094 -0.222
-0.009 -0.177 -0.343
-0.034 -0.054 -0.150
-0.058 -0.070 -0.118
-0.030  0.002 -0.018
-0.033 -0.046 -0.081
 0.050 -0.022 -0.115
 0.045 -0.028 -0.112
 0.104  0.057 -0.065
 0.048  0.046 -0.003
 0.054  0.032 -0.009
 0.061  0.021 -0.031
 0.084 -0.044 -0.132
 0.056 -0.076 -0.217
 0.067 -0.015 -0.168
 0.004 -0.024 -0.099
 0.101  0.091 -0.014
 0.056  0.056 -0.018
 0.292  0.202  0.053
 0.203  0.080 -0.063
 0.249  0.177 -0.008
 0.073  0.050 -0.060
 0.138  0.088 -0.034
-0.029 -0.062 -0.145
 0.067 -0.009 -0.158
-0.027 -0.071 -0.235
 0.029 -0.036 -0.194
-0.078 -0.106 -0.185
 0.048  0.011 -0.114
-0.066 -0.078 -0.155
 0.028  0.021 -0.077
-0.055 -0.082 -0.170
-0.097 -0.138 -0.202
-0.091 -0.170 -0.268
-0.257 -0.276 -0.270
-0.229 -0.248 -0.296
-0.259 -0.239 -0.238
-0.172 -0.208 -0.203
 0.012 -0.050 -0.083
-0.007 -0.085 -0.141
 0.025  0.006 -0.030
-0.018 -0.047 -0.069
 0.026  0.045 -0.007
-0.069 -0.111 -0.103
 0.018 -0.038 -0.072
-0.127 -0.151 -0.146
-0.119 -0.045 -0.022
-0.057  0.036  0.058
 0.106  0.238  0.243
 0.234  0.299  0.276
 0.317  0.327  0.281
 0.260  0.232  0.132
 0.211  0.274  0.210
 0.163  0.286  0.241
 0.188  0.289  0.269
 0.203  0.286  0.260
 0.243  0.279  0.254
 0.247  0.208  0.162
 0.178  0.250  0.256
 0.193  0.302  0.294
 0.117  0.258  0.292
 0.175  0.278  0.255
 0.126  0.144  0.133
 0.230  0.191  0.095
 0.070  0.082  0.070
 0.025  0.137  0.132
-0.020  0.078  0.067
-0.101  0.012  0.061
-0.048 -0.050 -0.016
-0.030 -0.079 -0.054
-0.018 -0.043 -0.069
-0.177 -0.113 -0.071
-0.150 -0.096 -0.091
-0.236 -0.184 -0.142
-0.100 -0.131 -0.190
-0.189 -0.260 -0.319
-0.126 -0.179 -0.257
-0.220 -0.193 -0.206
-0.114 -0.126 -0.159
-0.157 -0.170 -0.126
-0.014 -0.127 -0.137
-0.003 -0.126 -0.149
 0.076 -0.054 -0.138
-0.046 -0.093 -0.114
-0.086 -0.122 -0.152
-0.088 -0.091 -0.086
-0.000 -0.069 -0.097
 0.028 -0.057 -0.092
 0.123  0.060 -0.040
 0.001  0.002 -0.044
 0.072  0.064  0.011
 0.043 -0.048 -0.054
 0.096 -0.006 -0.031
 0.077 -0.049 -0.137
 0.033 -0.114 -0.204
-0.062 -0.132 -0.186
-0.054 -0.036 -0.041
 0.136  0.146  0.112
 0.031  0.033  0.071
 0.044 -0.030 -0.011
-0.023 -0.145 -0.130
-0.002 -0.154 -0.200
-0.130 -0.165 -0.142
-0.181 -0.192 -0.130
-0.274 -0.208 -0.053
-0.144 -0.008  0.086
-0.332 -0.290 -0.101
-0.143 -0.166 -0.125
-0.202 -0.303 -0.273
-0.104 -0.202 -0.259
-0.204 -0.210 -0.183
-0.140 -0.137 -0.144
-0.224 -0.184 -0.093
-0.077 -0.018 -0.005
-0.129 -0.148 -0.056
 0.059  0.023 -0.038
-0.054 -0.149 -0.174
 0.020 -0.076 -0.151
-0.024 -0.015  0.002
 0.067  0.103  0.126
 0.057  0.145  0.214
 0.079  0.132  0.215
 0.122  0.187  0.249
 0.093  0.129  0.147
-0.010  0.083  0.121
-0.021  0.076  0.102
-0.005  0.123  0.171
 0.102  0.275  0.283
 0.199  0.345  0.339
 0.301  0.410  0.354
 0.289  0.327  0.310
 0.286  0.383  0.299
 0.203  0.309  0.291
 0.313  0.458  0.357
 0.112  0.241  0.257
 0.118  0.204  0.192
-0.028  0.059  0.127
 0.050  0.067  0.054
-0.123 -0.144 -0.113
-0.100 -0.165 -0.213
-0.119 -0.169 -0.175
-0.139 -0.156 -0.147
-0.287 -0.234 -0.136
-0.263 -0.235 -0.155
-0.361 -0.320 -0.168
-0.231 -0.281 -0.164
-0.271 -0.359 -0.256
-0.179 -0.330 -0.316
-0.190 -0.306 -0.298
-0.130 -0.208 -0.232
-0.183 -0.213 -0.151
-0.143 -0.167 -0.118
-0.156 -0.176 -0.103
-0.064 -0.117 -0.112
-0.124 -0.198 -0.195
-0.105 -0.239 -0.351
-0.159 -0.249 -0.371
 0.018  0.018 -0.097
 0.018  0.124  0.055
 0.132  0.280  0.235
 0.156  0.285  0.274
 0.150  0.236  0.252
 0.097  0.170  0.203
 0.168  0.177  0.183
 0.150  0.134  0.106
 0.084  0.021 -0.056
 0.021 -0.046 -0.180
 0.164  0.132 -0.026
 0.127  0.180  0.084
 0.264  0.312  0.196
 0.125  0.222  0.171
 0.108  0.211  0.200
 0.081  0.195  0.224
 0.091  0.159  0.156
 0.032  0.066  0.077
 0.029  0.033 -0.024
-0.097  0.013  0.068
-0.088  0.020  0.098
-0.240 -0.103  0.074
-0.242 -0.067  0.098
-0.289 -0.181 -0.001
-0.110 -0.016  0.076
-0.308 -0.207 -0.046
-0.215 -0.127 -0.029
-0.308 -0.213 -0.079
-0.133 -0.109 -0.061
-0.221 -0.243 -0.125
 0.012 -0.070 -0.100
-0.174 -0.319 -0.329
-0.087 -0.251 -0.327
-0.139 -0.208 -0.241
-0.091 -0.212 -0.229
-0.195 -0.263 -0.196
-0.061 -0.175 -0.144
-0.110 -0.220 -0.141
-0.028 -0.129 -0.076
-0.012 -0.090 -0.020
 0.102  0.013  0.012
 0.081  0.009  0.061
 0.238  0.126  0.117
 0.122  0.019  0.022
 0.252  0.120  0.047
 0.122 -0.031 -0.122
 0.101  0.064  0.002
 0.054 -0.002 -0.025
-0.040 -0.049  0.026
-0.082 -0.170 -0.126
-0.118 -0.248 -0.167
-0.081 -0.262 -0.357
-0.162 -0.268 -0.312
-0.145 -0.156 -0.152
-0.133 -0.087  0.003
-0.122 -0.071 -0.022
-0.145 -0.102 -0.049
-0.136 -0.231 -0.259
-0.162 -0.312 -0.377
 0.031 -0.065 -0.242
-0.171 -0.190 -0.221
-0.003  0.037  0.053
-0.147 -0.090 -0.016
-0.068 -0.017  0.021
-0.063 -0.104 -0.114
-0.086 -0.161 -0.181
 0.088  0.032 -0.205
-0.082 -0.136 -0.292
-0.012 -0.056 -0.194
-0.087 -0.042 -0.113
-0.005  0.054 -0.007
 0.076  0.112  0.027
 0.005  0.137  0.149
 0.034  0.171  0.220
 0.068  0.211  0.280
 0.086  0.152  0.155
 0.139  0.176  0.123
 0.043  0.121  0.084
 0.061  0.204  0.246
 0.036  0.159  0.191
 0.040  0.186  0.277
 0.048  0.122  0.168
 0.051  0.096  0.133
 0.024  0.012 -0.026
 0.022  0.074  0.043
 0.128  0.261  0.193
-0.062  0.087  0.175
-0.014  0.105  0.164
-0.130 -0.023  0.123
-0.134 -0.104 -0.021
-0.169 -0.181 -0.120
-0.003 -0.028 -0.105
-0.155 -0.108 -0.058
-0.144 -0.022  0.037
-0.461 -0.291 -0.105
-0.094  0.088  0.148
-0.246 -0.135  0.017
-0.008  0.065  0.045
-0.194 -0.190 -0.136
-0.078 -0.049 -0.109
-0.192 -0.130 -0.053
 0.010  0.135  0.090
-0.161 -0.038  0.069
 0.052  0.097  0.105
-0.086 -0.057 -0.007
-0.018 -0.079 -0.119
-0.064 -0.009  0.019
-0.005  0.037  0.049
-0.025  0.071  0.148
-0.003  0.073  0.122
 0.008  0.091  0.143
 0.028  0.068  0.027
 0.016  0.033 -0.026
 0.224  0.236  0.023
 0.076  0.147  0.075
 0.150  0.289  0.244
 0.129  0.250  0.290
 0.115  0.233  0.285
 0.154  0.307  0.396
 0.188  0.245  0.298
 0.192  0.235  0.283
 0.157  0.142  0.127
 0.121  0.201  0.238
 0.072  0.145  0.197
 0.038  0.158  0.276
 0.035  0.127  0.230
 0.111  0.168  0.256
 0.031  0.014  0.072
 0.065  0.020  0.033
-0.022 -0.049 -0.029
-0.041  0.030  0.111
-0.081 -0.017  0.074
-0.066  0.022  0.132
-0.079 -0.077  0.016
-0.035 -0.062 -0.007
-0.128 -0.195 -0.178
-0.085 -0.111 -0.086
-0.135 -0.104 -0.046
-0.102 -0.071 -0.024
-0.226 -0.155 -0.037
-0.051 -0.027  0.047
-0.118 -0.070  0.048
-0.042 -0.073 -0.030
-0.113 -0.167 -0.115
 0.008 -0.032 -0.024
-0.055  0.030  0.121
 0.026  0.112  0.189
-0.034  0.077  0.229
 0.017  0.109  0.247
 0.031  0.143  0.253
 0.053  0.120  0.160
 0.050  0.141  0.189
 0.042  0.155  0.210
 0.022  0.139  0.226
 0.029  0.115  0.200
 0.017  0.087  0.200
 0.027  0.009  0.117
 0.040  0.027  0.140
 0.111  0.055  0.062
 0.045  0.079  0.174
 0.145  0.175  0.238
-0.066 -0.020  0.160
-0.082 -0.036  0.137
-0.194 -0.152  0.125
-0.073 -0.077  0.092
-0.104 -0.093  0.035
-0.014 -0.069 -0.049
-0.080 -0.027 -0.030
-0.048  0.024  0.034
-0.177 -0.027  0.051
-0.063  0.146  0.097
-0.080  0.189  0.166
 0.031  0.113  0.076
-0.066 -0.019 -0.032
 0.065  0.028 -0.078
 0.108  0.140  0.134
 0.126  0.164  0.145
 0.105  0.176  0.205
 0.135  0.173  0.175
 0.145  0.172  0.186
 0.176  0.138  0.080
 0.117  0.087  0.068
 0.182  0.198  0.112
 0.076  0.193  0.125
 0.142  0.208  0.109
 0.024  0.076  0.048
 0.102  0.146  0.046
-0.073 -0.019 -0.150
 0.018  0.124 -0.051
-0.038  0.031 -0.075
 0.013  0.095  0.044
-0.034 -0.004 -0.017
 0.011  0.013  0.023
 0.014 -0.062 -0.112
-0.014 -0.036 -0.029
-0.046  0.061  0.008
-0.138  0.068  0.061
-0.113  0.013 -0.006
-0.178 -0.059 -0.073
-0.046 -0.050 -0.150
-0.113 -0.070 -0.135
 0.003  0.054 -0.051
-0.052  0.071  0.053
 0.083  0.165  0.087
-0.037  0.001 -0.044
 0.088  0.087 -0.013
 0.090  0.028 -0.130
-0.029  0.060 -0.002
-0.005  0.048 -0.007
-0.074  0.062  0.082
 0.117  0.195  0.119
 0.030  0.032 -0.028
 0.237  0.180 -0.005
 0.101  0.064 -0.075
 0.098  0.174  0.085
 0.043  0.125  0.066
 0.038  0.158  0.088
 0.065  0.087 -0.052
 0.051  0.036 -0.126
 0.174  0.210  0.029
 0.049  0.166  0.104
 0.059  0.189  0.139
 0.042  0.123  0.098
 0.056  0.039 -0.102
 0.095  0.025 -0.158
 0.100  0.111 -0.021
 0.083  0.180  0.135
 0.110  0.191  0.109
 0.057  0.097  0.023
 0.157  0.058 -0.137
 0.036 -0.006 -0.115
 0.168  0.203  0.089
 0.027  0.092  0.044
 0.106  0.148  0.073
-0.021 -0.045 -0.075
 0.104  0.006 -0.124
-0.028 -0.074 -0.134
 0.052  0.064 -0.011
-0.123 -0.079 -0.073
 0.013  0.018 -0.044
-0.085 -0.181 -0.234
-0.010 -0.146 -0.257
-0.067 -0.125 -0.211
-0.093 -0.040 -0.064
-0.052 -0.034 -0.071
-0.086 -0.028 -0.020
-0.055 -0.112 -0.142
-0.036 -0.128 -0.208
-0.078 -0.120 -0.189
-0.131 -0.114 -0.116
-0.165 -0.174 -0.203
-0.201 -0.179 -0.175
-0.135 -0.182 -0.202
-0.054 -0.124 -0.174
 0.163  0.032 -0.177
 0.101 -0.018 -0.166
 0.112  0.060 -0.032
 0.105  0.106  0.076
 0.223  0.203  0.118
 0.083  0.133  0.080
 0.097  0.111  0.126
 0.139  0.142  0.183
 0.145  0.124  0.176
 0.244  0.197  0.195
 0.225  0.103  0.082
 0.169  0.135  0.133
 0.177  0.194  0.226
 0.132  0.130  0.161
 0.033  0.103  0.167
-0.022  0.021  0.060
-0.068 -0.041 -0.005
-0.100 -0.189 -0.202
-0.129 -0.115 -0.102
-0.120 -0.101 -0.071
-0.129 -0.037  0.018
-0.178 -0.089 -0.040
-0.167 -0.104 -0.074
-0.189 -0.218 -0.261
-0.224 -0.175 -0.204
-0.249 -0.161 -0.165
-0.276 -0.127 -0.088
-0.299 -0.206 -0.155
-0.298 -0.157 -0.086
-0.204 -0.181 -0.145
-0.154 -0.170 -0.137
-0.056 -0.082 -0.105
-0.100 -0.021  0.029
-0.117 -0.040  0.006
-0.109  0.004  0.066
-0.106 -0.044  0.023
-0.084 -0.049  0.013
-0.069 -0.081 -0.066
-0.049 -0.078 -0.072
-0.068 -0.053 -0.051
-0.052  0.042  0.083
-0.017  0.075  0.115
 0.079  0.197  0.235
 0.228  0.270  0.258
 0.342  0.320  0.275
 0.318  0.198  0.111
 0.331  0.297  0.241
 0.320  0.369  0.325
 0.324  0.458  0.446
 0.328  0.432  0.411
 0.319  0.431  0.392
 0.245  0.310  0.280
 0.265  0.283  0.238
 0.064  0.085  0.093
 0.070  0.117  0.101
-0.111 -0.057 -0.046
-0.074 -0.063 -0.086
-0.195 -0.177 -0.124
-0.116 -0.200 -0.192
-0.192 -0.308 -0.292
-0.047 -0.150 -0.237
-0.218 -0.231 -0.230
-0.077 -0.122 -0.186
-0.213 -0.238 -0.239
-0.149 -0.194 -0.241
-0.183 -0.251 -0.252
-0.129 -0.322 -0.388
-0.147 -0.297 -0.375
-0.050 -0.160 -0.251
-0.052 -0.092 -0.140
 0.019 -0.023 -0.079
 0.035  0.014 -0.014
 0.157  0.103  0.037
 0.087  0.018 -0.001
 0.076  0.030  0.012
 0.079  0.087  0.084
 0.072  0.049  0.043
 0.068  0.078  0.089
 0.071 -0.006 -0.027
 0.105 -0.006 -0.035
 0.065 -0.021 -0.067
 0.058  0.066  0.068
 0.078  0.053  0.044
 0.119  0.126  0.130
 0.131  0.053  0.028
 0.104 -0.007 -0.024
 0.112 -0.007 -0.065
-0.018 -0.041 -0.012
-0.043 -0.094 -0.076
-0.105 -0.094 -0.015
-0.052 -0.150 -0.108
-0.089 -0.214 -0.158
 0.023 -0.069 -0.067
-0.242 -0.238 -0.102
-0.133 -0.169 -0.083
-0.269 -0.255 -0.095
 0.011 -0.063 -0.038
-0.162 -0.295 -0.239
-0.109 -0.189 -0.147
-0.176 -0.154 -0.034
-0.143 -0.101  0.007
-0.121 -0.104  0.006
-0.071 -0.142 -0.077
-0.062 -0.222 -0.200
-0.050 -0.152 -0.146
-0.138 -0.149 -0.067
-0.071 -0.115 -0.048
-0.089 -0.136 -0.028
 0.037 -0.127 -0.128
-0.036 -0.142 -0.107
 0.065  0.092  0.130
-0.013  0.038  0.106
 0.120  0.149  0.172
 0.223  0.193  0.225
 0.310  0.175  0.105
 0.235  0.162  0.141
 0.336  0.348  0.343
 0.283  0.326  0.371
 0.407  0.438  0.457
 0.294  0.271  0.299
 0.295  0.221  0.226
 0.197  0.069  0.027
 0.187  0.208  0.283
 0.235  0.344  0.418
 0.102  0.222  0.367
 0.130  0.157  0.241
 0.010 -0.040  0.050
 0.030 -0.022 -0.009
-0.093 -0.047  0.088
-0.129 -0.040  0.081
-0.189 -0.114  0.064
-0.127 -0.185 -0.087
-0.134 -0.234 -0.129
 0.016  0.090  0.152
-0.218 -0.090  0.093
-0.234 -0.096  0.112
-0.263 -0.123  0.092
-0.275 -0.265 -0.085
-0.196 -0.261 -0.176
-0.045 -0.004 -0.016
-0.260 -0.201 -0.101
-0.034  0.021  0.008
-0.190 -0.180 -0.130
-0.010 -0.135 -0.190
 0.009 -0.124 -0.185
 0.127  0.081 -0.027
-0.057 -0.071 -0.083
-0.057 -0.088 -0.108
-0.054 -0.105 -0.111
-0.024 -0.162 -0.224
 0.025 -0.096 -0.183
-0.025 -0.078 -0.124
 0.001  0.015  0.006
-0.009 -0.008 -0.017
 0.023  0.042  0.044
 0.063  0.005 -0.024
 0.142  0.102  0.053
 0.108  0.097  0.062
 0.157  0.189  0.163
 0.115  0.136  0.132
 0.186  0.181  0.116
 0.085  0.052  0.040
 0.177  0.083  0.006
 0.036 -0.003  0.016
 0.101  0.086  0.090
-0.072 -0.079  0.007
-0.039 -0.036  0.028
-0.067 -0.139 -0.072
-0.039 -0.163 -0.138
-0.055 -0.187 -0.208
-0.269 -0.249 -0.163
-0.281 -0.252 -0.160
-0.289 -0.214 -0.082
-0.261 -0.249 -0.145
-0.227 -0.219 -0.107
-0.127 -0.133 -0.061
-0.161 -0.071  0.055
-0.176 -0.093  0.042
-0.118 -0.016  0.110
-0.131 -0.115 -0.014
-0.014 -0.090 -0.031
 0.024 -0.104 -0.123
 0.007 -0.014  0.001
-0.009 -0.002  0.013
 0.039  0.098  0.124
 0.080  0.115  0.115
 0.106  0.092  0.089
 0.122  0.048 -0.014
 0.173  0.112  0.057
 0.176  0.172  0.132
 0.206  0.221  0.197
 0.228  0.193  0.157
 0.212  0.150  0.129
 0.261  0.140  0.037
 0.183  0.091  0.022
 0.308  0.295  0.227
 0.204  0.246  0.260
 0.308  0.346  0.323
 0.181  0.215  0.259
 0.257  0.190  0.180
 0.101 -0.025 -0.032
 0.189  0.007 -0.098
 0.013 -0.079 -0.095
-0.042 -0.030  0.035
-0.087 -0.089 -0.012
-0.164 -0.110 -0.006
-0.143 -0.189 -0.117
-0.148 -0.208 -0.134
-0.101 -0.255 -0.253
-0.095 -0.241 -0.222
-0.141 -0.221 -0.176
-0.179 -0.166 -0.071
-0.193 -0.195 -0.117
-0.129 -0.129 -0.079
-0.110 -0.202 -0.213
-0.062 -0.205 -0.284
-0.040 -0.223 -0.357
-0.136 -0.185 -0.223
 0.003  0.019 -0.048
-0.134 -0.124 -0.086
-0.071 -0.016 -0.023
-0.108 -0.145 -0.141
 0.047 -0.038 -0.167
-0.069 -0.209 -0.308
-0.031 -0.105 -0.214
-0.039 -0.015 -0.092
 0.005  0.051 -0.019
 0.053  0.110  0.065
 0.122  0.170  0.096
 0.189  0.154  0.062
 0.241  0.207  0.097
 0.333  0.372  0.299
 0.348  0.394  0.325
 0.310  0.364  0.340
 0.231  0.248  0.227
 0.222  0.193  0.159
 0.172  0.092 -0.015
 0.112  0.138  0.105
 0.077  0.146  0.145
-0.058  0.056  0.126
-0.061  0.014  0.064
-0.210 -0.121  0.002
-0.209 -0.238 -0.186
-0.245 -0.330 -0.271
-0.222 -0.278 -0.230
-0.345 -0.353 -0.126
-0.285 -0.383 -0.100
-0.328 -0.360 -0.054
-0.217 -0.154 -0.068
-0.225 -0.253 -0.191
-0.135 -0.391 -0.358
-0.207 -0.364 -0.278
-0.096 -0.197 -0.096
-0.220 -0.316 -0.084
-0.061 -0.115  0.037
-0.150 -0.288 -0.093
-0.089 -0.343 -0.201
-0.103 -0.316 -0.173
 0.007 -0.138 -0.042
-0.023 -0.087  0.072
 0.110  0.058  0.182
 0.106  0.068  0.209
 0.220  0.168  0.271
 0.165  0.079  0.142
 0.195  0.163  0.227
 0.160  0.184  0.248
 0.160  0.290  0.347
 0.148  0.306  0.344
 0.166  0.333  0.398
 0.181  0.264  0.307
 0.256  0.349  0.364
 0.215  0.320  0.434
 0.154  0.291  0.460
 0.191  0.341  0.500
 0.205  0.403  0.540
 0.251  0.371  0.495
 0.282  0.378  0.435
 0.177  0.261  0.286
 0.012  0.167  0.247
-0.042  0.084  0.143
-0.107  0.044  0.135
-0.089  0.009  0.083
-0.066 -0.026  0.047
-0.001 -0.071 -0.089
-0.159 -0.140 -0.123
-0.158 -0.130 -0.145
-0.404 -0.338 -0.215
-0.227 -0.165 -0.110
-0.334 -0.386 -0.257
-0.220 -0.377 -0.354
-0.255 -0.389 -0.360
-0.168 -0.268 -0.264
-0.226 -0.260 -0.180
-0.085 -0.136 -0.091
-0.052 -0.116 -0.075
 0.087 -0.076 -0.150
 0.059 -0.126 -0.244
 0.178  0.004 -0.190
-0.017 -0.060 -0.105
 0.084  0.070  0.039
-0.026 -0.039 -0.016
-0.047 -0.044  0.004
-0.072 -0.086 -0.046
-0.104 -0.113 -0.035
 0.103  0.070  0.044
 0.007 -0.124 -0.099
-0.052 -0.068 -0.026
-0.117 -0.063  0.017
-0.145 -0.064 -0.041
-0.162 -0.021 -0.009
-0.105 -0.015 -0.043
-0.134 -0.167 -0.204
-0.148 -0.198 -0.300
-0.229 -0.172 -0.175
-0.248 -0.199 -0.209
-0.327 -0.243 -0.168
-0.294 -0.285 -0.253
-0.301 -0.369 -0.352
-0.196 -0.314 -0.368
-0.356 -0.334 -0.293
-0.332 -0.313 -0.280
-0.408 -0.344 -0.257
-0.345 -0.373 -0.348
-0.341 -0.442 -0.448
-0.253 -0.425 -0.537
-0.366 -0.389 -0.430
-0.275 -0.285 -0.333
-0.333 -0.290 -0.242
-0.174 -0.172 -0.189
-0.158 -0.207 -0.194
 0.006 -0.157 -0.301
-0.055 -0.165 -0.260
 0.037 -0.002 -0.099
-0.073 -0.044 -0.043
 0.001  0.012 -0.020
-0.025 -0.033 -0.036
 0.063 -0.024 -0.109
 0.058  0.036 -0.037
 0.044  0.096  0.051
 0.058  0.164  0.135
 0.051  0.219  0.158
 0.149  0.267  0.203
 0.322  0.384  0.202
 0.199  0.238  0.105
 0.214  0.371  0.230
 0.142  0.260  0.192
 0.096  0.125  0.095
 0.067  0.085  0.089
 0.031 -0.084 -0.120
 0.000 -0.120 -0.157
-0.054 -0.108 -0.125
-0.079 -0.069 -0.002
-0.083 -0.110 -0.045
-0.110 -0.108 -0.016
-0.013 -0.115 -0.115
-0.048 -0.171 -0.166
-0.112 -0.157 -0.135
-0.245 -0.236 -0.120
-0.211 -0.240 -0.163
-0.185 -0.189 -0.101
-0.110 -0.204 -0.160
 0.030 -0.122 -0.147
-0.082 -0.142 -0.146
-0.059 -0.061 -0.038
-0.095 -0.081 -0.054
-0.010  0.023  0.023
-0.096 -0.154 -0.148
 0.018 -0.124 -0.185
-0.094 -0.153 -0.201
-0.008  0.070  0.024
 0.038  0.118  0.087
 0.245  0.297  0.181
 0.165  0.156  0.075
 0.217  0.142 -0.009
 0.104  0.114  0.002
 0.188  0.282  0.192
 0.142  0.261  0.201
 0.231  0.384  0.325
 0.166  0.217  0.177
 0.155  0.135  0.026
 0.135  0.154  0.043
 0.172  0.270  0.201
 0.139  0.249  0.194
 0.150  0.313  0.290
 0.092  0.129  0.093
 0.058  0.054  0.004
-0.017  0.041 -0.023
-0.076  0.076  0.092
-0.041  0.081  0.091
-0.078  0.103  0.139
 0.003  0.091  0.060
-0.092 -0.086 -0.076
-0.121 -0.069 -0.109
-0.200 -0.060 -0.034
-0.159 -0.102 -0.091
-0.232 -0.175 -0.132
-0.125 -0.260 -0.333
-0.136 -0.319 -0.395
-0.076 -0.189 -0.302
-0.205 -0.266 -0.286
-0.051 -0.120 -0.186
-0.113 -0.242 -0.278
 0.085 -0.147 -0.292
 0.005 -0.173 -0.297
 0.018 -0.070 -0.181
-0.052 -0.155 -0.224
-0.018 -0.100 -0.147
 0.025 -0.157 -0.257
 0.033 -0.181 -0.313
 0.071 -0.060 -0.206
 0.066  0.031 -0.042
 0.120  0.095  0.030
 0.161  0.124  0.095
 0.356  0.296  0.139
 0.216  0.111 -0.002
 0.245  0.286  0.171
 0.224  0.255  0.201
 0.237  0.293  0.239
 0.294  0.284  0.256
 0.290  0.217  0.132
 0.247  0.165  0.045
 0.320  0.321  0.204
 0.178  0.241  0.226
 0.166  0.244  0.255
 0.255  0.294  0.261
 0.147  0.125  0.106
 0.246  0.182  0.073
 0.120  0.184  0.161
 0.123  0.201  0.187
-0.066  0.068  0.161
-0.115 -0.005  0.104
-0.114 -0.047  0.036
-0.057 -0.072 -0.092
-0.204 -0.097 -0.069
-0.159 -0.061 -0.062
-0.177 -0.085 -0.061
-0.143 -0.040 -0.037
-0.041 -0.061 -0.111
 0.056 -0.056 -0.164
 0.137  0.041 -0.138
-0.101 -0.095 -0.125
-0.057 -0.034 -0.099
-0.134 -0.137 -0.164
-0.065 -0.119 -0.206
-0.124 -0.282 -0.403
-0.056 -0.204 -0.354
-0.012 -0.070 -0.129
 0.051  0.015 -0.018
 0.035  0.043  0.052
 0.076 -0.026 -0.048
 0.066 -0.080 -0.187
 0.107 -0.024 -0.212
 0.052  0.042 -0.061
 0.175  0.168  0.055
 0.119  0.122  0.059
 0.209  0.112 -0.003
 0.069 -0.020 -0.157
 0.152  0.099 -0.043
-0.058 -0.034 -0.026
 0.007  0.046  0.041
-0.157 -0.145 -0.078
 0.006 -0.060 -0.071
-0.052 -0.114 -0.133
-0.192 -0.134 -0.041
-0.159 -0.103 -0.010
-0.208 -0.104  0.060
-0.065  0.034  0.118
-0.156 -0.151 -0.040
-0.080 -0.180 -0.176
-0.074 -0.166 -0.180
 0.025  0.035  0.029
-0.107 -0.038  0.070
 0.040  0.132  0.209
-0.072 -0.013  0.093
-0.069 -0.115 -0.065
-0.085 -0.177 -0.184
 0.009 -0.065 -0.161
-0.041 -0.025 -0.030
 0.151  0.202  0.164
 0.074  0.150  0.171
 0.210  0.246  0.201
 0.142  0.086  0.044
 0.264  0.150  0.006
 0.158  0.136  0.092
 0.247  0.331  0.337
 0.142  0.247  0.307
 0.251  0.347  0.384
 0.106  0.168  0.237
 0.190  0.129  0.081
 0.017 -0.044 -0.143
 0.142  0.109 -0.037
-0.029  0.031 -0.028
 0.014  0.129  0.118
-0.037  0.072  0.078
 0.084  0.167  0.167
 0.095  0.101  0.076
 0.176  0.161  0.093
 0.124  0.176  0.153
 0.060  0.193  0.245
 0.045  0.159  0.203
 0.043  0.178  0.215
-0.025  0.028  0.066
 0.049  0.058  0.068
-0.009  0.031  0.015
-0.020  0.077  0.085
-0.055  0.032  0.041
-0.001  0.107  0.147
 0.054  0.075  0.085
 0.038 -0.015 -0.033
 0.062 -0.019 -0.142
-0.074 -0.044 -0.110
 0.030  0.101  0.015
-0.080  0.052  0.040
 0.053  0.154  0.106
 0.062  0.130  0.080
 0.142  0.150  0.005
-0.004  0.065  0.003
 0.069  0.146  0.076
-0.032  0.078  0.079
 0.010  0.107  0.094
 0.029  0.103  0.107
 0.301  0.350  0.188
 0.202  0.244  0.170
 0.210  0.388  0.324
 0.240  0.430  0.410
 0.328  0.575  0.537
 0.228  0.422  0.441
 0.205  0.322  0.310
 0.254  0.319  0.262
 0.351  0.485  0.334
 0.124  0.267  0.250
 0.103  0.235  0.215
 0.025  0.187  0.249
 0.078  0.141  0.138
 0.036  0.050  0.041
 0.027  0.156  0.122
-0.090  0.070  0.133
 0.074  0.291  0.255
-0.137  0.032  0.112
-0.076 -0.030 -0.033
-0.201 -0.187 -0.186
-0.058  0.043 -0.016
-0.283 -0.216 -0.138
-0.066  0.047  0.042
-0.199 -0.160 -0.056
 0.083  0.074  0.053
 0.020 -0.071 -0.064
 0.024  0.036  0.045
 0.009  0.022  0.112
 0.060  0.224  0.191
 0.045  0.076  0.118
 0.193  0.149  0.098
 0.120  0.092  0.052
 0.147  0.153  0.129
 0.023  0.084  0.127
-0.001  0.050  0.106
-0.021  0.032  0.093
 0.043  0.019  0.044
 0.131  0.113  0.138
 0.170  0.162  0.213
 0.158  0.225  0.295
 0.137  0.246  0.304
 0.099  0.259  0.330
 0.102  0.170  0.243
 0.076  0.102  0.170
 0.096  0.129  0.113
 0.047  0.150  0.251
 0.003  0.121  0.220
-0.084  0.046  0.198
-0.069 -0.016  0.088
-0.079 -0.092  0.012
-0.027 -0.073 -0.015
-0.125 -0.106  0.030
 0.001  0.045  0.132
-0.187 -0.121  0.039
-0.148 -0.092  0.001
-0.176 -0.162 -0.080
-0.083 -0.136 -0.184
-0.253 -0.213 -0.224
-0.167 -0.072 -0.115
-0.285 -0.236 -0.187
-0.269 -0.237 -0.214
-0.246 -0.317 -0.268
-0.167 -0.368 -0.361
-0.181 -0.350 -0.293
-0.101 -0.207 -0.150
-0.106 -0.106 -0.024
-0.066 -0.113 -0.045
-0.096 -0.208 -0.125
-0.014 -0.195 -0.230
-0.065 -0.247 -0.260
-0.005 -0.111 -0.166
-0.113 -0.156 -0.146
-0.053 -0.108 -0.101
-0.098 -0.160 -0.109
 0.000 -0.147 -0.174
-0.026 -0.162 -0.213
 0.163  0.083 -0.005
 0.028 -0.003 -0.000
 0.138  0.115  0.092
 0.003 -0.007  0.050
 0.022 -0.034 -0.016
-0.032 -0.123 -0.109
-0.017 -0.118 -0.138
-0.105 -0.138 -0.110
-0.121 -0.150 -0.089
-0.190 -0.189 -0.058
-0.189 -0.235 -0.125
-0.217 -0.303 -0.189
-0.157 -0.287 -0.266
-0.239 -0.258 -0.191
-0.097 -0.086 -0.031
-0.204 -0.161 -0.016
-0.085 -0.063  0.021
-0.152 -0.179 -0.088
-0.036 -0.147 -0.162
-0.133 -0.184 -0.154
-0.022  0.001  0.034
-0.107 -0.048  0.023
 0.013  0.086  0.134
-0.001  0.006  0.033
 0.048  0.004 -0.054
 0.064 -0.038 -0.178
 0.022  0.057  0.010
 0.041  0.099  0.077
 0.055  0.167  0.184
 0.057  0.128  0.152
 0.106  0.113  0.123
 0.127  0.043 -0.033
 0.112  0.061 -0.012
 0.238  0.296  0.170
 0.099  0.188  0.151
 0.220  0.357  0.269
 0.102  0.181  0.181
 0.082  0.085  0.079
 0.098  0.058 -0.003
 0.057  0.107  0.028
 0.013  0.107  0.080
-0.046  0.067  0.056
-0.060  0.091  0.043
-0.071  0.074 -0.089
-0.096 -0.097 -0.229
-0.116 -0.110 -0.228
-0.159 -0.108 -0.176
-0.119  0.068 -0.073
-0.082  0.098 -0.005
 0.016  0.028 -0.082
 0.007  0.013 -0.089
 0.121  0.283  0.142
-0.091  0.155  0.135
 0.013  0.191  0.211
-0.122  0.025  0.082
 0.003  0.121  0.010
-0.030  0.092 -0.060
 0.063  0.260  0.069
-0.022  0.195  0.093
 0.062  0.257  0.116
-0.006  0.102  0.026
 0.049 -0.007 -0.106
 0.010 -0.057 -0.115
 0.074  0.113  0.073
 0.033  0.191  0.194
 0.112  0.165  0.190
 0.090 -0.025  0.117
 0.265  0.299  0.155
 0.217  0.224  0.108
 0.274  0.229  0.253
 0.204  0.152  0.203
 0.205  0.214  0.266
 0.212  0.127  0.128
 0.216  0.068  0.002
 0.235  0.129 -0.005
 0.201  0.279  0.136
 0.159  0.164  0.121
 0.055  0.045  0.054
 0.034  0.099 -0.007
-0.011 -0.010 -0.110
 0.056 -0.038 -0.199
-0.009 -0.001 -0.062
 0.156  0.128  0.127
 0.007 -0.026  0.110
 0.072  0.035  0.051
-0.016 -0.073 -0.097
 0.061  0.035 -0.006
-0.118 -0.100 -0.083
-0.058 -0.013  0.026
-0.163 -0.119 -0.033
 0.033  0.005  0.013
-0.003 -0.088 -0.148
 0.062  0.029 -0.031
-0.016  0.003  0.006
-0.018  0.051  0.110
 0.022  0.068  0.108
-0.011 -0.025  0.005
 0.134  0.026 -0.101
-0.020 -0.133 -0.202
-0.008 -0.047 -0.093
-0.091 -0.054 -0.028
 0.030  0.067  0.076
 0.098  0.149  0.176
 0.234  0.205  0.148
 0.216  0.203  0.114
 0.315  0.320  0.201
 0.240  0.321  0.285
 0.268  0.337  0.291
 0.200  0.299  0.321
 0.221  0.219  0.185
 0.136  0.079  0.020
 0.217  0.146  0.020
 0.087  0.097  0.055
 0.179  0.208  0.170
 0.109  0.159  0.167
 0.125  0.134  0.172
 0.124  0.074  0.017
 0.143  0.112  0.023
 0.095  0.165  0.144
 0.051  0.160  0.228
-0.016  0.075  0.144
-0.082  0.032  0.160
-0.074 -0.009  0.066
-0.105 -0.134 -0.089
-0.090 -0.165 -0.198
-0.145 -0.123 -0.094
-0.154 -0.105 -0.058
-0.205 -0.132 -0.022
-0.230 -0.194 -0.091
-0.264 -0.321 -0.234
-0.278 -0.412 -0.426
-0.312 -0.362 -0.318
-0.231 -0.245 -0.181
-0.275 -0.236 -0.114
-0.195 -0.192 -0.110
-0.210 -0.271 -0.176
-0.106 -0.323 -0.268
-0.162 -0.262 -0.209
-0.126 -0.070 -0.040
-0.176  0.020 -0.003
-0.112  0.127  0.126
-0.074 -0.127  0.045
 0.056  0.059  0.122
 0.071  0.065  0.051
 0.109  0.103  0.237
 0.119  0.114  0.263
 0.092  0.104  0.326
 0.073  0.004  0.240
 0.103  0.054  0.226
 0.227  0.197  0.329
 0.033  0.018  0.231
 0.029  0.056  0.265
 0.020  0.041  0.287
-0.015 -0.039  0.214
-0.017 -0.099  0.135
 0.035 -0.117  0.020
-0.043 -0.076  0.081
 0.045  0.019  0.145
-0.041 -0.056  0.099
-0.068 -0.146 -0.029
-0.112 -0.274 -0.154
-0.036 -0.297 -0.271
-0.134 -0.330 -0.300
-0.046 -0.136 -0.094
-0.153 -0.227 -0.144
-0.181 -0.206 -0.073
-0.195 -0.334 -0.231
-0.179 -0.351 -0.271
-0.002 -0.176 -0.277
-0.245 -0.355 -0.385
-0.199 -0.275 -0.289
-0.219 -0.272 -0.265
-0.099 -0.117 -0.111
-0.010 -0.050 -0.028
-0.046  0.003  0.066
 0.033  0.093  0.121
 0.032 -0.044 -0.066
 0.092 -0.038 -0.150
-0.016 -0.102 -0.176
 0.077  0.110  0.115
 0.018  0.089  0.112
 0.009  0.102  0.117
-0.057 -0.065 -0.064
-0.095 -0.173 -0.205
-0.205 -0.354 -0.466
-0.227 -0.255 -0.303
-0.053  0.043 -0.047
-0.110 -0.007 -0.011
 0.009  0.139  0.065
-0.171 -0.143 -0.145
-0.248 -0.244 -0.334
-0.212 -0.143 -0.335
-0.149 -0.002 -0.163
-0.155  0.045 -0.006
-0.135  0.080  0.007
-0.214 -0.024 -0.040
-0.246 -0.152 -0.223
-0.287 -0.291 -0.436
-0.303 -0.307 -0.472
-0.272 -0.174 -0.273
-0.240 -0.083 -0.171
-0.221 -0.044 -0.112
-0.053  0.063 -0.082
-0.225 -0.253 -0.344
-0.231 -0.279 -0.482
-0.211 -0.213 -0.380
-0.130 -0.090 -0.256
-0.134 -0.010 -0.097
-0.072  0.129  0.028
-0.066  0.116  0.059
 0.081  0.177 -0.012
-0.048  0.007 -0.208
 0.023  0.177 -0.074
 0.077  0.313  0.115
 0.101  0.327  0.165
 0.046  0.250  0.149
 0.001  0.185  0.048
 0.046  0.262  0.046
 0.063  0.249 -0.094
 0.121  0.230 -0.015
 0.126  0.244  0.072
 0.122  0.275  0.173
 0.127  0.313  0.145
 0.162  0.312  0.165
 0.073  0.142  0.034
 0.048  0.096 -0.067
 0.034  0.049 -0.079
 0.075  0.170  0.076
 0.061  0.213  0.086
 0.051  0.267  0.164
 0.020  0.165  0.089
-0.021  0.069  0.008
-0.014  0.058 -0.014
-0.055  0.101  0.116
-0.090  0.042  0.054
-0.161 -0.011  0.049
-0.185 -0.115 -0.082
-0.067  0.002 -0.031
-0.134 -0.083 -0.097
-0.100  0.066  0.094
-0.194 -0.013  0.081
-0.105  0.052  0.095
-0.209 -0.095  0.014
-0.025  0.015  0.050
-0.034 -0.015  0.005
 0.036  0.133  0.149
-0.082 -0.011  0.040
 0.034  0.115  0.097
-0.033  0.050  0.136
 0.192  0.239  0.319
 0.148  0.131  0.159
 0.304  0.320  0.255
 0.223  0.279  0.207
 0.174  0.233  0.153
 0.091  0.111  0.021
 0.188  0.204  0.121
 0.165  0.163  0.083
 0.384  0.298  0.128
 0.315  0.248  0.111
 0.449  0.443  0.325
 0.343  0.359  0.323
 0.380  0.379  0.325
 0.114  0.083  0.042
 0.102 -0.020 -0.127
-0.099 -0.269 -0.372
 0.026 -0.057 -0.137
-0.090 -0.161 -0.185
-0.075 -0.079 -0.059
-0.144 -0.209 -0.153
-0.045 -0.147 -0.141
-0.153 -0.317 -0.352
-0.067 -0.132 -0.153
-0.131 -0.174 -0.135
 0.019  0.016  0.037
-0.042 -0.053  0.013
 0.039 -0.046 -0.035
-0.080 -0.213 -0.201
-0.069 -0.242 -0.298
-0.135 -0.197 -0.177
-0.130 -0.120 -0.075
-0.110 -0.065  0.038
-0.009  0.017  0.070
-0.078 -0.064  0.027
-0.072 -0.203 -0.192
-0.082 -0.230 -0.273
-0.068 -0.167 -0.182
-0.041 -0.038  0.031
-0.068 -0.098 -0.047
 0.016  0.040  0.067
-0.016 -0.086 -0.076
 0.091 -0.013 -0.040
 0.104 -0.033 -0.100
 0.181  0.133  0.091
 0.089  0.037  0.018
 0.155  0.147  0.158
 0.117  0.034  0.044
 0.161  0.029  0.019
 0.111 -0.043 -0.127
 0.138  0.094  0.083
 0.130  0.132  0.128
 0.124  0.146  0.179
 0.099  0.021 -0.005
 0.003 -0.105 -0.121
 0.085 -0.007 -0.123
 0.026 -0.042 -0.057
-0.005 -0.036 -0.008
-0.021 -0.123 -0.083
-0.010 -0.153 -0.185
-0.090 -0.274 -0.318
-0.089 -0.210 -0.220
-0.067 -0.105 -0.045
-0.043 -0.062  0.043
-0.040 -0.092  0.053
-0.008 -0.167 -0.154
-0.053 -0.219 -0.266
 0.052 -0.040 -0.102
-0.102 -0.144 -0.109
 0.022  0.021  0.036
-0.111 -0.176 -0.143
 0.036 -0.040 -0.115
-0.031 -0.154 -0.286
-0.054 -0.047 -0.102
-0.043 -0.040 -0.068
-0.006  0.043  0.053
 0.015 -0.054 -0.120
 0.051 -0.065 -0.191
 0.115  0.043 -0.110
 0.040  0.086  0.074
 0.042  0.104  0.120
 0.092  0.190  0.246
 0.036  0.060  0.087
 0.057  0.044 -0.011
 0.070  0.081  0.013
 0.133  0.221  0.227
 0.163  0.244  0.246
 0.208  0.284  0.287
 0.203  0.187  0.146
 0.194  0.146  0.054
 0.275  0.317  0.189
 0.167  0.219  0.200
 0.083  0.124  0.115
-0.000  0.023  0.011
-0.060 -0.121 -0.181
-0.076 -0.132 -0.200
-0.088 -0.091 -0.065
-0.114 -0.048  0.070
-0.163 -0.115  0.018
-0.172 -0.148 -0.010
-0.184 -0.268 -0.230
-0.172 -0.228 -0.200
-0.144 -0.157 -0.091
-0.102 -0.042  0.067
-0.057 -0.021  0.049
-0.053 -0.030  0.025
-0.040 -0.098 -0.115
 0.011  0.033  0.023
 0.029  0.073  0.115
-0.000  0.078  0.161
-0.011 -0.014  0.072
-0.002 -0.029  0.043
 0.148  0.030 -0.025
 0.083  0.018 -0.014
 0.089  0.128  0.116
 0.058  0.141  0.186
 0.170  0.273  0.306
 0.243  0.318  0.332
 0.231  0.232  0.221
 0.261  0.242  0.203
 0.239  0.293  0.281
 0.242  0.359  0.395
 0.193  0.302  0.355
 0.225  0.353  0.405
 0.264  0.347  0.374
 0.308  0.379  0.395
 0.294  0.385  0.392
 0.265  0.445  0.507
 0.196  0.358  0.421
 0.134  0.298  0.370
 0.092  0.185  0.233
 0.111  0.200  0.239
 0.066  0.212  0.281
 0.001  0.195  0.313
-0.077  0.064  0.153
-0.118  0.017  0.124
-0.098 -0.020  0.042
-0.086 -0.032  0.012
-0.129 -0.025  0.025
-0.145 -0.006  0.094
-0.123 -0.009  0.070
-0.128 -0.011  0.097
-0.074 -0.091 -0.053
-0.079 -0.163 -0.162
-0.032 -0.085 -0.109
-0.134 -0.128 -0.069
-0.038 -0.052 -0.016
 0.008  0.033  0.072
 0.068  0.046  0.067
 0.122  0.058  0.057
 0.103 -0.037 -0.095
 0.075 -0.018 -0.058
 0.050 -0.015 -0.009
 0.046  0.053  0.095
 0.047  0.026  0.068
 0.124  0.120  0.154
 0.090  0.037  0.063
 0.195  0.069  0.007
 0.104  0.026 -0.012
 0.168  0.128  0.090
 0.063  0.068  0.074
 0.091  0.083  0.065
-0.007 -0.006  0.010
-0.051 -0.137 -0.155
-0.134 -0.192 -0.197
-0.168 -0.190 -0.187
-0.201 -0.173 -0.104
-0.169 -0.162 -0.086
-0.193 -0.205 -0.109
-0.121 -0.199 -0.161
-0.148 -0.152 -0.077
-0.125 -0.114 -0.026
-0.195 -0.165 -0.022
-0.204 -0.205 -0.090
-0.214 -0.248 -0.160
-0.173 -0.281 -0.256
-0.209 -0.266 -0.184
-0.211 -0.239 -0.137
-0.220 -0.236 -0.088
-0.154 -0.224 -0.128
-0.110 -0.250 -0.212
-0.042 -0.227 -0.276
-0.064 -0.146 -0.133
-0.021 -0.089 -0.065
-0.034 -0.081 -0.008
 0.039 -0.081 -0.078
 0.047 -0.090 -0.139
 0.111  0.017 -0.058
 0.065  0.056  0.046
 0.105  0.085  0.081
 0.084  0.117  0.137
 0.098  0.049  0.024
 0.101  0.042 -0.025
 0.085  0.010 -0.056
 0.092  0.120  0.135
 0.109  0.156  0.193
 0.062  0.124  0.177
 0.093  0.138  0.176
 0.040  0.084  0.142
 0.059  0.049  0.069
 0.051  0.012  0.043
 0.128  0.111  0.076
 0.037  0.104  0.129
 0.109  0.155  0.191
-0.028  0.012  0.085
 0.017  0.011  0.052
 0.006 -0.051 -0.043
 0.042  0.014  0.004
-0.050 -0.041  0.001
-0.092 -0.041  0.035
-0.106 -0.075  0.012
-0.096 -0.093 -0.007
-0.028 -0.088 -0.058
-0.057 -0.063 -0.017
-0.085 -0.090  0.001
-0.088 -0.070  0.064
-0.075 -0.106  0.035
-0.002 -0.081  0.039
-0.077 -0.262 -0.214
-0.016 -0.156 -0.132
-0.061 -0.164 -0.091
-0.000 -0.088  0.014
-0.027 -0.173 -0.080
 0.073 -0.134 -0.115
 0.021 -0.223 -0.289
 0.101 -0.061 -0.096
 0.049 -0.082 -0.102
 0.106  0.005  0.010
-0.009 -0.135 -0.101
 0.025 -0.163 -0.136
-0.121 -0.377 -0.407
-0.140 -0.376 -0.422
-0.209 -0.377 -0.344
-0.168 -0.282 -0.167
-0.223 -0.347 -0.240
-0.235 -0.399 -0.226
-0.301 -0.558 -0.406
-0.293 -0.594 -0.538
-0.384 -0.646 -0.594
-0.422 -0.600 -0.410
-0.404 -0.556 -0.354
-0.403 -0.484 -0.215
-0.375 -0.509 -0.284
-0.333 -0.496 -0.359
-0.208 -0.288 -0.247
-0.314 -0.364 -0.171
-0.274 -0.278 -0.076
-0.217 -0.194 -0.020
-0.203 -0.219 -0.169
-0.195 -0.254 -0.264
-0.062 -0.135 -0.115
-0.076 -0.015  0.095
-0.046  0.051  0.180
-0.040  0.054  0.238
-0.004  0.008  0.112
 0.059  0.047  0.057
 0.132  0.183  0.185
 0.078  0.195  0.280
 0.053  0.170  0.289
 0.008  0.119  0.276
 0.246  0.313  0.346
 0.138  0.144  0.188
 0.262  0.361  0.351
 0.174  0.300  0.388
 0.349  0.513  0.547
 0.252  0.400  0.502
 0.265  0.363  0.447
 0.286  0.336  0.371
 0.398  0.484  0.440
 0.205  0.319  0.363
 0.128  0.226  0.278
 0.151  0.245  0.293
 0.180  0.235  0.268
 0.162  0.163  0.160
 0.100  0.061  0.001
 0.065  0.122  0.123
 0.014  0.098  0.149
-0.014  0.113  0.185
-0.033  0.090  0.151
-0.057  0.015  0.090
-0.109 -0.090 -0.051
-0.119 -0.075 -0.024
-0.116 -0.033  0.033
-0.219 -0.098  0.021
-0.226 -0.124 -0.012
-0.271 -0.212 -0.086
-0.228 -0.268 -0.198
-0.189 -0.264 -0.249
-0.040  0.008 -0.012
-0.177 -0.115 -0.026
-0.021  0.054  0.102
-0.121 -0.132 -0.023
 0.070 -0.005 -0.051
 0.003 -0.150 -0.199
-0.031 -0.094 -0.121
-0.048 -0.053 -0.028
 0.001  0.017  0.035
 0.001  0.036  0.075
 0.055  0.012 -0.016
 0.046 -0.022 -0.102
 0.087  0.030 -0.046
 0.042  0.047  0.036
 0.073  0.068  0.054
 0.080  0.082  0.077
 0.116  0.011 -0.056
 0.091 -0.041 -0.160
 0.112  0.035 -0.067
 0.053  0.043 -0.001
 0.004 -0.030 -0.062
-0.094 -0.153 -0.167
-0.137 -0.298 -0.395
-0.214 -0.414 -0.546
-0.256 -0.421 -0.517
-0.323 -0.443 -0.460
-0.273 -0.397 -0.424
-0.290 -0.417 -0.429
-0.267 -0.457 -0.550
-0.304 -0.455 -0.575
-0.265 -0.329 -0.409
-0.309 -0.315 -0.297
-0.274 -0.274 -0.266
-0.301 -0.295 -0.246
-0.228 -0.282 -0.319
-0.161 -0.193 -0.267
-0.084 -0.050 -0.096
-0.135 -0.042 -0.030
-0.023  0.063  0.041
-0.095 -0.060 -0.057
-0.038 -0.100 -0.186
-0.028 -0.063 -0.175
-0.008  0.033 -0.063
-0.025  0.072  0.029
 0.069  0.143  0.050
 0.032  0.132  0.084
 0.183  0.271  0.220
 0.155  0.254  0.259
 0.234  0.355  0.350
 0.243  0.301  0.216
 0.259  0.261  0.082
 0.208  0.188 -0.003
 0.210  0.241  0.102
 0.164  0.190  0.066
 0.133  0.189  0.094
 0.038  0.051 -0.022
-0.000 -0.048 -0.151
-0.095 -0.188 -0.346
-0.063 -0.076 -0.181
-0.098 -0.095 -0.180
-0.119 -0.089 -0.134
-0.114 -0.112 -0.158
-0.108 -0.145 -0.201
 0.027 -0.034 -0.235
-0.096 -0.168 -0.307
-0.180 -0.179 -0.252
-0.153 -0.114 -0.110
-0.145 -0.066 -0.041
-0.088 -0.007  0.040
 0.029  0.078  0.042
-0.050 -0.040 -0.042
-0.061  0.023  0.036
-0.026  0.119  0.152
-0.010  0.119  0.135
-0.005  0.117  0.133
-0.096 -0.051 -0.052
-0.102 -0.164 -0.205
-0.074 -0.104 -0.164
-0.040  0.024  0.058
-0.014  0.088  0.117
 0.032  0.153  0.202
 0.050  0.075  0.062
 0.070  0.034 -0.049
 0.151  0.053 -0.144
 0.144  0.160  0.024
 0.231  0.271  0.141
 0.206  0.308  0.235
 0.255  0.309  0.217
 0.227  0.242  0.124
 0.185  0.095 -0.109
 0.121  0.117 -0.030
 0.108  0.116  0.028
 0.049  0.110  0.089
 0.050  0.159  0.102
-0.001  0.020 -0.059
-0.087 -0.146 -0.285
-0.064 -0.053 -0.166
-0.070 -0.026 -0.074
-0.033  0.046  0.041
-0.063 -0.024 -0.009
-0.099 -0.120 -0.093
-0.175 -0.284 -0.332
-0.203 -0.231 -0.226
-0.237 -0.221 -0.152
-0.233 -0.138  0.002
-0.260 -0.219 -0.087
-0.192 -0.268 -0.224
-0.314 -0.434 -0.472
-0.165 -0.203 -0.249
-0.206 -0.171 -0.111
-0.003  0.094  0.154
-0.011  0.128  0.232
 0.017  0.045  0.090
-0.018 -0.041 -0.054
 0.005  0.010 -0.016
-0.012  0.100  0.165
-0.014  0.119  0.203
 0.003  0.131  0.258
 0.082  0.151  0.202
-0.040 -0.066 -0.028
 0.114  0.145  0.091
 0.003  0.092  0.177
 0.062  0.162  0.227
 0.138  0.252  0.308
 0.122  0.126  0.109
 0.135  0.103  0.027
 0.074  0.050 -0.014
 0.083  0.151  0.162
 0.030  0.080  0.100
 0.020  0.070  0.113
-0.053 -0.115 -0.157
-0.064 -0.159 -0.260
-0.077 -0.127 -0.215
-0.016  0.004 -0.003
-0.007 -0.000  0.011
 0.003  0.049  0.083
-0.035 -0.083 -0.109
 0.030 -0.074 -0.180
-0.086 -0.139 -0.210
-0.096 -0.108 -0.068
-0.184 -0.203 -0.138
-0.123 -0.156 -0.097
-0.214 -0.332 -0.358
-0.169 -0.324 -0.444
-0.199 -0.293 -0.367
-0.196 -0.216 -0.146
-0.152 -0.177 -0.102
-0.125 -0.173 -0.120
-0.104 -0.209 -0.276
-0.067 -0.157 -0.244
-0.065 -0.084 -0.108
-0.044  0.003  0.086
-0.007  0.058  0.151
 0.028  0.086  0.177
 0.042  0.028  0.023
 0.143  0.133  0.084
 0.133  0.175  0.170
 0.162  0.255  0.331
 0.185  0.249  0.313
 0.269  0.276  0.283
 0.248  0.212  0.109
 0.274  0.321  0.231
 0.325  0.444  0.404
 0.374  0.560  0.568
 0.419  0.602  0.575
 0.446  0.543  0.496
 0.401  0.432  0.304
 0.391  0.441  0.296
 0.325  0.416  0.316
 0.331  0.451  0.429
 0.287  0.437  0.418
 0.315  0.433  0.405
 0.228  0.298  0.179
 0.249  0.296  0.138
 0.118  0.231  0.161
 0.140  0.262  0.265
 0.043  0.148  0.195
 0.084  0.122  0.119
-0.003  0.012 -0.072
 0.034  0.073  0.007
 0.009  0.104  0.082
-0.014  0.138  0.203
-0.012  0.110  0.162
 0.012  0.099  0.139
-0.010  0.033  0.003
 0.024  0.108  0.087
-0.076  0.021  0.071
-0.043  0.044  0.128
-0.142 -0.092  0.017
-0.059 -0.106 -0.045
-0.108 -0.164 -0.160
-0.029 -0.068 -0.056
-0.036  0.003  0.058
 0.004  0.102  0.201
 0.036  0.152  0.227
 0.147  0.241  0.279
 0.209  0.260  0.241
 0.306  0.300  0.206
 0.186  0.246  0.189
 0.209  0.271  0.255
 0.080  0.142  0.202
 0.174  0.226  0.260
 0.128  0.133  0.141
 0.148  0.085 -0.002
 0.056  0.014 -0.084
 0.120  0.156  0.121
 0.037  0.081  0.094
 0.059  0.088  0.085
 0.014  0.025  0.017
 0.042 -0.015 -0.070
-0.009 -0.087 -0.194
 0.064  0.004 -0.133
-0.018 -0.031 -0.116
-0.019 -0.024 -0.053
-0.123 -0.100 -0.082
-0.113 -0.114 -0.093
-0.208 -0.221 -0.244
-0.168 -0.189 -0.202
-0.153 -0.083 -0.047
-0.046  0.052  0.128
-0.108 -0.003  0.059
-0.054 -0.001  0.048
-0.143 -0.143 -0.096
-0.137 -0.221 -0.261
-0.205 -0.309 -0.375
-0.208 -0.296 -0.320
-0.307 -0.377 -0.303
-0.258 -0.340 -0.243
-0.236 -0.347 -0.210
-0.156 -0.321 -0.259
-0.154 -0.345 -0.333
-0.116 -0.352 -0.436
-0.152 -0.333 -0.350
-0.069 -0.242 -0.195
-0.122 -0.245 -0.127
-0.136 -0.262 -0.150
-0.197 -0.378 -0.273
-0.214 -0.454 -0.460
-0.201 -0.489 -0.550
-0.088 -0.310 -0.353
-0.012 -0.150 -0.084
 0.028 -0.074  0.013
 0.023 -0.053  0.063
 0.031 -0.084 -0.057
 0.036 -0.127 -0.188
-0.041 -0.134 -0.177
-0.072 -0.124 -0.029
-0.123 -0.101  0.034
-0.154 -0.174 -0.006
-0.164 -0.260 -0.218
-0.189 -0.347 -0.363
-0.155 -0.230 -0.244
-0.224 -0.255 -0.163
-0.260 -0.276 -0.174
-0.232 -0.237 -0.127
-0.244 -0.279 -0.267
-0.250 -0.338 -0.401
-0.272 -0.368 -0.437
-0.246 -0.286 -0.290
-0.230 -0.253 -0.289
-0.198 -0.234 -0.248
-0.211 -0.326 -0.411
-0.206 -0.361 -0.485
-0.205 -0.287 -0.446
-0.099 -0.139 -0.194
-0.017 -0.022 -0.060
 0.052  0.079  0.074
 0.102  0.083  0.005
 0.181  0.120 -0.035
 0.190  0.174  0.014
 0.227  0.250  0.187
 0.209  0.258  0.206
 0.205  0.289  0.287
 0.277  0.317  0.263
 0.352  0.367  0.255
 0.329  0.374  0.234
 0.368  0.455  0.378
 0.338  0.449  0.383
 0.415  0.511  0.435
 0.343  0.434  0.360
 0.341  0.346  0.177
 0.250  0.245  0.037
 0.304  0.326  0.122
 0.207  0.262  0.152
 0.160  0.201  0.099
 0.074  0.113  0.068
 0.002 -0.036 -0.149
-0.064 -0.103 -0.277
-0.029 -0.055 -0.217
-0.043 -0.033 -0.122
-0.024 -0.035 -0.111
-0.042 -0.042 -0.099
-0.104 -0.119 -0.224
-0.121 -0.191 -0.346
-0.111 -0.084 -0.239
-0.070 -0.039 -0.092
 0.077  0.188  0.102
-0.050  0.004  0.014
-0.036 -0.023 -0.076
-0.007 -0.021 -0.138
-0.025  0.006 -0.105
-0.015  0.060  0.024
-0.001  0.090  0.082
 0.028  0.094  0.092
 0.054  0.088  0.002
 0.115  0.147  0.008
 0.127  0.205  0.113
 0.125  0.232  0.241
 0.159  0.269  0.289
 0.180  0.264  0.273
 0.216  0.269  0.203
 0.250  0.319  0.175
 0.252  0.394  0.280
 0.265  0.438  0.397
 0.278  0.478  0.452
 0.374  0.531  0.500
 0.312  0.444  0.383
 0.290  0.363  0.202
 0.217  0.325  0.195
 0.287  0.396  0.309
 0.299  0.447  0.419
 0.359  0.479  0.452
 0.241  0.331  0.300
 0.252  0.309  0.216
 0.126  0.198  0.115
 0.142  0.257  0.231
 0.051  0.179  0.225
 0.045  0.169  0.245
-0.064 -0.000  0.051
-0.016 -0.013 -0.061
-0.091 -0.096 -0.164
-0.007  0.028 -0.022
-0.130 -0.069 -0.045
-0.121 -0.034  0.049
-0.197 -0.154 -0.079
-0.169 -0.166 -0.134
-0.218 -0.224 -0.268
-0.146 -0.148 -0.206
-0.106 -0.077 -0.088
-0.157 -0.113  0.003
-0.120 -0.066  0.053
-0.044  0.000  0.136
-0.002 -0.012  0.046
 0.038 -0.007 -0.031
 0.034  0.004 -0.098
-0.026 -0.010  0.007
-0.076 -0.063  0.021
-0.050 -0.016  0.117
-0.074 -0.070  0.072
 0.087  0.035  0.106
 0.052 -0.012  0.009
 0.153  0.087 -0.003
 0.101  0.121  0.101
 0.146  0.181  0.217
 0.075  0.132  0.209
 0.155  0.211  0.255
 0.050  0.080  0.134
 0.058  0.037  0.046
-0.013 -0.040 -0.062
-0.013 -0.049 -0.109
-0.019  0.013  0.031
 0.008  0.037  0.089
-0.044  0.002  0.098
-0.048 -0.062 -0.024
-0.162 -0.209 -0.204
-0.128 -0.201 -0.261
-0.202 -0.266 -0.303
-0.178 -0.225 -0.197
-0.163 -0.219 -0.159
-0.137 -0.189 -0.088
-0.137 -0.195 -0.080
-0.154 -0.211 -0.064
-0.125 -0.193 -0.054
-0.193 -0.278 -0.117
-0.245 -0.362 -0.276
-0.212 -0.339 -0.303
-0.238 -0.322 -0.234
-0.179 -0.214 -0.079
-0.213 -0.255 -0.104
-0.191 -0.230 -0.085
-0.211 -0.283 -0.248
-0.201 -0.288 -0.306
-0.136 -0.181 -0.190
-0.177 -0.172 -0.077
-0.128 -0.107  0.006
-0.044  0.006  0.142
 0.088  0.140  0.208
 0.066  0.085  0.146
 0.160  0.218  0.164
 0.021  0.065  0.117
 0.054  0.111  0.176
 0.053  0.089  0.251
-0.033 -0.061  0.089
-0.160 -0.202 -0.122
-0.174 -0.269 -0.303
-0.229 -0.296 -0.274
-0.129 -0.155 -0.094
-0.049 -0.075 -0.018
 0.024  0.024  0.078
-0.024 -0.058 -0.071
 0.007 -0.015 -0.096
-0.075 -0.088 -0.117
-0.050 -0.005  0.034
-0.063 -0.003  0.029
-0.063 -0.006  0.046
-0.113 -0.139 -0.158
-0.057 -0.091 -0.153
-0.125 -0.118 -0.155
-0.071 -0.033  0.012
-0.016  0.025  0.074
 0.017  0.023  0.077
-0.001  0.043 -0.007
-0.105 -0.119 -0.172
-0.118 -0.136 -0.151
-0.088 -0.076 -0.029
-0.068 -0.072  0.004
-0.064 -0.110 -0.026
-0.060 -0.098 -0.076
-0.022 -0.093 -0.091
 0.069  0.025  0.038
 0.107  0.143  0.203
 0.156  0.194  0.247
 0.116  0.116  0.167
 0.163  0.116  0.069
 0.152  0.103  0.041
 0.216  0.197  0.187
 0.146  0.142  0.198
 0.137  0.158  0.248
 0.115  0.088  0.127
 0.100  0.046  0.032
 0.027 -0.016 -0.056
 0.073  0.082  0.119
 0.155  0.186  0.211
 0.089  0.104  0.179
 0.138  0.090  0.073
-0.033 -0.158 -0.178
-0.061 -0.190 -0.247
-0.063 -0.162 -0.131
-0.001 -0.103 -0.078
-0.068 -0.174 -0.093
-0.002 -0.142 -0.146
-0.130 -0.263 -0.304
-0.096 -0.195 -0.183
-0.142 -0.204 -0.131
-0.189 -0.234 -0.105
-0.209 -0.312 -0.224
-0.160 -0.271 -0.252
-0.173 -0.265 -0.305
-0.144 -0.216 -0.163
-0.036 -0.078 -0.033
-0.089 -0.152 -0.027
-0.092 -0.193 -0.155
-0.084 -0.192 -0.210
 0.004 -0.065 -0.093
-0.032 -0.039  0.031
-0.031 -0.002  0.151
-0.024 -0.045  0.078
 0.054  0.011  0.044
 0.052  0.018 -0.012
 0.030  0.036  0.114
 0.168  0.217  0.281
 0.133  0.163  0.307
 0.148  0.130  0.193
 0.072  0.033  0.050
 0.108  0.104  0.094
 0.043  0.097  0.192
 0.157  0.263  0.313
 0.086  0.195  0.212
 0.053  0.115  0.062
-0.008  0.034 -0.104
 0.003  0.040  0.014
 0.083  0.098  0.137
 0.128  0.164  0.226
 0.123  0.102  0.104
-0.007 -0.026 -0.017
-0.047 -0.103 -0.145
-0.051 -0.096 -0.080
-0.039 -0.014 -0.002
 0.056  0.016  0.062
 0.017 -0.068 -0.084
 0.019 -0.071 -0.134
-0.023 -0.084 -0.145
-0.028 -0.060 -0.039
-0.057 -0.063 -0.004
-0.067 -0.073  0.001
-0.107 -0.124 -0.123
-0.017 -0.022 -0.075
-0.043 -0.003 -0.018
-0.039  0.080  0.159
 0.101  0.281  0.322
-0.021  0.092  0.172
 0.057  0.127  0.087
 0.051  0.148  0.074
 0.138  0.279  0.214
 0.083  0.288  0.281
 0.162  0.355  0.365
 0.089  0.183  0.132
 0.217  0.240  0.050
 0.143  0.201  0.019
 0.170  0.282  0.213
 0.142  0.274  0.250
 0.130  0.235  0.227
 0.061  0.101  0.033
 0.049  0.059 -0.064
-0.020  0.038 -0.111
-0.034  0.056 -0.039
 0.057  0.134  0.076
 0.076  0.124  0.093
 0.024  0.059 -0.054
-0.057 -0.034 -0.159
-0.063 -0.019 -0.081
-0.063  0.014  0.020
-0.046  0.011  0.022
-0.127 -0.072 -0.017
-0.114 -0.053 -0.002
-0.145 -0.096 -0.027
-0.160 -0.143 -0.087
-0.096 -0.130 -0.230
-0.085 -0.083 -0.200
-0.015  0.013 -0.038
-0.101 -0.022  0.019
-0.005  0.168  0.194
-0.100 -0.049 -0.021
-0.108 -0.084 -0.156
-0.165 -0.131 -0.137
-0.170 -0.115 -0.053
-0.127 -0.087  0.030
-0.121 -0.107  0.006
-0.080 -0.126 -0.098
-0.054 -0.086 -0.158
-0.016 -0.003 -0.000
 0.030  0.081  0.149
 0.091  0.160  0.271
 0.082  0.133  0.214
 0.176  0.176  0.143
 0.127  0.160  0.073
 0.152  0.212  0.199
 0.093  0.173  0.235
 0.133  0.200  0.302
 0.058  0.108  0.197
 0.165  0.198  0.168
 0.085  0.198  0.215
 0.168  0.320  0.377
 0.116  0.284  0.381
 0.177  0.323  0.393
 0.014  0.091  0.136
-0.067 -0.076 -0.143
-0.129 -0.108 -0.146
-0.077 -0.036 -0.046
-0.088 -0.035  0.019
-0.063 -0.036  0.013
-0.140 -0.126 -0.098
-0.188 -0.195 -0.254
-0.175 -0.164 -0.185
-0.114 -0.074 -0.039
-0.086 -0.025  0.061
-0.078 -0.034  0.078
-0.118 -0.138 -0.021
-0.108 -0.109 -0.096
-0.096 -0.096 -0.056
-0.090 -0.050  0.026
-0.064 -0.004  0.119
-0.021  0.011  0.121
-0.014 -0.035  0.027
 0.023 -0.046 -0.073
 0.015  0.048  0.001
 0.098  0.149  0.128
 0.077  0.159  0.186
 0.123  0.180  0.174
 0.132  0.170  0.121
 0.069  0.088 -0.028
 0.081  0.146  0.080
 0.214  0.273  0.258
 0.254  0.333  0.393
 0.282  0.320  0.356
 0.263  0.294  0.300
 0.279  0.290  0.226
 0.217  0.301  0.310
 0.210  0.290  0.311
 0.127  0.221  0.290
 0.104  0.107  0.108
 0.073  0.041 -0.011
 0.153  0.113  0.067
 0.107  0.100  0.107
 0.178  0.146  0.152
 0.021 -0.042 -0.015
 0.086  0.023 -0.065
-0.016 -0.060 -0.139
-0.040 -0.061 -0.078
-0.071 -0.073 -0.059
-0.083 -0.072 -0.025
-0.209 -0.237 -0.227
-0.230 -0.250 -0.247
-0.248 -0.231 -0.188
-0.176 -0.134 -0.043
-0.131 -0.068  0.033
-0.125 -0.097 -0.001
-0.166 -0.190 -0.190
-0.159 -0.202 -0.231
-0.150 -0.115 -0.110
-0.113 -0.124 -0.075
-0.108 -0.125 -0.046
-0.096 -0.141 -0.087
-0.014 -0.084 -0.111
 0.027 -0.013 -0.006
 0.155  0.127  0.142
 0.117  0.084  0.134
 0.115  0.035  0.019
 0.194  0.110 -0.002
 0.107  0.045 -0.003
 0.113  0.051  0.036
 0.128  0.125  0.193
 0.151  0.238  0.355
 0.093  0.177  0.317
 0.110  0.098  0.178
 0.130  0.136  0.143
 0.081  0.111  0.180
-0.086 -0.065  0.091
-0.113 -0.136 -0.004
-0.139 -0.203 -0.048
-0.198 -0.347 -0.285
-0.298 -0.462 -0.422
-0.291 -0.438 -0.341
