 0.229 -0.137  0.244
 0.232 -0.134  0.283
 0.228 -0.084  0.241
 0.227 -0.047  0.242
 0.289 -0.038  0.232
 0.193 -0.189  0.139
 0.193 -0.155  0.196
 0.304  0.012  0.344
 0.184 -0.254  0.193
 0.223 -0.096  0.220
 0.165 -0.147  0.220
 0.206 -0.104  0.237
 0.198 -0.074  0.206
 0.185 -0.059  0.233
 0.191 -0.071  0.181
 0.146 -0.105  0.142
 0.148 -0.099  0.122
 0.088 -0.102  0.102
 0.122 -0.160  0.086
 0.249 -0.056  0.176
 0.164 -0.239  0.110
 0.163 -0.315  0.095
 0.068 -0.516 -0.080
 0.046 -0.469 -0.038
 0.160 -0.283  0.124
 0.098 -0.340  0.042
 0.035 -0.387 -0.001
 0.081 -0.327  0.037
 0.096 -0.263  0.010
-0.095 -0.469 -0.149
-0.024 -0.370 -0.105
-0.036 -0.332 -0.020
 0.060 -0.215  0.117
 0.043 -0.212  0.108
 0.074 -0.213  0.119
 0.060 -0.278  0.020
-0.003 -0.331 -0.030
 0.061 -0.202  0.119
 0.050 -0.193  0.127
 0.117 -0.140  0.190
 0.253 -0.012  0.271
 0.166 -0.088  0.208
 0.166 -0.088  0.202
 0.041 -0.298 -0.059
 0.078 -0.196  0.074
 0.223 -0.011  0.253
 0.148 -0.112  0.177
 0.170 -0.032  0.252
 0.144 -0.100  0.190
 0.148 -0.075  0.196
 0.059 -0.200  0.046
 0.125 -0.074  0.172
 0.211 -0.032  0.180
 0.118 -0.096  0.140
 0.155 -0.033  0.199
 0.053 -0.161  0.063
 0.021 -0.179  0.048
 0.028 -0.156  0.053
 0.044 -0.126  0.084
 0.149 -0.049  0.136
 0.054 -0.124  0.080
 0.076 -0.100  0.079
 0.109 -0.070  0.036
 0.045 -0.112  0.059
 0.056 -0.142  0.030
 0.040 -0.148  0.032
 0.121 -0.085  0.065
 0.019 -0.168  0.009
 0.107 -0.092  0.043
 0.014 -0.160  0.009
 0.126 -0.027  0.136
 0.041 -0.136  0.038
 0.050 -0.094  0.068
-0.015 -0.212 -0.077
-0.055 -0.241 -0.104
 0.079 -0.080  0.035
-0.017 -0.174 -0.024
 0.031 -0.075  0.080
 0.055 -0.032  0.074
-0.068 -0.204 -0.056
-0.028 -0.151 -0.004
 0.011 -0.081  0.065
 0.152  0.048  0.157
 0.053 -0.048  0.092
 0.059 -0.019  0.120
 0.031 -0.057  0.072
 0.097  0.023  0.156
 0.187  0.081  0.187
 0.120  0.056  0.181
 0.149  0.101  0.225
 0.066 -0.043  0.072
 0.003 -0.094  0.008
-0.207 -0.388 -0.312
-0.067 -0.155 -0.032
 0.088  0.062  0.198
 0.086  0.011  0.153
 0.088  0.014  0.153
 0.152  0.051  0.145
-0.103 -0.244 -0.122
-0.289 -0.425 -0.324
-0.536 -0.739 -0.643
-0.290 -0.379 -0.275
 0.002 -0.014  0.101
 0.190  0.300  0.260
 0.076  0.210  0.152
 0.047  0.161  0.076
-0.029  0.077 -0.015
-0.106 -0.043 -0.200
-0.312 -0.258 -0.367
 0.014  0.172  0.078
 0.053  0.165  0.088
 0.054  0.175  0.112
 0.095  0.169  0.074
-0.063 -0.011 -0.066
 0.005  0.099  0.044
 0.119  0.209  0.127
 0.085  0.179  0.160
 0.077  0.144  0.121
 0.020  0.066  0.059
-0.016  0.006 -0.043
 0.082  0.132  0.101
 0.115  0.226  0.234
 0.145  0.204  0.194
 0.081  0.119  0.135
 0.089  0.131  0.152
 0.030  0.071  0.102
 0.151  0.208  0.256
 0.274  0.304  0.326
 0.223  0.291  0.336
 0.238  0.330  0.386
 0.149  0.228  0.286
 0.228  0.289  0.363
 0.231  0.255  0.320
 0.197  0.214  0.291
 0.249  0.272  0.359
 0.192  0.218  0.261
 0.086  0.044  0.109
-0.055 -0.163 -0.122
-0.223 -0.282 -0.202
 0.026  0.039  0.123
 0.172  0.195  0.275
 0.227  0.308  0.344
 0.148  0.151  0.230
 0.100  0.031  0.072
-0.004 -0.104 -0.068
 0.173  0.148  0.174
 0.252  0.272  0.265
 0.144  0.127  0.198
 0.183  0.123  0.175
 0.059 -0.005  0.070
 0.097  0.076  0.149
 0.114  0.070  0.133
 0.111  0.057  0.130
 0.170  0.135  0.187
 0.061  0.034  0.081
 0.028 -0.069 -0.016
 0.149  0.091  0.118
 0.226  0.217  0.212
 0.116  0.087  0.160
 0.152  0.077  0.126
-0.027 -0.111 -0.044
-0.032 -0.105 -0.051
 0.043 -0.012  0.017
 0.091  0.052  0.109
 0.156  0.159  0.222
 0.129  0.114  0.175
 0.148  0.110  0.166
 0.235  0.139  0.174
 0.112  0.021  0.091
 0.192  0.179  0.288
 0.226  0.152  0.266
 0.215  0.146  0.278
 0.240  0.194  0.315
 0.110 -0.045  0.066
 0.038 -0.160 -0.049
 0.018 -0.135 -0.013
 0.143 -0.004  0.114
 0.196  0.063  0.195
 0.251  0.097  0.211
 0.157  0.018  0.157
 0.139 -0.056  0.061
 0.068 -0.086  0.059
 0.174  0.088  0.247
 0.149  0.028  0.187
 0.162  0.042  0.201
 0.178  0.013  0.132
 0.056 -0.130 -0.058
-0.129 -0.350 -0.213
-0.084 -0.318 -0.198
-0.027 -0.223 -0.059
 0.116 -0.039  0.138
 0.027 -0.177  0.018
 0.035 -0.155  0.036
-0.046 -0.285 -0.089
-0.084 -0.305 -0.105
 0.043 -0.185 -0.011
-0.009 -0.218 -0.024
 0.077 -0.069  0.130
-0.084 -0.285 -0.072
-0.153 -0.368 -0.159
-0.252 -0.453 -0.251
-0.112 -0.289 -0.080
 0.016 -0.123  0.081
 0.078 -0.076  0.109
 0.049 -0.078  0.111
 0.079 -0.102  0.045
-0.206 -0.415 -0.252
-0.213 -0.411 -0.230
-0.059 -0.210 -0.025
 0.096 -0.030  0.167
 0.189  0.082  0.256
 0.072 -0.047  0.162
 0.146  0.051  0.259
-0.026 -0.187  0.006
-0.207 -0.389 -0.201
 0.045 -0.036  0.140
-0.012 -0.069  0.100
 0.108 -0.005  0.165
 0.137 -0.030  0.122
 0.006 -0.132  0.056
-0.014 -0.157  0.017
-0.317 -0.547 -0.391
-0.584 -0.828 -0.681
-0.163 -0.308 -0.166
-0.066 -0.244 -0.125
 0.034 -0.109  0.016
 0.158  0.075  0.194
 0.040 -0.105  0.016
 0.034 -0.096  0.014
-0.234 -0.423 -0.295
 0.013 -0.137 -0.008
 0.082 -0.116  0.003
-0.012 -0.184 -0.042
 0.075 -0.032  0.094
-0.078 -0.229 -0.102
-0.161 -0.327 -0.217
-0.234 -0.402 -0.309
-0.523 -0.733 -0.669
-0.419 -0.571 -0.484
-0.039 -0.096  0.008
-0.011 -0.109  0.021
 0.129  0.042  0.181
 0.169  0.058  0.190
 0.130  0.038  0.167
 0.091 -0.034  0.055
-0.124 -0.260 -0.152
 0.024 -0.065  0.019
 0.177  0.075  0.155
 0.202  0.118  0.229
 0.340  0.300  0.412
 0.325  0.246  0.369
 0.259  0.219  0.365
 0.264  0.212  0.361
 0.068 -0.056  0.084
-0.061 -0.175 -0.024
 0.213  0.148  0.275
 0.187  0.068  0.196
 0.211  0.109  0.235
 0.278  0.150  0.257
 0.096 -0.028  0.108
 0.087 -0.039  0.076
-0.255 -0.459 -0.355
-0.451 -0.623 -0.506
 0.024 -0.059  0.036
 0.098 -0.037  0.063
 0.124  0.020  0.138
 0.242  0.179  0.284
 0.100  0.005  0.108
 0.023 -0.077  0.015
-0.126 -0.245 -0.189
-0.325 -0.380 -0.379
-0.306 -0.384 -0.337
-0.039 -0.109 -0.081
-0.001 -0.069 -0.010
 0.193  0.151  0.210
 0.154  0.089  0.156
 0.133  0.106  0.176
 0.102  0.073  0.134
 0.004 -0.005 -0.015
-0.136 -0.192 -0.135
 0.141  0.115  0.146
 0.194  0.158  0.204
 0.306  0.307  0.363
 0.287  0.265  0.321
 0.228  0.241  0.335
 0.307  0.349  0.429
 0.321  0.391  0.416
 0.108  0.112  0.206
 0.160  0.149  0.218
 0.189  0.211  0.304
 0.320  0.358  0.441
 0.284  0.270  0.346
 0.220  0.212  0.302
 0.270  0.214  0.274
 0.086  0.038  0.133
 0.031 -0.070  0.005
 0.016 -0.044  0.035
 0.221  0.199  0.250
 0.160  0.114  0.176
 0.195  0.166  0.220
 0.281  0.239  0.275
 0.145  0.093  0.142
 0.083  0.031  0.090
-0.113 -0.234 -0.173
-0.008 -0.072 -0.002
 0.192  0.141  0.207
 0.123  0.049  0.119
 0.161  0.104  0.175
 0.179  0.097  0.132
-0.054 -0.120 -0.055
-0.103 -0.177 -0.121
-0.121 -0.183 -0.119
 0.009 -0.063  0.001
 0.122  0.055  0.113
 0.153  0.134  0.160
 0.124  0.097  0.166
 0.103  0.054  0.126
 0.134  0.128  0.207
 0.250  0.265  0.337
 0.172  0.229  0.311
 0.181  0.195  0.276
 0.102  0.080  0.139
-0.152 -0.117 -0.031
-0.062 -0.050  0.041
 0.138  0.165  0.256
 0.142  0.163  0.281
 0.263  0.314  0.427
 0.213  0.264  0.368
 0.211  0.278  0.377
 0.238  0.282  0.311
 0.023  0.045  0.083
-0.125 -0.105 -0.051
-0.210 -0.234 -0.204
-0.243 -0.222 -0.163
-0.180 -0.168 -0.120
 0.023  0.083  0.102
 0.035  0.052  0.086
 0.156  0.197  0.209
 0.158  0.189  0.191
 0.131  0.177  0.192
 0.067  0.062  0.061
-0.164 -0.191 -0.171
-0.200 -0.225 -0.212
-0.062 -0.109 -0.091
 0.047  0.013  0.053
 0.134  0.134  0.181
 0.045  0.023  0.087
 0.061  0.049  0.098
 0.113  0.073  0.087
-0.112 -0.149 -0.115
-0.172 -0.219 -0.202
-0.054 -0.114 -0.118
-0.035 -0.082 -0.047
 0.132  0.131  0.174
 0.114  0.115  0.164
 0.133  0.161  0.223
 0.200  0.248  0.293
 0.004  0.053  0.136
 0.036  0.116  0.208
 0.074  0.115  0.202
 0.031  0.066  0.184
 0.094  0.139  0.244
 0.014  0.029  0.148
 0.096  0.116  0.252
 0.063  0.082  0.223
 0.013  0.021  0.173
-0.006 -0.027  0.089
-0.026 -0.043  0.096
 0.096  0.072  0.207
 0.064 -0.015  0.109
-0.018 -0.085  0.051
 0.053 -0.027  0.098
 0.027 -0.002  0.087
 0.020 -0.066  0.048
 0.064 -0.069  0.036
-0.043 -0.156 -0.013
 0.063 -0.020  0.117
-0.000 -0.106  0.025
-0.078 -0.174 -0.038
-0.197 -0.308 -0.189
-0.481 -0.616 -0.499
-0.181 -0.270 -0.149
-0.032 -0.103  0.013
-0.106 -0.153 -0.024
-0.033 -0.066  0.050
 0.029 -0.024  0.078
-0.127 -0.160 -0.022
 0.003  0.014  0.124
-0.003 -0.049  0.073
 0.014 -0.008  0.111
 0.084  0.081  0.187
-0.030  0.010  0.108
 0.026  0.022  0.110
 0.132  0.132  0.203
 0.038  0.079  0.198
 0.103  0.192  0.303
 0.080  0.145  0.259
 0.002  0.088  0.215
 0.032  0.112  0.237
 0.055  0.134  0.237
 0.079  0.156  0.262
 0.122  0.211  0.285
 0.070  0.192  0.270
 0.020  0.057  0.145
-0.056 -0.105 -0.053
-0.112 -0.143 -0.071
 0.018  0.014  0.068
 0.005 -0.026  0.018
 0.009  0.001  0.053
-0.035 -0.046 -0.011
-0.230 -0.271 -0.243
-0.128 -0.163 -0.159
-0.016 -0.061 -0.057
-0.071 -0.144 -0.132
-0.001 -0.059 -0.060
 0.017 -0.050 -0.071
-0.215 -0.299 -0.279
-0.227 -0.303 -0.295
-0.389 -0.465 -0.470
-0.264 -0.270 -0.277
-0.055 -0.054 -0.064
 0.079  0.104  0.023
 0.035  0.012 -0.024
-0.026 -0.068 -0.113
-0.087 -0.126 -0.161
-0.132 -0.212 -0.270
-0.336 -0.423 -0.462
-0.313 -0.364 -0.392
-0.251 -0.250 -0.285
 0.062  0.108  0.066
 0.218  0.221  0.168
 0.142  0.141  0.108
 0.215  0.223  0.188
 0.067  0.056  0.043
 0.031  0.014 -0.005
 0.015  0.005 -0.021
 0.165  0.190  0.178
 0.178  0.151  0.136
 0.161  0.156  0.151
 0.242  0.231  0.187
 0.065  0.053  0.027
 0.027 -0.006 -0.043
-0.221 -0.288 -0.319
-0.137 -0.156 -0.197
 0.087  0.086  0.006
 0.019 -0.008 -0.064
 0.145  0.155  0.083
 0.090  0.080  0.021
 0.141  0.154  0.092
-0.074 -0.054 -0.107
-0.155 -0.188 -0.248
-0.071 -0.103 -0.194
-0.055 -0.031 -0.127
 0.067  0.020 -0.045
 0.059 -0.041 -0.110
-0.029 -0.068 -0.122
-0.031 -0.061 -0.137
-0.265 -0.312 -0.391
-0.285 -0.322 -0.425
-0.264 -0.287 -0.403
-0.129 -0.129 -0.229
 0.077  0.056 -0.065
-0.012 -0.010 -0.111
 0.133  0.165  0.076
 0.090  0.122  0.046
 0.060  0.116  0.061
 0.043  0.076  0.030
-0.055  0.069  0.036
 0.096  0.187  0.173
 0.239  0.292  0.261
 0.184  0.257  0.241
 0.220  0.307  0.299
 0.208  0.266  0.254
 0.119  0.176  0.205
 0.085  0.141  0.196
-0.101 -0.058  0.024
 0.070  0.134  0.201
 0.195  0.238  0.279
 0.268  0.351  0.340
 0.181  0.191  0.231
 0.158  0.110  0.135
 0.028 -0.002  0.040
 0.016 -0.017  0.006
-0.177 -0.282 -0.246
-0.229 -0.312 -0.271
 0.006 -0.034 -0.000
 0.015 -0.038  0.017
 0.101  0.058  0.102
 0.163  0.080  0.095
 0.035 -0.027  0.008
 0.075  0.016  0.044
-0.139 -0.228 -0.198
-0.204 -0.328 -0.310
-0.243 -0.356 -0.361
-0.242 -0.300 -0.282
-0.066 -0.151 -0.124
-0.015 -0.112 -0.102
-0.041 -0.105 -0.076
 0.032 -0.025 -0.001
-0.098 -0.141 -0.109
-0.075 -0.155 -0.137
-0.089 -0.189 -0.194
-0.112 -0.183 -0.174
 0.072  0.015  0.024
 0.167  0.158  0.177
 0.062  0.144  0.194
 0.092  0.138  0.201
 0.150  0.161  0.203
 0.030  0.077  0.143
 0.142  0.218  0.270
 0.119  0.216  0.278
 0.188  0.240  0.302
 0.221  0.220  0.270
 0.120  0.152  0.217
 0.162  0.193  0.247
 0.006  0.044  0.120
-0.035 -0.063  0.013
-0.080 -0.177 -0.135
-0.082 -0.152 -0.102
 0.061 -0.007  0.026
 0.014 -0.100 -0.064
 0.025 -0.075 -0.042
 0.098 -0.020 -0.011
-0.073 -0.175 -0.135
-0.030 -0.113 -0.080
-0.249 -0.370 -0.332
-0.164 -0.255 -0.224
 0.006 -0.095 -0.081
-0.053 -0.124 -0.105
 0.047 -0.074 -0.064
 0.071 -0.096 -0.104
-0.051 -0.176 -0.163
-0.031 -0.134 -0.120
-0.249 -0.383 -0.379
-0.365 -0.517 -0.510
-0.332 -0.444 -0.456
-0.301 -0.368 -0.385
-0.077 -0.186 -0.222
-0.011 -0.160 -0.200
-0.043 -0.156 -0.167
 0.102  0.002 -0.028
 0.035 -0.018 -0.021
 0.089  0.087  0.080
-0.083 -0.074 -0.079
-0.131 -0.114 -0.116
 0.039  0.057  0.029
-0.033 -0.052 -0.056
 0.103  0.095  0.083
 0.062  0.030  0.020
 0.058  0.063  0.045
 0.128  0.109  0.074
 0.041  0.027  0.036
 0.112  0.097  0.109
 0.018 -0.024 -0.012
-0.029 -0.059 -0.039
 0.028 -0.018 -0.004
 0.106  0.132  0.096
-0.036 -0.060 -0.038
-0.169 -0.265 -0.240
-0.138 -0.198 -0.170
 0.011 -0.045 -0.033
-0.085 -0.115 -0.092
 0.036 -0.022 -0.015
 0.054 -0.046 -0.034
-0.104 -0.167 -0.124
-0.111 -0.154 -0.122
-0.390 -0.503 -0.479
-0.508 -0.607 -0.568
-0.113 -0.191 -0.181
-0.052 -0.200 -0.196
-0.073 -0.168 -0.133
 0.023 -0.045 -0.011
-0.103 -0.152 -0.111
-0.131 -0.207 -0.173
-0.232 -0.326 -0.311
-0.254 -0.304 -0.284
-0.086 -0.191 -0.172
-0.035 -0.170 -0.178
-0.123 -0.225 -0.206
 0.003 -0.033 -0.022
-0.061 -0.086 -0.080
-0.162 -0.175 -0.130
-0.046 -0.020  0.005
 0.034  0.016  0.035
 0.022  0.026  0.076
 0.114  0.148  0.190
 0.065  0.144  0.185
 0.064  0.094  0.157
 0.073  0.073  0.118
-0.068 -0.038  0.040
-0.050 -0.026  0.039
 0.058  0.059  0.094
 0.017  0.033  0.093
 0.145  0.167  0.196
 0.108  0.102  0.131
 0.075  0.072  0.113
 0.058  0.061  0.069
-0.002  0.035  0.013
 0.022 -0.008  0.012
 0.058 -0.014 -0.027
-0.013 -0.082 -0.064
 0.074  0.020  0.012
-0.039 -0.118 -0.128
-0.182 -0.260 -0.252
-0.258 -0.320 -0.318
-0.137 -0.200 -0.207
-0.034 -0.085 -0.086
 0.082  0.020  0.008
 0.010 -0.051 -0.062
 0.061  0.012 -0.019
-0.066 -0.187 -0.225
-0.315 -0.415 -0.434
-0.316 -0.405 -0.442
-0.047 -0.140 -0.200
-0.024 -0.074 -0.093
 0.106  0.109  0.085
 0.063  0.054  0.022
-0.001  0.028  0.003
-0.027  0.004 -0.040
-0.286 -0.241 -0.282
-0.251 -0.233 -0.288
 0.035  0.063 -0.014
 0.214  0.277  0.144
 0.199  0.220  0.158
 0.222  0.260  0.202
 0.153  0.248  0.224
 0.101  0.201  0.201
 0.063  0.160  0.156
 0.165  0.270  0.263
 0.287  0.376  0.351
 0.371  0.511  0.436
 0.282  0.363  0.344
 0.291  0.312  0.267
 0.186  0.208  0.185
 0.108  0.138  0.144
 0.206  0.214  0.193
 0.116  0.133  0.133
 0.201  0.222  0.218
 0.104  0.124  0.127
 0.159  0.154  0.132
 0.093  0.053  0.012
-0.129 -0.126 -0.160
-0.059 -0.090 -0.118
 0.081 -0.028 -0.089
 0.027 -0.074 -0.098
 0.163  0.110  0.074
 0.104  0.054  0.039
 0.123  0.122  0.110
-0.061 -0.108 -0.112
-0.276 -0.322 -0.306
-0.136 -0.151 -0.166
-0.024 -0.114 -0.163
-0.045 -0.113 -0.147
 0.095  0.042 -0.007
 0.022 -0.028 -0.069
 0.034  0.025 -0.016
-0.019 -0.016 -0.058
-0.163 -0.127 -0.128
-0.199 -0.149 -0.156
-0.216 -0.153 -0.159
-0.011  0.064  0.062
 0.166  0.207  0.173
 0.168  0.200  0.169
 0.182  0.242  0.236
 0.167  0.209  0.211
 0.101  0.205  0.244
 0.118  0.259  0.315
 0.224  0.434  0.439
 0.193  0.328  0.381
 0.179  0.308  0.347
 0.206  0.306  0.339
 0.164  0.267  0.290
 0.130  0.202  0.223
 0.047  0.092  0.107
-0.122 -0.085 -0.031
 0.041  0.094  0.114
 0.079  0.073  0.081
 0.086  0.089  0.105
 0.146  0.159  0.161
 0.052  0.030  0.034
-0.036 -0.067 -0.043
-0.102 -0.145 -0.132
-0.059 -0.025 -0.023
 0.068  0.056  0.059
 0.090  0.025  0.034
 0.011 -0.026  0.013
 0.100  0.083  0.095
 0.017 -0.034 -0.017
 0.063  0.020  0.024
-0.154 -0.207 -0.175
-0.165 -0.209 -0.178
-0.054 -0.150 -0.165
-0.127 -0.212 -0.192
-0.015 -0.041 -0.037
-0.047 -0.053 -0.034
 0.023  0.048  0.069
 0.089  0.119  0.117
 0.027  0.142  0.122
-0.035  0.066  0.086
 0.158  0.227  0.222
 0.114  0.175  0.193
 0.196  0.266  0.282
 0.135  0.177  0.191
 0.084  0.152  0.183
 0.116  0.225  0.264
 0.095  0.204  0.255
 0.186  0.324  0.372
 0.205  0.298  0.337
 0.176  0.279  0.331
 0.198  0.297  0.339
 0.091  0.135  0.179
-0.054 -0.033  0.018
-0.038 -0.027  0.013
 0.055  0.083  0.057
 0.071  0.033  0.042
 0.034 -0.016  0.006
 0.063  0.051  0.070
 0.068  0.022  0.021
-0.111 -0.168 -0.136
 0.015 -0.012  0.003
 0.088 -0.016 -0.025
-0.043 -0.136 -0.112
 0.068 -0.021 -0.011
-0.055 -0.169 -0.165
-0.197 -0.301 -0.264
-0.222 -0.304 -0.265
-0.146 -0.224 -0.206
-0.049 -0.127 -0.117
 0.027 -0.053 -0.049
-0.047 -0.062 -0.060
-0.039 -0.097 -0.083
-0.224 -0.301 -0.292
-0.375 -0.394 -0.421
-0.490 -0.506 -0.466
-0.186 -0.203 -0.181
-0.099 -0.093 -0.046
 0.116  0.154  0.178
 0.110  0.145  0.162
 0.062  0.088  0.115
-0.013 -0.042 -0.020
-0.036 -0.012 -0.032
 0.059  0.069  0.087
 0.122  0.048  0.054
 0.055  0.011  0.057
 0.191  0.216  0.261
 0.116  0.150  0.232
 0.061  0.116  0.227
 0.212  0.259  0.319
 0.120  0.147  0.238
 0.201  0.225  0.303
 0.156  0.132  0.201
 0.013 -0.016  0.073
-0.088 -0.145 -0.042
-0.402 -0.496 -0.388
-0.219 -0.294 -0.209
-0.018 -0.105 -0.058
-0.032 -0.144 -0.082
 0.110  0.021  0.058
-0.003 -0.096 -0.046
 0.023 -0.059 -0.018
-0.219 -0.281 -0.222
-0.285 -0.384 -0.325
-0.090 -0.201 -0.194
-0.065 -0.135 -0.099
 0.089  0.037  0.072
 0.043 -0.030 -0.000
-0.028 -0.080 -0.037
-0.042 -0.090 -0.060
-0.202 -0.227 -0.190
-0.016 -0.084 -0.071
 0.062 -0.059 -0.085
-0.064 -0.160 -0.155
 0.031 -0.019 -0.030
-0.100 -0.130 -0.115
-0.096 -0.082 -0.057
 0.069  0.108  0.119
 0.060  0.164  0.187
 0.121  0.166  0.204
 0.199  0.220  0.223
 0.174  0.265  0.225
-0.033 -0.002  0.034
 0.021  0.022  0.035
 0.144  0.201  0.180
 0.130  0.205  0.250
 0.174  0.218  0.256
 0.095  0.178  0.249
 0.104  0.183  0.249
-0.011  0.023  0.109
-0.075 -0.027  0.073
 0.059  0.113  0.168
 0.051  0.037  0.093
 0.005  0.005  0.071
 0.036  0.033  0.087
-0.119 -0.144 -0.074
-0.167 -0.215 -0.137
-0.291 -0.357 -0.264
-0.255 -0.300 -0.231
-0.122 -0.161 -0.115
-0.004 -0.045 -0.012
-0.107 -0.157 -0.125
-0.059 -0.102 -0.090
-0.024 -0.036 -0.024
-0.065 -0.112 -0.083
-0.082 -0.079 -0.036
-0.055 -0.090 -0.064
-0.228 -0.244 -0.193
-0.103 -0.114 -0.100
-0.164 -0.193 -0.169
-0.042 -0.039 -0.025
-0.137 -0.165 -0.148
-0.120 -0.127 -0.122
-0.143 -0.151 -0.153
-0.323 -0.297 -0.258
-0.154 -0.118 -0.087
 0.010  0.051  0.046
 0.018  0.056  0.037
 0.064  0.113  0.113
 0.025  0.024  0.009
-0.124 -0.109 -0.090
-0.126 -0.103 -0.079
-0.166 -0.151 -0.144
-0.064 -0.024 -0.019
 0.060  0.112  0.107
-0.014  0.070  0.086
 0.065  0.162  0.192
 0.015  0.068  0.088
-0.081 -0.089 -0.030
-0.202 -0.221 -0.219
-0.525 -0.588 -0.511
-0.205 -0.369 -0.215
-0.036 -0.229 -0.106
-0.124 -0.287 -0.185
-0.023 -0.094 -0.038
-0.093 -0.193 -0.148
-0.185 -0.316 -0.240
-0.154 -0.300 -0.244
-0.149 -0.271 -0.264
 0.018 -0.063 -0.134
-0.022 -0.189 -0.223
-0.071 -0.306 -0.220
-0.088 -0.294 -0.208
-0.264 -0.510 -0.399
-0.068 -0.295 -0.202
 0.012 -0.265 -0.196
-0.132 -0.377 -0.261
-0.074 -0.283 -0.188
-0.316 -0.545 -0.444
-0.193 -0.388 -0.314
-0.035 -0.239 -0.192
-0.113 -0.261 -0.168
 0.029 -0.070  0.008
-0.039 -0.139 -0.052
-0.091 -0.165 -0.075
-0.037 -0.160 -0.108
-0.010 -0.118 -0.053
 0.134  0.072  0.113
 0.026 -0.046  0.007
 0.099  0.050  0.087
 0.078 -0.011  0.012
-0.056 -0.103 -0.062
 0.192  0.268  0.263
 0.181  0.262  0.268
 0.136  0.221  0.295
 0.199  0.313  0.369
 0.095  0.195  0.256
 0.058  0.115  0.180
 0.163  0.164  0.190
 0.013  0.009  0.065
 0.114  0.129  0.159
 0.003  0.041  0.078
 0.013  0.030  0.046
-0.037 -0.048 -0.063
-0.087 -0.073 -0.073
 0.065  0.100  0.094
-0.000 -0.023 -0.023
 0.002  0.008 -0.001
-0.003 -0.002 -0.033
-0.058 -0.063 -0.084
 0.075  0.103  0.078
 0.044  0.029  0.009
-0.002  0.021  0.020
 0.001  0.041  0.029
-0.139 -0.085 -0.124
-0.130 -0.120 -0.138
-0.042 -0.119 -0.148
-0.117 -0.165 -0.162
-0.002 -0.016 -0.023
-0.119 -0.133 -0.144
-0.182 -0.137 -0.136
-0.052  0.044  0.009
-0.047  0.048  0.052
 0.063  0.182  0.197
 0.041  0.127  0.125
-0.026  0.060  0.060
-0.007  0.088  0.070
-0.191 -0.062 -0.052
 0.017  0.129  0.159
 0.130  0.195  0.225
 0.081  0.226  0.294
 0.143  0.340  0.407
 0.015  0.199  0.285
-0.042  0.141  0.236
 0.142  0.317  0.364
 0.073  0.231  0.281
 0.178  0.339  0.352
 0.098  0.174  0.212
-0.074 -0.028  0.045
-0.002  0.073  0.103
-0.025  0.012  0.059
 0.055  0.078  0.122
 0.073  0.068  0.095
-0.176 -0.165 -0.083
-0.187 -0.157 -0.084
-0.131 -0.125 -0.080
-0.049 -0.054 -0.024
 0.051  0.010  0.013
-0.106 -0.144 -0.111
-0.123 -0.153 -0.127
-0.321 -0.388 -0.362
-0.090 -0.149 -0.155
 0.007 -0.081 -0.113
-0.107 -0.197 -0.196
-0.015 -0.066 -0.063
-0.179 -0.259 -0.256
-0.240 -0.303 -0.291
-0.052 -0.036 -0.128
-0.129 -0.047 -0.106
-0.015  0.099  0.057
-0.086  0.024 -0.008
-0.145 -0.078 -0.075
-0.165 -0.130 -0.146
-0.057  0.026 -0.022
 0.010  0.092  0.069
 0.068  0.096  0.047
-0.072 -0.027 -0.031
-0.089 -0.023 -0.038
-0.071  0.012 -0.004
 0.040  0.148  0.149
 0.172  0.294  0.282
 0.151  0.284  0.270
 0.107  0.231  0.258
-0.001  0.003  0.085
 0.010  0.013  0.115
 0.146  0.221  0.217
 0.055  0.124  0.113
 0.103  0.148  0.139
 0.044  0.023  0.008
-0.206 -0.240 -0.210
 0.021  0.033  0.005
 0.003 -0.060 -0.095
-0.026 -0.067 -0.092
-0.080 -0.113 -0.135
-0.407 -0.428 -0.443
-0.244 -0.277 -0.301
-0.056 -0.142 -0.202
-0.073 -0.112 -0.132
 0.073  0.080  0.049
-0.051 -0.087 -0.112
-0.144 -0.170 -0.182
 0.026  0.017 -0.051
-0.084 -0.124 -0.181
 0.045 -0.000 -0.061
-0.076 -0.163 -0.210
-0.233 -0.333 -0.360
-0.220 -0.306 -0.343
-0.030 -0.050 -0.125
 0.039 -0.000 -0.030
 0.076  0.046  0.019
-0.091 -0.062 -0.039
-0.080 -0.044 -0.022
-0.060 -0.019 -0.016
 0.030  0.072  0.076
 0.163  0.193  0.167
 0.205  0.276  0.210
 0.088  0.104  0.098
-0.045 -0.076 -0.091
 0.010  0.045  0.018
 0.175  0.249  0.214
 0.125  0.170  0.149
 0.154  0.211  0.201
 0.162  0.204  0.182
-0.002  0.080  0.074
-0.012  0.040  0.042
 0.136  0.135  0.095
 0.025  0.029  0.025
 0.126  0.139  0.113
 0.049  0.018 -0.015
-0.104 -0.111 -0.111
-0.087 -0.037 -0.036
 0.013  0.053  0.039
 0.057  0.102  0.083
 0.138  0.149  0.088
-0.038 -0.037 -0.066
-0.035 -0.038 -0.074
-0.063 -0.121 -0.180
-0.044 -0.114 -0.168
 0.059  0.012 -0.056
 0.091  0.055 -0.055
 0.020 -0.064 -0.123
-0.143 -0.271 -0.346
-0.201 -0.285 -0.345
 0.016 -0.038 -0.101
-0.046 -0.149 -0.219
-0.056 -0.117 -0.185
-0.086 -0.103 -0.188
-0.372 -0.422 -0.484
-0.254 -0.308 -0.400
-0.007 -0.076 -0.207
 0.033 -0.046 -0.167
 0.096  0.056 -0.032
 0.073  0.015 -0.071
-0.058 -0.088 -0.159
-0.074 -0.083 -0.152
-0.158 -0.179 -0.250
-0.014 -0.022 -0.089
 0.139  0.143  0.060
 0.140  0.181  0.078
 0.080  0.089  0.033
-0.058 -0.122 -0.177
-0.140 -0.167 -0.200
 0.132  0.135  0.072
 0.110  0.064  0.016
 0.054  0.040  0.003
 0.074  0.120  0.102
-0.096 -0.001 -0.015
-0.169 -0.119 -0.109
-0.043 -0.014 -0.045
-0.054 -0.056 -0.080
 0.102  0.100  0.056
 0.081  0.021 -0.036
-0.066 -0.108 -0.136
-0.069 -0.106 -0.146
-0.286 -0.375 -0.413
-0.089 -0.135 -0.180
 0.091  0.058 -0.023
-0.018 -0.069 -0.133
 0.120  0.116  0.035
-0.093 -0.123 -0.174
-0.145 -0.185 -0.240
-0.071 -0.097 -0.190
-0.107 -0.088 -0.170
 0.043  0.010 -0.075
 0.058  0.036 -0.048
-0.172 -0.148 -0.192
-0.203 -0.202 -0.246
-0.181 -0.163 -0.237
-0.060  0.023 -0.103
-0.008  0.067  0.006
-0.015  0.022 -0.051
-0.068  0.037 -0.037
-0.062  0.083 -0.005
-0.103  0.013 -0.076
-0.017  0.112  0.028
 0.090  0.260  0.174
 0.037  0.172  0.109
 0.001  0.147  0.107
-0.042  0.087  0.057
-0.171 -0.013 -0.014
 0.030  0.172  0.132
 0.145  0.252  0.187
 0.032  0.136  0.098
 0.105  0.225  0.188
-0.045  0.038  0.005
-0.220 -0.114 -0.099
-0.035  0.123  0.101
-0.074  0.035  0.003
-0.022  0.084  0.046
 0.013  0.086  0.041
-0.109 -0.026 -0.093
-0.207 -0.174 -0.183
-0.084 -0.070 -0.119
-0.155 -0.150 -0.182
-0.013  0.020 -0.011
-0.081 -0.101 -0.135
-0.149 -0.144 -0.157
-0.207 -0.191 -0.209
-0.306 -0.258 -0.289
-0.052 -0.043 -0.096
-0.044 -0.104 -0.166
-0.145 -0.167 -0.213
-0.077 -0.058 -0.113
-0.324 -0.333 -0.360
-0.172 -0.164 -0.198
-0.079 -0.106 -0.162
-0.189 -0.185 -0.195
-0.041  0.009 -0.016
-0.146 -0.093 -0.110
-0.146 -0.096 -0.113
-0.094 -0.070 -0.121
-0.049  0.002 -0.038
 0.139  0.255  0.210
 0.075  0.213  0.196
 0.081  0.242  0.246
 0.075  0.199  0.194
-0.037  0.104  0.138
 0.090  0.258  0.260
 0.077  0.213  0.221
 0.127  0.272  0.277
 0.163  0.278  0.265
 0.079  0.207  0.151
 0.100  0.185  0.163
 0.116  0.132  0.089
 0.027  0.058  0.034
 0.078  0.141  0.119
-0.126 -0.118 -0.119
-0.213 -0.220 -0.207
 0.013  0.019 -0.019
 0.076  0.116  0.040
 0.071  0.067  0.034
 0.004 -0.076 -0.094
-0.253 -0.341 -0.307
-0.201 -0.242 -0.247
-0.051 -0.132 -0.184
-0.016 -0.074 -0.115
 0.053  0.068  0.008
-0.166 -0.139 -0.230
-0.231 -0.207 -0.312
-0.111 -0.066 -0.193
-0.092 -0.023 -0.125
 0.033  0.099 -0.000
 0.020  0.083 -0.024
-0.310 -0.194 -0.271
-0.264 -0.191 -0.281
-0.061  0.008 -0.119
 0.016  0.117 -0.047
 0.031  0.106 -0.019
-0.041 -0.005 -0.139
-0.199 -0.126 -0.221
 0.074  0.230  0.138
 0.111  0.247  0.172
 0.100  0.264  0.220
 0.149  0.330  0.265
-0.004  0.138  0.116
-0.030  0.111  0.095
 0.097  0.216  0.169
 0.091  0.241  0.222
 0.170  0.336  0.304
 0.118  0.239  0.216
 0.059  0.176  0.171
-0.106 -0.044 -0.035
-0.026  0.047  0.057
 0.093  0.180  0.157
 0.020  0.073  0.044
-0.058 -0.028 -0.043
-0.169 -0.181 -0.212
-0.079 -0.011 -0.092
 0.006  0.037 -0.014
 0.049  0.038 -0.026
-0.065 -0.036 -0.071
-0.118 -0.102 -0.119
-0.361 -0.406 -0.417
-0.110 -0.122 -0.166
-0.011 -0.034 -0.087
-0.121 -0.181 -0.217
-0.099 -0.151 -0.177
-0.207 -0.257 -0.288
-0.295 -0.282 -0.299
-0.061 -0.053 -0.087
 0.013 -0.016 -0.056
-0.144 -0.163 -0.175
-0.171 -0.190 -0.200
-0.386 -0.463 -0.480
-0.224 -0.270 -0.289
-0.031 -0.076 -0.081
-0.047 -0.142 -0.119
-0.048 -0.056 -0.018
-0.032  0.063 -0.000
-0.154 -0.026 -0.049
 0.034  0.200  0.175
 0.062  0.176  0.156
 0.040  0.169  0.159
 0.067  0.206  0.193
-0.068  0.046  0.065
-0.047  0.065  0.075
 0.171  0.281  0.260
 0.163  0.276  0.264
 0.142  0.267  0.291
 0.058  0.120  0.142
-0.172 -0.106 -0.029
-0.017  0.068  0.098
 0.023  0.048  0.059
-0.033 -0.004  0.013
 0.004  0.010  0.018
 0.027 -0.000 -0.008
-0.056 -0.102 -0.093
-0.065 -0.085 -0.075
-0.172 -0.211 -0.194
-0.196 -0.193 -0.163
 0.008 -0.014 -0.015
-0.070 -0.087 -0.053
 0.042  0.031  0.043
 0.020 -0.084 -0.099
-0.161 -0.243 -0.230
-0.159 -0.224 -0.240
-0.370 -0.472 -0.479
-0.336 -0.456 -0.420
-0.097 -0.287 -0.215
-0.112 -0.278 -0.247
-0.109 -0.218 -0.178
-0.046 -0.142 -0.170
-0.265 -0.372 -0.343
-0.307 -0.414 -0.389
-0.310 -0.323 -0.365
-0.067 -0.003 -0.143
 0.123  0.301  0.034
 0.077  0.291  0.138
 0.151  0.429  0.285
 0.074  0.280  0.210
 0.074  0.232  0.232
 0.045  0.096  0.083
-0.074 -0.006 -0.017
 0.043  0.152  0.146
 0.236  0.276  0.224
 0.158  0.252  0.211
 0.205  0.374  0.251
 0.162  0.324  0.241
 0.234  0.440  0.309
 0.299  0.560  0.360
 0.065  0.247  0.142
-0.105  0.001 -0.080
-0.174 -0.068 -0.119
 0.044  0.048  0.085
-0.005 -0.092  0.024
 0.079 -0.099  0.051
 0.090 -0.071  0.043
 0.058 -0.059  0.073
 0.082 -0.026  0.042
-0.194 -0.257 -0.146
-0.208 -0.233 -0.141
-0.154 -0.162 -0.110
 0.021  0.013  0.039
 0.161  0.096  0.073
 0.055  0.012  0.013
 0.154  0.121  0.099
 0.025 -0.020 -0.033
 0.024 -0.007 -0.020
-0.029 -0.044 -0.115
-0.243 -0.333 -0.335
-0.092 -0.181 -0.215
 0.027 -0.050 -0.067
 0.194  0.159  0.131
 0.139  0.096  0.083
 0.250  0.239  0.223
 0.187  0.191  0.178
 0.206  0.197  0.187
 0.159  0.131  0.127
 0.009  0.017  0.060
 0.001  0.028  0.083
 0.081  0.121  0.144
 0.210  0.259  0.271
 0.364  0.355  0.325
 0.254  0.251  0.242
 0.325  0.323  0.300
 0.225  0.219  0.206
 0.236  0.251  0.244
 0.054  0.110  0.111
-0.143 -0.179 -0.139
-0.017 -0.058 -0.073
 0.002 -0.020 -0.030
 0.153  0.135  0.096
 0.081  0.029  0.004
 0.167  0.139  0.105
 0.041 -0.017 -0.034
 0.025 -0.019 -0.028
-0.088 -0.123 -0.179
-0.192 -0.242 -0.232
-0.053 -0.142 -0.160
-0.011 -0.080 -0.090
 0.086  0.035  0.026
 0.112  0.071 -0.002
 0.100  0.038  0.016
 0.016 -0.056 -0.076
-0.117 -0.175 -0.172
-0.165 -0.202 -0.204
-0.234 -0.193 -0.192
-0.103 -0.071 -0.073
 0.041  0.030  0.003
-0.013  0.015  0.021
 0.079  0.115  0.112
 0.020  0.041  0.042
 0.106  0.173  0.174
 0.044  0.101  0.101
 0.004  0.064  0.090
-0.057 -0.025  0.003
-0.022  0.053  0.089
 0.136  0.204  0.213
 0.063  0.126  0.164
 0.152  0.225  0.252
 0.214  0.306  0.289
 0.174  0.230  0.250
 0.133  0.171  0.198
 0.062  0.124  0.182
 0.058  0.090  0.158
 0.088  0.155  0.191
 0.078  0.117  0.166
 0.081  0.073  0.105
 0.034  0.028  0.061
 0.130  0.073  0.060
 0.009 -0.035 -0.021
 0.064 -0.019 -0.001
-0.045 -0.130 -0.099
 0.063  0.003  0.046
 0.031  0.058  0.094
 0.015  0.025  0.076
-0.092 -0.116 -0.075
-0.249 -0.270 -0.207
-0.288 -0.314 -0.264
-0.179 -0.240 -0.221
-0.044 -0.137 -0.126
 0.049 -0.060 -0.098
-0.051 -0.131 -0.162
 0.060  0.097  0.002
-0.002  0.117  0.032
 0.016  0.142  0.101
 0.066  0.182  0.145
-0.026  0.106  0.091
 0.017  0.156  0.119
 0.092  0.160  0.113
 0.010  0.092  0.056
 0.090  0.129  0.061
 0.050  0.117  0.068
 0.126  0.152  0.080
-0.077  0.004 -0.007
-0.119  0.006  0.025
-0.114  0.043  0.071
-0.005  0.149  0.180
 0.133  0.242  0.228
 0.039  0.152  0.157
 0.140  0.228  0.204
 0.105  0.167  0.152
 0.192  0.261  0.241
 0.142  0.199  0.194
 0.163  0.233  0.238
 0.079  0.150  0.170
 0.105  0.151  0.168
 0.114  0.107  0.112
 0.032  0.038  0.057
 0.101  0.062  0.054
-0.175 -0.209 -0.179
-0.250 -0.287 -0.259
-0.229 -0.291 -0.285
-0.101 -0.175 -0.169
 0.029 -0.089 -0.121
-0.039 -0.145 -0.155
 0.084 -0.026 -0.064
 0.036 -0.077 -0.117
 0.059 -0.054 -0.095
-0.156 -0.216 -0.249
-0.105 -0.204 -0.224
 0.063 -0.070 -0.130
 0.077 -0.018 -0.031
 0.142  0.112  0.117
 0.086  0.067  0.085
 0.116  0.123  0.164
 0.037  0.004  0.105
 0.018 -0.047  0.052
 0.132 -0.017  0.063
 0.124 -0.025  0.073
 0.245  0.177  0.191
 0.173  0.205  0.134
 0.225  0.345  0.251
 0.093  0.193  0.129
 0.013  0.117  0.077
-0.174 -0.145 -0.165
-0.088 -0.024 -0.023
 0.070  0.157  0.150
 0.061  0.163  0.171
 0.134  0.232  0.220
 0.099  0.151  0.167
 0.040 -0.001  0.117
 0.078 -0.059  0.056
-0.020 -0.139  0.013
 0.116 -0.036  0.132
 0.063 -0.040  0.111
 0.109  0.090  0.209
 0.086  0.063  0.175
 0.060  0.025  0.152
 0.143  0.085  0.169
 0.004 -0.045  0.072
 0.060  0.065  0.238
 0.033  0.058  0.316
 0.116  0.175  0.361
 0.173  0.159  0.276
 0.031 -0.031  0.097
 0.070  0.029  0.142
-0.009 -0.063  0.031
 0.055  0.068  0.076
 0.019  0.061  0.035
 0.009  0.120  0.048
-0.015  0.111  0.023
-0.052  0.087  0.029
 0.009  0.067  0.013
-0.050 -0.039 -0.037
 0.002  0.002 -0.005
 0.116  0.178  0.158
-0.016 -0.020  0.024
 0.027 -0.009  0.018
 0.018  0.041  0.070
 0.079  0.088  0.102
 0.150  0.150  0.129
 0.142  0.140  0.150
 0.119  0.153  0.148
 0.060  0.102  0.110
 0.105  0.132  0.110
 0.090  0.165  0.155
 0.109  0.187  0.140
 0.023  0.169  0.135
-0.020  0.066  0.030
-0.021  0.006 -0.039
-0.043 -0.042 -0.026
 0.022  0.006  0.004
 0.012  0.040  0.033
-0.021 -0.059 -0.041
-0.089 -0.156 -0.140
-0.258 -0.286 -0.234
-0.154 -0.149 -0.122
-0.013  0.054  0.039
-0.004  0.000  0.009
 0.001  0.003  0.006
-0.010  0.011  0.023
-0.027 -0.033 -0.024
-0.110 -0.105 -0.080
-0.006  0.003 -0.032
-0.086 -0.075 -0.109
-0.043 -0.055 -0.090
-0.040 -0.062 -0.098
-0.097 -0.109 -0.129
-0.031 -0.044 -0.067
 0.006 -0.000 -0.022
-0.003  0.002 -0.004
 0.020 -0.005 -0.028
-0.074 -0.088 -0.096
-0.106 -0.125 -0.149
-0.049  0.001 -0.061
-0.047 -0.061 -0.095
-0.006 -0.054 -0.096
-0.049 -0.081 -0.108
 0.023 -0.037 -0.097
-0.085 -0.125 -0.158
 0.042  0.028 -0.006
 0.080  0.064  0.020
 0.066  0.048  0.008
 0.077  0.010 -0.055
-0.033 -0.076 -0.107
 0.030  0.014 -0.026
-0.008 -0.027 -0.039
 0.043  0.029  0.021
-0.003  0.028  0.001
-0.065 -0.098 -0.093
-0.036 -0.093 -0.109
-0.041 -0.063 -0.061
 0.035  0.015  0.024
 0.080  0.053  0.015
-0.028 -0.065 -0.065
-0.077 -0.141 -0.143
-0.037 -0.066 -0.070
 0.077  0.042  0.003
-0.021 -0.052 -0.071
-0.032 -0.060 -0.073
-0.139 -0.196 -0.195
-0.060 -0.086 -0.096
 0.061 -0.016 -0.055
-0.009 -0.059 -0.062
 0.001 -0.035 -0.038
-0.125 -0.194 -0.188
-0.115 -0.146 -0.139
-0.071 -0.117 -0.121
-0.055 -0.079 -0.077
 0.055  0.026 -0.008
-0.075 -0.119 -0.113
-0.083 -0.109 -0.085
-0.073 -0.111 -0.108
-0.053 -0.074 -0.076
 0.024 -0.046 -0.075
-0.088 -0.135 -0.134
-0.106 -0.158 -0.149
-0.147 -0.244 -0.257
-0.101 -0.122 -0.109
-0.080 -0.143 -0.132
-0.079 -0.127 -0.109
-0.012 -0.101 -0.120
-0.172 -0.270 -0.257
-0.071 -0.104 -0.101
-0.050 -0.123 -0.136
 0.001 -0.056 -0.063
 0.049 -0.063 -0.096
-0.120 -0.224 -0.222
-0.113 -0.185 -0.175
-0.103 -0.165 -0.165
 0.002 -0.055 -0.049
 0.019 -0.080 -0.087
-0.025 -0.103 -0.098
-0.046 -0.165 -0.179
-0.267 -0.383 -0.373
-0.033 -0.080 -0.085
-0.097 -0.191 -0.192
-0.021 -0.096 -0.103
-0.096 -0.236 -0.253
-0.288 -0.417 -0.401
-0.288 -0.392 -0.370
-0.194 -0.274 -0.259
-0.038 -0.115 -0.109
-0.050 -0.183 -0.203
-0.352 -0.502 -0.476
-0.415 -0.572 -0.540
-0.248 -0.409 -0.399
-0.086 -0.207 -0.211
-0.013 -0.142 -0.157
-0.342 -0.501 -0.468
-0.473 -0.630 -0.596
-0.438 -0.522 -0.512
-0.054 -0.141 -0.163
-0.014 -0.142 -0.184
 0.004 -0.085 -0.122
-0.089 -0.208 -0.255
-0.424 -0.532 -0.540
-0.213 -0.264 -0.287
-0.104 -0.206 -0.238
-0.025 -0.096 -0.132
 0.001 -0.088 -0.132
-0.300 -0.387 -0.380
-0.323 -0.383 -0.377
-0.197 -0.258 -0.266
-0.007 -0.052 -0.080
 0.063 -0.018 -0.059
-0.100 -0.154 -0.163
-0.153 -0.184 -0.187
-0.333 -0.378 -0.372
-0.032 -0.032 -0.045
 0.082  0.041  0.018
 0.041  0.058  0.063
 0.084  0.135  0.144
-0.097 -0.086 -0.091
-0.072 -0.027 -0.009
 0.057  0.077  0.084
 0.104  0.131  0.162
 0.192  0.196  0.210
-0.014  0.010  0.057
-0.036 -0.005  0.044
 0.063  0.130  0.124
 0.162  0.207  0.257
 0.102  0.100  0.153
 0.073  0.106  0.163
-0.031 -0.010  0.049
-0.209 -0.165 -0.128
 0.048  0.072  0.107
 0.035  0.015  0.034
 0.044  0.061  0.096
 0.049  0.085  0.121
-0.237 -0.231 -0.169
-0.088 -0.044 -0.000
-0.022 -0.009  0.011
 0.083  0.107  0.125
 0.138  0.124  0.130
-0.111 -0.109 -0.060
-0.171 -0.166 -0.107
 0.020  0.079  0.048
 0.105  0.125  0.142
 0.081  0.079  0.093
 0.080  0.118  0.142
 0.016  0.018  0.027
-0.286 -0.278 -0.238
 0.016  0.077  0.087
 0.034  0.074  0.078
 0.112  0.175  0.170
 0.186  0.288  0.286
 0.180  0.269  0.268
 0.228  0.327  0.354
 0.230  0.320  0.369
-0.070 -0.023  0.051
-0.005  0.091  0.144
-0.085  0.065  0.050
 0.168  0.358  0.317
 0.308  0.465  0.411
 0.201  0.378  0.356
 0.291  0.501  0.470
 0.151  0.320  0.294
 0.163  0.330  0.290
 0.068  0.240  0.141
-0.295 -0.230 -0.253
-0.645 -0.627 -0.646
-0.215 -0.122 -0.146
 0.097  0.208  0.158
 0.064  0.172  0.134
 0.178  0.265  0.218
 0.112  0.175  0.137
 0.121  0.221  0.183
 0.025  0.065  0.028
-0.171 -0.097 -0.107
-0.096  0.006 -0.008
-0.075  0.013  0.004
 0.165  0.289  0.254
 0.120  0.262  0.211
 0.175  0.267  0.227
-0.036  0.034  0.008
-0.159 -0.091 -0.103
-0.310 -0.321 -0.333
-0.554 -0.533 -0.523
-0.313 -0.226 -0.214
-0.080 -0.018 -0.034
 0.080  0.162  0.154
 0.208  0.244  0.219
 0.115  0.187  0.182
 0.129  0.162  0.132
-0.086 -0.039 -0.033
-0.174 -0.154 -0.156
-0.527 -0.555 -0.519
-0.264 -0.190 -0.165
-0.056 -0.009 -0.009
 0.077  0.154  0.162
 0.295  0.399  0.379
 0.227  0.319  0.322
 0.365  0.449  0.418
 0.200  0.277  0.277
 0.212  0.290  0.293
-0.138 -0.118 -0.073
-0.182 -0.150 -0.109
-0.115 -0.085 -0.064
 0.003  0.059  0.076
 0.171  0.244  0.228
 0.090  0.133  0.139
 0.217  0.223  0.198
 0.139  0.172  0.180
 0.203  0.193  0.177
 0.127  0.143  0.139
 0.127  0.104  0.087
-0.251 -0.285 -0.243
-0.352 -0.385 -0.323
-0.362 -0.390 -0.325
-0.136 -0.123 -0.076
 0.050  0.055  0.073
 0.021  0.011  0.026
 0.141  0.183  0.171
 0.048  0.052  0.046
 0.155  0.193  0.180
-0.044  0.007  0.028
-0.129 -0.088 -0.064
-0.449 -0.500 -0.439
-0.251 -0.233 -0.192
-0.171 -0.147 -0.168
 0.017  0.116  0.072
 0.040  0.058  0.039
 0.089  0.123  0.120
 0.133  0.114  0.115
 0.095  0.151  0.143
 0.079  0.166  0.067
-0.125  0.035 -0.088
-0.105  0.042 -0.056
-0.053  0.079  0.047
 0.152  0.249  0.292
 0.114  0.228  0.272
 0.174  0.290  0.312
 0.112  0.199  0.236
 0.196  0.260  0.287
 0.163  0.151  0.204
 0.165  0.158  0.268
 0.059  0.044  0.159
-0.022 -0.051  0.069
 0.170  0.154  0.205
 0.102  0.085  0.180
 0.203  0.217  0.263
 0.093  0.078  0.141
 0.199  0.175  0.223
 0.088  0.031  0.079
 0.172  0.144  0.176
-0.021 -0.076 -0.028
-0.170 -0.246 -0.190
-0.423 -0.493 -0.434
-0.105 -0.194 -0.161
-0.077 -0.192 -0.174
-0.030 -0.104 -0.075
-0.008 -0.124 -0.107
-0.019 -0.096 -0.060
 0.080 -0.034 -0.026
 0.015 -0.041 -0.038
 0.085 -0.044 -0.071
-0.161 -0.273 -0.243
-0.189 -0.245 -0.245
-0.319 -0.319 -0.362
-0.094 -0.050 -0.129
-0.016  0.033 -0.045
 0.083  0.148  0.073
 0.126  0.185  0.102
 0.138  0.227  0.167
 0.204  0.263  0.188
 0.110  0.219  0.182
 0.117  0.208  0.171
-0.067  0.005  0.020
 0.153  0.208  0.237
 0.251  0.252  0.252
 0.247  0.239  0.292
 0.270  0.294  0.355
 0.259  0.246  0.326
 0.263  0.283  0.389
 0.279  0.244  0.346
 0.267  0.208  0.307
 0.277  0.293  0.310
 0.230  0.215  0.203
 0.167  0.160  0.168
 0.223  0.174  0.161
 0.069  0.027  0.053
 0.110  0.091  0.109
-0.019 -0.084 -0.056
 0.083  0.010  0.006
 0.098  0.060  0.004
 0.082 -0.007 -0.019
-0.017 -0.127 -0.121
-0.132 -0.220 -0.210
-0.326 -0.454 -0.450
-0.282 -0.403 -0.385
-0.066 -0.171 -0.164
-0.141 -0.267 -0.236
-0.016 -0.105 -0.084
-0.091 -0.161 -0.137
-0.037 -0.064 -0.053
-0.190 -0.212 -0.191
-0.217 -0.250 -0.212
-0.061 -0.127 -0.115
-0.033 -0.063 -0.037
 0.107  0.088  0.099
 0.031 -0.021  0.012
 0.143  0.125  0.162
 0.026 -0.015  0.032
 0.121  0.123  0.148
 0.152  0.119  0.117
 0.183  0.168  0.184
 0.170  0.142  0.160
 0.195  0.190  0.218
 0.239  0.204  0.213
 0.151  0.144  0.189
 0.210  0.226  0.267
 0.111  0.110  0.163
 0.150  0.174  0.226
 0.006  0.014  0.078
-0.095 -0.098 -0.026
-0.013 -0.054 -0.023
 0.008 -0.038  0.001
 0.138  0.103  0.130
 0.029 -0.040  0.020
 0.053 -0.039  0.074
-0.054 -0.146 -0.065
-0.320 -0.474 -0.296
-0.252 -0.439 -0.275
-0.120 -0.389 -0.188
 0.061 -0.220 -0.014
-0.030 -0.335 -0.078
 0.080 -0.128  0.069
-0.088 -0.230 -0.073
-0.075 -0.289 -0.100
-0.059 -0.321 -0.161
-0.086 -0.345 -0.159
 0.030 -0.192 -0.063
-0.135 -0.352 -0.202
-0.187 -0.365 -0.221
-0.442 -0.599 -0.444
-0.354 -0.535 -0.386
-0.097 -0.277 -0.212
-0.043 -0.147 -0.107
 0.102  0.075  0.090
 0.030  0.090  0.011
 0.098  0.205  0.133
-0.172 -0.110 -0.151
-0.028  0.073  0.029
-0.048  0.001 -0.037
 0.099  0.193  0.134
 0.052  0.183  0.134
 0.109  0.222  0.168
 0.062  0.150  0.094
-0.004  0.102  0.072
 0.164  0.292  0.231
 0.100  0.196  0.141
 0.168  0.264  0.206
 0.190  0.297  0.198
 0.042  0.072  0.041
-0.182 -0.185 -0.204
-0.309 -0.311 -0.334
-0.157 -0.195 -0.266
-0.146 -0.189 -0.242
-0.005 -0.002 -0.091
-0.103 -0.132 -0.229
-0.047 -0.038 -0.168
-0.281 -0.260 -0.334
-0.225 -0.205 -0.300
-0.079 -0.130 -0.244
-0.084 -0.134 -0.213
 0.034  0.031 -0.044
-0.073 -0.120 -0.170
-0.079 -0.115 -0.141
-0.280 -0.336 -0.344
-0.130 -0.179 -0.204
-0.035 -0.123 -0.134
-0.043 -0.099 -0.093
 0.122  0.088  0.093
-0.046 -0.126 -0.050
-0.041 -0.063  0.028
-0.071 -0.095 -0.046
 0.016 -0.001  0.095
 0.014 -0.067  0.036
 0.090  0.019  0.144
 0.142  0.116  0.197
 0.120  0.123  0.201
 0.138  0.204  0.261
 0.022  0.028  0.089
 0.077  0.122  0.200
 0.093  0.136  0.202
 0.055  0.097  0.185
 0.103  0.198  0.268
 0.020  0.104  0.193
 0.016  0.043  0.126
 0.002 -0.017  0.044
-0.016 -0.077  0.022
-0.029 -0.158 -0.056
-0.036 -0.141 -0.028
-0.040 -0.164 -0.098
-0.319 -0.411 -0.347
-0.388 -0.468 -0.429
-0.483 -0.578 -0.499
-0.423 -0.504 -0.451
-0.141 -0.170 -0.149
-0.285 -0.312 -0.296
-0.272 -0.325 -0.280
-0.212 -0.176 -0.187
-0.432 -0.457 -0.434
-0.610 -0.557 -0.561
-0.330 -0.153 -0.210
-0.309 -0.168 -0.248
-0.029  0.182  0.026
-0.128  0.146 -0.116
-0.006  0.300  0.037
-0.296  0.004 -0.224
-0.334 -0.016 -0.234
-0.526 -0.227 -0.418
-0.125  0.241  0.034
-0.033  0.242  0.027
 0.060  0.340  0.132
 0.179  0.420  0.201
 0.122  0.413  0.231
 0.192  0.457  0.265
-0.004  0.272  0.135
 0.057  0.347  0.203
 0.185  0.475  0.293
 0.268  0.552  0.366
 0.214  0.465  0.266
 0.137  0.387  0.196
 0.089  0.287  0.088
-0.121  0.063 -0.119
 0.020  0.188 -0.036
 0.027  0.141 -0.094
 0.027  0.132 -0.055
 0.015  0.091 -0.090
 0.025  0.153 -0.011
 0.163  0.331  0.176
 0.097  0.216  0.082
 0.152  0.299  0.147
-0.088  0.001 -0.138
-0.027  0.105 -0.059
-0.088  0.011 -0.134
 0.016  0.162  0.049
-0.097  0.003 -0.104
-0.028  0.092 -0.000
-0.195 -0.147 -0.185
-0.173 -0.123 -0.134
-0.033 -0.042 -0.068
-0.073 -0.072 -0.071
 0.065  0.128  0.102
-0.107 -0.028 -0.058
-0.114 -0.054 -0.093
-0.135 -0.094 -0.123
-0.036  0.042  0.018
 0.125  0.218  0.163
-0.003  0.069  0.036
 0.149  0.211  0.173
 0.032  0.110  0.131
 0.110  0.159  0.143
-0.040 -0.005  0.040
 0.152  0.231  0.249
 0.059  0.089  0.117
 0.153  0.172  0.183
 0.196  0.209  0.201
 0.096  0.082  0.130
-0.103 -0.175 -0.084
-0.019 -0.105 -0.000
 0.086 -0.091  0.020
-0.005 -0.166 -0.025
 0.112 -0.041  0.113
-0.032 -0.204 -0.032
-0.087 -0.276 -0.113
-0.145 -0.318 -0.165
 0.041 -0.172 -0.040
 0.021 -0.157 -0.041
 0.079 -0.094  0.023
-0.030 -0.237 -0.102
-0.162 -0.381 -0.214
-0.233 -0.531 -0.347
-0.264 -0.654 -0.388
-0.105 -0.558 -0.270
-0.097 -0.675 -0.339
-0.105 -0.616 -0.284
 0.028 -0.458 -0.153
-0.143 -0.584 -0.295
-0.130 -0.531 -0.305
-0.221 -0.541 -0.333
-0.017 -0.363 -0.141
 0.095 -0.185 -0.054
 0.044 -0.212 -0.055
-0.029 -0.263 -0.113
-0.016 -0.182 -0.009
 0.219  0.121  0.219
 0.089 -0.026  0.124
 0.174  0.106  0.241
 0.132  0.082  0.200
 0.040 -0.046  0.127
 0.127  0.095  0.206
 0.246  0.300  0.323
 0.158  0.213  0.246
 0.132  0.091  0.162
 0.098 -0.003  0.106
 0.001 -0.193 -0.091
-0.143 -0.325 -0.222
 0.099 -0.037  0.015
 0.081  0.023  0.043
 0.145  0.025  0.057
 0.069 -0.065 -0.036
-0.007 -0.124 -0.093
-0.129 -0.314 -0.277
-0.111 -0.259 -0.230
 0.059  0.059 -0.043
-0.048 -0.009 -0.114
-0.021 -0.047 -0.119
-0.255 -0.386 -0.384
-0.088 -0.234 -0.220
-0.032 -0.177 -0.159
 0.067 -0.037 -0.028
 0.089 -0.040 -0.058
-0.258 -0.334 -0.353
-0.259 -0.290 -0.305
-0.371 -0.421 -0.414
-0.345 -0.355 -0.345
-0.198 -0.174 -0.172
-0.224 -0.224 -0.240
-0.073 -0.030 -0.051
 0.189  0.247  0.194
 0.004  0.049  0.030
 0.153  0.263  0.220
 0.131  0.161  0.132
 0.146  0.232  0.201
 0.182  0.311  0.214
 0.059  0.178  0.120
 0.035  0.177  0.112
 0.173  0.293  0.220
 0.157  0.259  0.185
 0.244  0.429  0.308
 0.177  0.315  0.174
 0.122  0.309  0.141
-0.056  0.102 -0.094
 0.058  0.308  0.074
 0.128  0.325  0.090
 0.100  0.270  0.094
 0.153  0.135 -0.005
-0.042 -0.175 -0.159
-0.093 -0.228 -0.190
-0.102 -0.093 -0.094
 0.159  0.234  0.192
 0.128  0.277  0.180
 0.162  0.283  0.180
 0.041  0.190  0.078
-0.031  0.037 -0.036
-0.095 -0.001 -0.067
 0.095  0.164  0.083
 0.139  0.251  0.126
 0.086  0.158  0.083
 0.097  0.178  0.057
-0.100 -0.068 -0.125
-0.312 -0.284 -0.317
-0.026 -0.010 -0.079
-0.008  0.008 -0.073
 0.066  0.114  0.038
 0.065  0.081  0.005
 0.016  0.080  0.019
-0.080 -0.046 -0.113
 0.034  0.123  0.065
 0.218  0.290  0.204
 0.117  0.222  0.173
 0.214  0.357  0.299
 0.069  0.188  0.146
 0.139  0.293  0.242
 0.216  0.420  0.299
 0.203  0.343  0.280
 0.153  0.323  0.263
 0.193  0.321  0.261
 0.152  0.371  0.264
 0.066  0.282  0.155
-0.083  0.055 -0.047
 0.061  0.210  0.100
 0.071  0.175  0.049
 0.047  0.176  0.066
 0.141  0.255  0.111
-0.142 -0.057 -0.155
-0.167 -0.082 -0.176
-0.146 -0.072 -0.171
 0.086  0.188  0.078
 0.012  0.084 -0.018
 0.134  0.226  0.125
-0.083 -0.051 -0.125
-0.165 -0.123 -0.185
-0.486 -0.423 -0.476
-0.399 -0.339 -0.405
-0.198 -0.183 -0.293
-0.116 -0.077 -0.177
 0.035  0.119  0.001
-0.121 -0.090 -0.160
-0.159 -0.199 -0.209
-0.461 -0.534 -0.497
-0.098 -0.143 -0.138
-0.135 -0.218 -0.203
 0.020 -0.014 -0.017
-0.095 -0.141 -0.138
-0.110 -0.139 -0.143
-0.426 -0.452 -0.417
-0.176 -0.225 -0.202
-0.017 -0.094 -0.084
 0.068  0.064  0.092
 0.191  0.172  0.191
 0.016  0.036  0.091
 0.041  0.064  0.094
 0.011  0.071  0.121
 0.173  0.280  0.318
 0.087  0.169  0.226
 0.221  0.321  0.338
 0.051  0.146  0.177
 0.083  0.209  0.163
-0.220 -0.198 -0.122
 0.071  0.042  0.172
 0.044  0.146  0.238
 0.116  0.266  0.293
 0.112  0.180  0.217
 0.014  0.087  0.127
-0.085 -0.117 -0.072
-0.112 -0.173 -0.091
 0.136  0.054  0.058
 0.061 -0.007  0.040
 0.220  0.148  0.182
 0.018 -0.045  0.028
-0.038 -0.050  0.015
-0.101 -0.145 -0.086
 0.076  0.060  0.116
 0.004  0.031  0.072
 0.073  0.072  0.115
-0.035 -0.078 -0.021
-0.110 -0.124 -0.076
-0.092 -0.086 -0.070
-0.007  0.041  0.070
 0.113 -0.006  0.052
-0.011 -0.057 -0.047
-0.065  0.023 -0.140
-0.263 -0.201 -0.283
-0.093 -0.125 -0.160
-0.081 -0.080 -0.123
 0.105  0.170  0.100
 0.038  0.244  0.108
 0.087  0.281  0.132
 0.030  0.194  0.032
 0.084  0.273  0.124
 0.307  0.525  0.330
 0.202  0.425  0.255
 0.317  0.576  0.409
 0.135  0.353  0.223
 0.116  0.355  0.224
 0.121  0.333  0.166
 0.160  0.332  0.218
 0.119  0.258  0.152
 0.180  0.321  0.219
 0.103  0.189  0.093
 0.006  0.106  0.025
 0.105  0.180  0.077
 0.075  0.159  0.093
 0.222  0.345  0.266
 0.097  0.177  0.111
 0.087  0.167  0.103
-0.231 -0.156 -0.202
-0.096 -0.050 -0.113
-0.043 -0.051 -0.114
 0.003  0.016 -0.020
 0.112  0.085  0.043
-0.149 -0.159 -0.160
-0.206 -0.197 -0.209
-0.190 -0.201 -0.203
 0.087  0.101  0.089
 0.003 -0.001  0.001
 0.079  0.107  0.090
-0.008  0.039 -0.041
-0.239 -0.274 -0.287
-0.171 -0.215 -0.244
-0.043 -0.061 -0.084
 0.126  0.085  0.026
 0.035  0.023 -0.012
 0.086  0.133  0.088
-0.057 -0.006 -0.090
-0.127 -0.090 -0.110
 0.019  0.052 -0.016
 0.005  0.051 -0.013
 0.051  0.123  0.079
 0.214  0.278  0.221
 0.196  0.265  0.210
 0.217  0.333  0.307
 0.010  0.103  0.097
-0.149 -0.071 -0.051
 0.012  0.105  0.096
 0.134  0.182  0.224
 0.125  0.139  0.206
 0.171  0.236  0.301
 0.077  0.103  0.175
-0.106 -0.071  0.018
 0.164  0.209  0.255
 0.125  0.166  0.249
 0.262  0.331  0.388
 0.149  0.173  0.251
 0.168  0.132  0.216
-0.267 -0.348 -0.214
-0.033 -0.083 -0.001
-0.029 -0.105 -0.018
 0.148  0.073  0.152
 0.027 -0.072  0.033
-0.007 -0.100 -0.004
-0.305 -0.403 -0.289
-0.326 -0.433 -0.318
-0.021 -0.136 -0.088
-0.026 -0.151 -0.085
 0.108 -0.026  0.040
 0.005 -0.130 -0.056
 0.029 -0.110 -0.057
-0.260 -0.399 -0.306
-0.007 -0.119 -0.069
-0.054 -0.123 -0.096
 0.095  0.056  0.061
-0.073 -0.103 -0.082
-0.135 -0.172 -0.134
-0.206 -0.235 -0.226
 0.009 -0.046 -0.006
 0.122  0.141  0.139
 0.191  0.156  0.196
 0.335  0.392  0.361
 0.233  0.290  0.331
 0.240  0.367  0.356
 0.189  0.282  0.349
 0.208  0.353  0.436
 0.311  0.463  0.518
 0.316  0.451  0.511
 0.334  0.518  0.532
 0.169  0.343  0.380
 0.210  0.359  0.409
 0.256  0.397  0.426
 0.335  0.482  0.493
 0.269  0.412  0.420
 0.227  0.350  0.381
 0.113  0.246  0.246
 0.193  0.286  0.327
 0.241  0.363  0.376
 0.255  0.306  0.329
 0.165  0.256  0.236
 0.137  0.176  0.160
-0.033  0.020 -0.018
 0.023  0.098  0.025
 0.030  0.114  0.010
 0.076  0.138  0.053
 0.067  0.083  0.014
 0.093  0.116  0.051
 0.060  0.053 -0.020
 0.100  0.103  0.008
 0.062  0.029 -0.073
 0.042  0.014 -0.100
 0.003 -0.064 -0.189
-0.059 -0.085 -0.214
-0.144 -0.172 -0.321
-0.376 -0.355 -0.494
-0.170 -0.137 -0.311
-0.132 -0.124 -0.266
 0.090  0.099 -0.031
 0.033  0.037 -0.067
 0.164  0.154  0.032
 0.030  0.043 -0.000
 0.080  0.095  0.064
 0.017  0.082  0.128
 0.173  0.247  0.294
 0.045  0.134  0.226
 0.127  0.247  0.332
 0.020  0.131  0.240
 0.028  0.163  0.271
-0.044  0.047  0.190
 0.184  0.272  0.377
 0.183  0.280  0.375
 0.283  0.370  0.433
 0.161  0.209  0.286
 0.074  0.097  0.171
-0.168 -0.142 -0.055
-0.020 -0.034  0.039
-0.015 -0.062  0.010
 0.020  0.014  0.078
 0.141  0.118  0.150
-0.029 -0.042  0.045
-0.019 -0.003  0.079
-0.241 -0.247 -0.164
-0.038 -0.007  0.036
 0.139  0.198  0.144
-0.001  0.098  0.046
 0.031  0.232  0.097
-0.184 -0.047 -0.122
-0.215 -0.086 -0.153
-0.385 -0.280 -0.315
-0.110  0.066  0.008
-0.111  0.031 -0.025
-0.090  0.048 -0.010
 0.020  0.149  0.031
-0.061  0.096 -0.009
 0.038  0.207  0.124
-0.112 -0.015 -0.054
-0.159 -0.076 -0.079
 0.014  0.168  0.126
 0.033  0.073  0.143
 0.113  0.162  0.210
 0.143  0.218  0.268
 0.177  0.202  0.227
-0.032  0.028  0.068
 0.129  0.243  0.230
-0.016  0.019  0.007
 0.142  0.189  0.117
 0.008  0.041  0.002
 0.044  0.063  0.004
-0.272 -0.301 -0.347
-0.268 -0.283 -0.345
-0.182 -0.173 -0.259
-0.001  0.067 -0.023
-0.030  0.015 -0.059
 0.062  0.126  0.072
-0.014 -0.069 -0.036
 0.002 -0.078 -0.004
-0.015 -0.132 -0.056
 0.105  0.045  0.139
-0.007 -0.128 -0.031
 0.019 -0.052  0.046
-0.176 -0.330 -0.230
-0.195 -0.323 -0.233
-0.221 -0.367 -0.279
-0.071 -0.177 -0.097
-0.114 -0.265 -0.183
-0.026 -0.128 -0.058
-0.161 -0.307 -0.233
-0.156 -0.274 -0.210
-0.274 -0.465 -0.368
-0.133 -0.365 -0.217
-0.145 -0.372 -0.266
-0.006 -0.154 -0.082
-0.107 -0.277 -0.214
-0.086 -0.259 -0.153
-0.208 -0.455 -0.312
 0.004 -0.185 -0.017
 0.006 -0.194 -0.020
 0.094 -0.052  0.094
 0.106 -0.052  0.058
-0.037 -0.220 -0.052
-0.131 -0.342 -0.176
-0.028 -0.233 -0.068
 0.003 -0.238 -0.085
 0.013 -0.219 -0.048
-0.060 -0.319 -0.153
-0.159 -0.380 -0.218
-0.183 -0.388 -0.291
-0.091 -0.245 -0.188
-0.068 -0.298 -0.247
-0.024 -0.235 -0.115
-0.088 -0.315 -0.205
-0.382 -0.501 -0.431
-0.223 -0.266 -0.252
-0.193 -0.258 -0.240
-0.018 -0.086 -0.065
-0.051 -0.162 -0.127
-0.069 -0.172 -0.153
-0.249 -0.305 -0.336
-0.256 -0.354 -0.376
-0.208 -0.315 -0.371
-0.094 -0.144 -0.244
-0.107 -0.163 -0.325
-0.285 -0.282 -0.467
-0.282 -0.327 -0.498
-0.603 -0.703 -0.818
-0.242 -0.312 -0.431
-0.289 -0.408 -0.468
-0.164 -0.330 -0.339
-0.287 -0.506 -0.485
-0.265 -0.421 -0.436
-0.516 -0.632 -0.635
-0.645 -0.800 -0.790
-0.368 -0.470 -0.450
-0.192 -0.247 -0.252
 0.026 -0.099  0.007
 0.005 -0.170 -0.085
 0.179  0.073  0.078
-0.015  0.041 -0.025
 0.056  0.039  0.022
-0.234 -0.341 -0.280
 0.013 -0.042  0.008
-0.005 -0.114 -0.047
 0.176  0.094  0.140
 0.071  0.006  0.063
 0.071  0.040  0.087
-0.083 -0.146 -0.084
-0.305 -0.344 -0.256
-0.201 -0.253 -0.186
-0.184 -0.223 -0.145
 0.055  0.016  0.062
-0.064 -0.153 -0.096
 0.058 -0.005  0.027
-0.104 -0.205 -0.159
-0.129 -0.209 -0.201
-0.456 -0.560 -0.522
-0.270 -0.339 -0.339
-0.071 -0.148 -0.191
 0.076 -0.014 -0.035
 0.052 -0.055 -0.066
 0.097  0.012  0.009
 0.186  0.136  0.109
 0.102  0.004 -0.012
 0.138  0.050  0.037
 0.047 -0.039 -0.054
 0.034 -0.012 -0.040
-0.161 -0.217 -0.247
 0.095  0.066  0.031
 0.087  0.043  0.022
 0.194  0.185  0.139
 0.144  0.118  0.081
 0.182  0.172  0.143
 0.104  0.073  0.035
-0.031 -0.032 -0.060
-0.054 -0.073 -0.123
 0.029  0.041  0.013
 0.298  0.354  0.302
 0.229  0.275  0.237
 0.331  0.404  0.369
 0.199  0.261  0.243
 0.208  0.294  0.270
-0.080 -0.028 -0.029
-0.046  0.030  0.023
-0.009  0.058  0.053
 0.175  0.222  0.207
 0.152  0.200  0.188
 0.202  0.261  0.251
 0.152  0.231  0.234
 0.153  0.211  0.210
-0.086 -0.057 -0.052
-0.291 -0.271 -0.260
-0.195 -0.174 -0.200
-0.192 -0.152 -0.163
 0.041  0.065  0.022
-0.042 -0.062 -0.085
 0.094  0.103  0.054
-0.025 -0.038 -0.064
 0.016  0.048  0.011
-0.250 -0.224 -0.243
-0.178 -0.150 -0.177
-0.128 -0.143 -0.173
 0.037  0.006 -0.033
-0.072 -0.115 -0.150
 0.030 -0.009 -0.039
 0.006  0.021 -0.055
-0.140 -0.152 -0.179
-0.368 -0.352 -0.368
-0.476 -0.484 -0.487
-0.354 -0.363 -0.391
-0.214 -0.190 -0.198
 0.072  0.067  0.031
 0.008  0.009  0.002
 0.123  0.101  0.081
 0.097  0.151  0.144
 0.075  0.125  0.111
-0.015  0.093  0.091
-0.073 -0.010 -0.033
 0.034  0.138  0.130
 0.268  0.330  0.302
 0.156  0.209  0.221
 0.266  0.367  0.393
 0.185  0.280  0.326
 0.265  0.413  0.451
 0.112  0.252  0.297
 0.122  0.278  0.317
 0.003  0.128  0.176
 0.200  0.333  0.350
 0.104  0.175  0.210
 0.198  0.265  0.281
 0.115  0.197  0.239
 0.151  0.261  0.282
-0.062  0.021  0.059
-0.064  0.002  0.021
-0.215 -0.159 -0.139
 0.006  0.054  0.053
 0.041  0.037  0.018
 0.066  0.076  0.063
 0.049  0.108  0.085
 0.117  0.113  0.093
 0.049  0.039  0.014
 0.073  0.061  0.049
